1, 329.120, 24.880, 6
2, 349.990, 24.880, 6
3, 370.860, 24.880, 6
4, 391.730, 24.880, 6
5, 412.600, 24.880, 6
6, 433.470, 24.880, 2
7, 454.340, 24.880, 2
8, 475.210, 24.880, 2
9, 496.080, 24.880, 2
10, 266.510, 33.380, 6
11, 287.380, 33.380, 6
12, 308.250, 33.380, 6
13, 329.120, 33.380, 6
14, 349.990, 33.380, 6
15, 370.860, 33.380, 6
16, 391.730, 33.380, 6
17, 412.600, 33.380, 6
18, 433.470, 33.380, 2
19, 454.340, 33.380, 2
20, 475.210, 33.380, 2
21, 496.080, 33.380, 2
22, 516.950, 33.380, 2
23, 537.820, 33.380, 2
24, 558.690, 33.380, 2
25, 579.560, 33.380, 2
26, 600.430, 33.380, 2
27, 183.030, 41.880, 6
28, 203.900, 41.880, 6
29, 224.770, 41.880, 6
30, 245.640, 41.880, 6
31, 266.510, 41.880, 6
32, 287.380, 41.880, 6
33, 308.250, 41.880, 6
34, 329.120, 41.880, 6
35, 349.990, 41.880, 6
36, 370.860, 41.880, 6
37, 391.730, 41.880, 6
38, 412.600, 41.880, 6
39, 433.470, 41.880, 2
40, 454.340, 41.880, 2
41, 475.210, 41.880, 2
42, 496.080, 41.880, 2
43, 516.950, 41.880, 2
44, 537.820, 41.880, 2
45, 558.690, 41.880, 2
46, 579.560, 41.880, 2
47, 600.430, 41.880, 2
48, 621.300, 41.880, 2
49, 642.170, 41.880, 2
50, 663.040, 41.880, 11
51, 683.910, 41.880, 11
52, 704.780, 41.880, 11
53, 162.160, 50.380, 6
54, 183.030, 50.380, 6
55, 203.900, 50.380, 6
56, 224.770, 50.380, 6
57, 245.640, 50.380, 6
58, 266.510, 50.380, 6
59, 287.380, 50.380, 6
60, 308.250, 50.380, 6
61, 329.120, 50.380, 6
62, 349.990, 50.380, 6
63, 370.860, 50.380, 6
64, 391.730, 50.380, 6
65, 412.600, 50.380, 6
66, 433.470, 50.380, 2
67, 454.340, 50.380, 2
68, 475.210, 50.380, 2
69, 496.080, 50.380, 2
70, 516.950, 50.380, 2
71, 537.820, 50.380, 2
72, 558.690, 50.380, 2
73, 579.560, 50.380, 2
74, 600.430, 50.380, 2
75, 621.300, 50.380, 2
76, 642.170, 50.380, 2
77, 663.040, 50.380, 11
78, 683.910, 50.380, 11
79, 704.780, 50.380, 11
80, 725.650, 50.380, 11
81, 746.520, 50.380, 11
82, 767.390, 50.380, 11
83, 788.260, 50.380, 11
84, 809.130, 50.380, 11
85, 141.290, 58.880, 6
86, 162.160, 58.880, 6
87, 183.030, 58.880, 6
88, 203.900, 58.880, 6
89, 224.770, 58.880, 6
90, 245.640, 58.880, 6
91, 266.510, 58.880, 6
92, 287.380, 58.880, 6
93, 308.250, 58.880, 6
94, 329.120, 58.880, 6
95, 349.990, 58.880, 6
96, 370.860, 58.880, 6
97, 391.730, 58.880, 6
98, 412.600, 58.880, 6
99, 433.470, 58.880, 2
100, 454.340, 58.880, 2
101, 475.210, 58.880, 2
102, 496.080, 58.880, 2
103, 516.950, 58.880, 2
104, 537.820, 58.880, 2
105, 558.690, 58.880, 2
106, 579.560, 58.880, 2
107, 600.430, 58.880, 2
108, 621.300, 58.880, 2
109, 642.170, 58.880, 2
110, 663.040, 58.880, 11
111, 683.910, 58.880, 11
112, 704.780, 58.880, 11
113, 725.650, 58.880, 11
114, 746.520, 58.880, 11
115, 767.390, 58.880, 11
116, 788.260, 58.880, 11
117, 809.130, 58.880, 11
118, 830.000, 58.880, 11
119, 850.870, 58.880, 11
120, 871.740, 58.880, 11
121, 892.610, 58.880, 11
122, 913.480, 58.880, 11
123, 120.420, 67.380, 6
124, 141.290, 67.380, 6
125, 162.160, 67.380, 6
126, 183.030, 67.380, 6
127, 203.900, 67.380, 6
128, 224.770, 67.380, 6
129, 245.640, 67.380, 6
130, 266.510, 67.380, 6
131, 287.380, 67.380, 6
132, 308.250, 67.380, 6
133, 329.120, 67.380, 6
134, 349.990, 67.380, 6
135, 370.860, 67.380, 6
136, 391.730, 67.380, 6
137, 412.600, 67.380, 6
138, 433.470, 67.380, 2
139, 454.340, 67.380, 2
140, 475.210, 67.380, 2
141, 496.080, 67.380, 2
142, 516.950, 67.380, 2
143, 537.820, 67.380, 2
144, 558.690, 67.380, 2
145, 579.560, 67.380, 2
146, 600.430, 67.380, 2
147, 621.300, 67.380, 2
148, 642.170, 67.380, 2
149, 663.040, 67.380, 11
150, 683.910, 67.380, 11
151, 704.780, 67.380, 11
152, 725.650, 67.380, 11
153, 746.520, 67.380, 11
154, 767.390, 67.380, 11
155, 788.260, 67.380, 11
156, 809.130, 67.380, 11
157, 830.000, 67.380, 11
158, 850.870, 67.380, 11
159, 871.740, 67.380, 11
160, 892.610, 67.380, 11
161, 99.550, 75.880, 6
162, 120.420, 75.880, 6
163, 141.290, 75.880, 6
164, 162.160, 75.880, 6
165, 183.030, 75.880, 6
166, 203.900, 75.880, 6
167, 224.770, 75.880, 6
168, 245.640, 75.880, 6
169, 266.510, 75.880, 6
170, 287.380, 75.880, 6
171, 308.250, 75.880, 6
172, 329.120, 75.880, 6
173, 349.990, 75.880, 6
174, 370.860, 75.880, 6
175, 391.730, 75.880, 6
176, 412.600, 75.880, 6
177, 433.470, 75.880, 2
178, 454.340, 75.880, 2
179, 475.210, 75.880, 2
180, 496.080, 75.880, 2
181, 516.950, 75.880, 2
182, 537.820, 75.880, 2
183, 558.690, 75.880, 2
184, 579.560, 75.880, 2
185, 600.430, 75.880, 2
186, 621.300, 75.880, 2
187, 642.170, 75.880, 2
188, 663.040, 75.880, 11
189, 683.910, 75.880, 11
190, 704.780, 75.880, 11
191, 725.650, 75.880, 11
192, 746.520, 75.880, 11
193, 767.390, 75.880, 11
194, 788.260, 75.880, 11
195, 809.130, 75.880, 11
196, 830.000, 75.880, 11
197, 850.870, 75.880, 11
198, 871.740, 75.880, 11
199, 892.610, 75.880, 11
200, 78.680, 84.380, 6
201, 99.550, 84.380, 6
202, 120.420, 84.380, 6
203, 141.290, 84.380, 6
204, 162.160, 84.380, 6
205, 183.030, 84.380, 6
206, 203.900, 84.380, 6
207, 224.770, 84.380, 6
208, 245.640, 84.380, 6
209, 266.510, 84.380, 6
210, 287.380, 84.380, 6
211, 308.250, 84.380, 6
212, 329.120, 84.380, 6
213, 349.990, 84.380, 6
214, 370.860, 84.380, 6
215, 391.730, 84.380, 6
216, 412.600, 84.380, 6
217, 433.470, 84.380, 2
218, 454.340, 84.380, 2
219, 475.210, 84.380, 2
220, 496.080, 84.380, 2
221, 516.950, 84.380, 2
222, 537.820, 84.380, 2
223, 558.690, 84.380, 2
224, 579.560, 84.380, 2
225, 600.430, 84.380, 2
226, 621.300, 84.380, 2
227, 642.170, 84.380, 2
228, 663.040, 84.380, 11
229, 683.910, 84.380, 11
230, 704.780, 84.380, 11
231, 725.650, 84.380, 11
232, 746.520, 84.380, 11
233, 767.390, 84.380, 11
234, 788.260, 84.380, 11
235, 809.130, 84.380, 11
236, 830.000, 84.380, 11
237, 850.870, 84.380, 11
238, 871.740, 84.380, 11
239, 892.610, 84.380, 11
240, 57.810, 92.880, 10
241, 78.680, 92.880, 10
242, 99.550, 92.880, 10
243, 120.420, 92.880, 10
244, 141.290, 92.880, 10
245, 162.160, 92.880, 10
246, 183.030, 92.880, 10
247, 203.900, 92.880, 10
248, 224.770, 92.880, 10
249, 245.640, 92.880, 6
250, 266.510, 92.880, 6
251, 287.380, 92.880, 6
252, 308.250, 92.880, 6
253, 329.120, 92.880, 6
254, 349.990, 92.880, 6
255, 370.860, 92.880, 6
256, 391.730, 92.880, 6
257, 412.600, 92.880, 6
258, 433.470, 92.880, 2
259, 454.340, 92.880, 2
260, 475.210, 92.880, 2
261, 496.080, 92.880, 2
262, 516.950, 92.880, 2
263, 537.820, 92.880, 2
264, 558.690, 92.880, 2
265, 579.560, 92.880, 2
266, 600.430, 92.880, 2
267, 621.300, 92.880, 2
268, 642.170, 92.880, 2
269, 663.040, 92.880, 11
270, 683.910, 92.880, 11
271, 704.780, 92.880, 11
272, 725.650, 92.880, 11
273, 746.520, 92.880, 11
274, 767.390, 92.880, 11
275, 788.260, 92.880, 11
276, 809.130, 92.880, 11
277, 830.000, 92.880, 11
278, 850.870, 92.880, 11
279, 871.740, 92.880, 11
280, 892.610, 92.880, 11
281, 16.070, 101.380, 10
282, 36.940, 101.380, 10
283, 57.810, 101.380, 10
284, 78.680, 101.380, 10
285, 99.550, 101.380, 10
286, 120.420, 101.380, 10
287, 141.290, 101.380, 10
288, 162.160, 101.380, 10
289, 183.030, 101.380, 10
290, 203.900, 101.380, 10
291, 224.770, 101.380, 10
292, 245.640, 101.380, 10
293, 266.510, 101.380, 3
294, 287.380, 101.380, 3
295, 308.250, 101.380, 3
296, 329.120, 101.380, 3
297, 349.990, 101.380, 3
298, 370.860, 101.380, 3
299, 391.730, 101.380, 3
300, 412.600, 101.380, 3
301, 433.470, 101.380, 3
302, 454.340, 101.380, 2
303, 475.210, 101.380, 2
304, 496.080, 101.380, 2
305, 516.950, 101.380, 2
306, 537.820, 101.380, 2
307, 558.690, 101.380, 2
308, 579.560, 101.380, 2
309, 600.430, 101.380, 2
310, 621.300, 101.380, 2
311, 642.170, 101.380, 2
312, 663.040, 101.380, 11
313, 683.910, 101.380, 11
314, 704.780, 101.380, 11
315, 725.650, 101.380, 11
316, 746.520, 101.380, 11
317, 767.390, 101.380, 11
318, 788.260, 101.380, 11
319, 809.130, 101.380, 11
320, 830.000, 101.380, 11
321, 850.870, 101.380, 11
322, 871.740, 101.380, 11
323, 892.610, 101.380, 11
324, 36.940, 109.880, 10
325, 57.810, 109.880, 10
326, 78.680, 109.880, 10
327, 99.550, 109.880, 10
328, 120.420, 109.880, 10
329, 141.290, 109.880, 10
330, 162.160, 109.880, 10
331, 183.030, 109.880, 10
332, 203.900, 109.880, 10
333, 224.770, 109.880, 10
334, 245.640, 109.880, 10
335, 266.510, 109.880, 3
336, 287.380, 109.880, 3
337, 308.250, 109.880, 3
338, 329.120, 109.880, 3
339, 349.990, 109.880, 3
340, 370.860, 109.880, 3
341, 391.730, 109.880, 3
342, 412.600, 109.880, 3
343, 433.470, 109.880, 3
344, 454.340, 109.880, 3
345, 475.210, 109.880, 2
346, 496.080, 109.880, 2
347, 516.950, 109.880, 2
348, 537.820, 109.880, 2
349, 558.690, 109.880, 2
350, 579.560, 109.880, 2
351, 600.430, 109.880, 2
352, 621.300, 109.880, 2
353, 642.170, 109.880, 2
354, 663.040, 109.880, 11
355, 683.910, 109.880, 11
356, 704.780, 109.880, 11
357, 725.650, 109.880, 11
358, 746.520, 109.880, 11
359, 767.390, 109.880, 11
360, 788.260, 109.880, 11
361, 809.130, 109.880, 11
362, 830.000, 109.880, 11
363, 850.870, 109.880, 11
364, 871.740, 109.880, 11
365, 892.610, 109.880, 11
366, 57.810, 118.380, 10
367, 78.680, 118.380, 10
368, 99.550, 118.380, 10
369, 120.420, 118.380, 10
370, 141.290, 118.380, 10
371, 162.160, 118.380, 10
372, 183.030, 118.380, 10
373, 203.900, 118.380, 10
374, 224.770, 118.380, 10
375, 245.640, 118.380, 10
376, 266.510, 118.380, 3
377, 287.380, 118.380, 3
378, 308.250, 118.380, 3
379, 329.120, 118.380, 3
380, 349.990, 118.380, 3
381, 370.860, 118.380, 3
382, 391.730, 118.380, 3
383, 412.600, 118.380, 3
384, 433.470, 118.380, 3
385, 454.340, 118.380, 3
386, 475.210, 118.380, 9
387, 496.080, 118.380, 9
388, 516.950, 118.380, 9
389, 537.820, 118.380, 9
390, 558.690, 118.380, 9
391, 579.560, 118.380, 9
392, 600.430, 118.380, 9
393, 621.300, 118.380, 9
394, 642.170, 118.380, 9
395, 663.040, 118.380, 1
396, 683.910, 118.380, 1
397, 704.780, 118.380, 1
398, 725.650, 118.380, 1
399, 746.520, 118.380, 1
400, 767.390, 118.380, 11
401, 788.260, 118.380, 11
402, 809.130, 118.380, 11
403, 830.000, 118.380, 11
404, 850.870, 118.380, 11
405, 871.740, 118.380, 11
406, 892.610, 118.380, 11
407, 57.810, 126.880, 10
408, 78.680, 126.880, 10
409, 99.550, 126.880, 10
410, 120.420, 126.880, 10
411, 141.290, 126.880, 10
412, 162.160, 126.880, 10
413, 183.030, 126.880, 10
414, 203.900, 126.880, 10
415, 224.770, 126.880, 10
416, 245.640, 126.880, 10
417, 266.510, 126.880, 3
418, 287.380, 126.880, 3
419, 308.250, 126.880, 3
420, 329.120, 126.880, 3
421, 349.990, 126.880, 3
422, 370.860, 126.880, 3
423, 391.730, 126.880, 3
424, 412.600, 126.880, 3
425, 433.470, 126.880, 3
426, 454.340, 126.880, 3
427, 475.210, 126.880, 9
428, 496.080, 126.880, 9
429, 516.950, 126.880, 9
430, 537.820, 126.880, 9
431, 558.690, 126.880, 9
432, 579.560, 126.880, 9
433, 600.430, 126.880, 9
434, 621.300, 126.880, 9
435, 642.170, 126.880, 9
436, 663.040, 126.880, 1
437, 683.910, 126.880, 1
438, 704.780, 126.880, 1
439, 725.650, 126.880, 1
440, 746.520, 126.880, 1
441, 767.390, 126.880, 1
442, 788.260, 126.880, 11
443, 809.130, 126.880, 11
444, 830.000, 126.880, 11
445, 850.870, 126.880, 11
446, 871.740, 126.880, 11
447, 892.610, 126.880, 11
448, 78.680, 135.380, 10
449, 99.550, 135.380, 10
450, 120.420, 135.380, 10
451, 141.290, 135.380, 10
452, 162.160, 135.380, 10
453, 183.030, 135.380, 10
454, 203.900, 135.380, 10
455, 224.770, 135.380, 10
456, 245.640, 135.380, 10
457, 266.510, 135.380, 3
458, 287.380, 135.380, 3
459, 308.250, 135.380, 3
460, 329.120, 135.380, 3
461, 349.990, 135.380, 3
462, 370.860, 135.380, 3
463, 391.730, 135.380, 3
464, 412.600, 135.380, 3
465, 433.470, 135.380, 3
466, 454.340, 135.380, 3
467, 475.210, 135.380, 9
468, 496.080, 135.380, 9
469, 516.950, 135.380, 9
470, 537.820, 135.380, 9
471, 558.690, 135.380, 9
472, 579.560, 135.380, 9
473, 600.430, 135.380, 9
474, 621.300, 135.380, 9
475, 642.170, 135.380, 9
476, 663.040, 135.380, 1
477, 683.910, 135.380, 1
478, 704.780, 135.380, 1
479, 725.650, 135.380, 1
480, 746.520, 135.380, 1
481, 767.390, 135.380, 1
482, 788.260, 135.380, 1
483, 809.130, 135.380, 1
484, 830.000, 135.380, 1
485, 850.870, 135.380, 1
486, 871.740, 135.380, 1
487, 78.680, 143.880, 10
488, 99.550, 143.880, 10
489, 120.420, 143.880, 10
490, 141.290, 143.880, 10
491, 162.160, 143.880, 10
492, 183.030, 143.880, 10
493, 203.900, 143.880, 10
494, 224.770, 143.880, 10
495, 245.640, 143.880, 10
496, 266.510, 143.880, 3
497, 287.380, 143.880, 3
498, 308.250, 143.880, 3
499, 329.120, 143.880, 3
500, 349.990, 143.880, 3
501, 370.860, 143.880, 3
502, 391.730, 143.880, 3
503, 412.600, 143.880, 3
504, 433.470, 143.880, 3
505, 454.340, 143.880, 3
506, 475.210, 143.880, 9
507, 496.080, 143.880, 9
508, 516.950, 143.880, 9
509, 537.820, 143.880, 9
510, 558.690, 143.880, 9
511, 579.560, 143.880, 9
512, 600.430, 143.880, 9
513, 621.300, 143.880, 9
514, 642.170, 143.880, 9
515, 663.040, 143.880, 1
516, 683.910, 143.880, 1
517, 704.780, 143.880, 1
518, 725.650, 143.880, 1
519, 746.520, 143.880, 1
520, 767.390, 143.880, 1
521, 788.260, 143.880, 1
522, 809.130, 143.880, 1
523, 830.000, 143.880, 1
524, 850.870, 143.880, 1
525, 871.740, 143.880, 1
526, 99.550, 152.380, 10
527, 120.420, 152.380, 10
528, 141.290, 152.380, 10
529, 162.160, 152.380, 10
530, 183.030, 152.380, 10
531, 203.900, 152.380, 10
532, 224.770, 152.380, 10
533, 245.640, 152.380, 10
534, 266.510, 152.380, 3
535, 287.380, 152.380, 3
536, 308.250, 152.380, 3
537, 329.120, 152.380, 3
538, 349.990, 152.380, 3
539, 370.860, 152.380, 3
540, 391.730, 152.380, 3
541, 412.600, 152.380, 3
542, 433.470, 152.380, 3
543, 454.340, 152.380, 3
544, 475.210, 152.380, 9
545, 496.080, 152.380, 9
546, 516.950, 152.380, 9
547, 537.820, 152.380, 9
548, 558.690, 152.380, 9
549, 579.560, 152.380, 9
550, 600.430, 152.380, 9
551, 621.300, 152.380, 9
552, 642.170, 152.380, 9
553, 663.040, 152.380, 1
554, 683.910, 152.380, 1
555, 704.780, 152.380, 1
556, 725.650, 152.380, 1
557, 746.520, 152.380, 1
558, 767.390, 152.380, 1
559, 788.260, 152.380, 1
560, 809.130, 152.380, 1
561, 830.000, 152.380, 1
562, 850.870, 152.380, 1
563, 871.740, 152.380, 1
564, 99.550, 160.880, 10
565, 120.420, 160.880, 10
566, 141.290, 160.880, 10
567, 162.160, 160.880, 10
568, 183.030, 160.880, 10
569, 203.900, 160.880, 10
570, 224.770, 160.880, 10
571, 245.640, 160.880, 10
572, 266.510, 160.880, 3
573, 287.380, 160.880, 3
574, 308.250, 160.880, 3
575, 329.120, 160.880, 3
576, 349.990, 160.880, 3
577, 370.860, 160.880, 3
578, 391.730, 160.880, 3
579, 412.600, 160.880, 3
580, 433.470, 160.880, 3
581, 454.340, 160.880, 3
582, 475.210, 160.880, 9
583, 496.080, 160.880, 9
584, 516.950, 160.880, 9
585, 537.820, 160.880, 9
586, 558.690, 160.880, 9
587, 579.560, 160.880, 9
588, 600.430, 160.880, 9
589, 621.300, 160.880, 9
590, 642.170, 160.880, 9
591, 663.040, 160.880, 1
592, 683.910, 160.880, 1
593, 704.780, 160.880, 1
594, 725.650, 160.880, 1
595, 746.520, 160.880, 1
596, 767.390, 160.880, 1
597, 788.260, 160.880, 1
598, 809.130, 160.880, 1
599, 830.000, 160.880, 1
600, 850.870, 160.880, 1
601, 871.740, 160.880, 1
602, 120.420, 169.380, 10
603, 141.290, 169.380, 10
604, 162.160, 169.380, 10
605, 183.030, 169.380, 10
606, 203.900, 169.380, 10
607, 224.770, 169.380, 10
608, 245.640, 169.380, 10
609, 266.510, 169.380, 3
610, 287.380, 169.380, 3
611, 308.250, 169.380, 3
612, 329.120, 169.380, 3
613, 349.990, 169.380, 3
614, 370.860, 169.380, 3
615, 391.730, 169.380, 3
616, 412.600, 169.380, 3
617, 433.470, 169.380, 3
618, 454.340, 169.380, 9
619, 475.210, 169.380, 9
620, 496.080, 169.380, 9
621, 516.950, 169.380, 9
622, 537.820, 169.380, 9
623, 558.690, 169.380, 9
624, 579.560, 169.380, 9
625, 600.430, 169.380, 9
626, 621.300, 169.380, 9
627, 642.170, 169.380, 9
628, 663.040, 169.380, 1
629, 683.910, 169.380, 1
630, 704.780, 169.380, 1
631, 725.650, 169.380, 1
632, 746.520, 169.380, 1
633, 767.390, 169.380, 1
634, 788.260, 169.380, 1
635, 809.130, 169.380, 1
636, 830.000, 169.380, 1
637, 850.870, 169.380, 1
638, 871.740, 169.380, 1
639, 120.420, 177.880, 10
640, 141.290, 177.880, 10
641, 162.160, 177.880, 10
642, 183.030, 177.880, 10
643, 203.900, 177.880, 10
644, 224.770, 177.880, 10
645, 245.640, 177.880, 10
646, 266.510, 177.880, 3
647, 287.380, 177.880, 3
648, 308.250, 177.880, 3
649, 329.120, 177.880, 3
650, 349.990, 177.880, 3
651, 370.860, 177.880, 3
652, 391.730, 177.880, 3
653, 412.600, 177.880, 3
654, 433.470, 177.880, 3
655, 454.340, 177.880, 9
656, 475.210, 177.880, 9
657, 496.080, 177.880, 9
658, 516.950, 177.880, 9
659, 537.820, 177.880, 9
660, 558.690, 177.880, 9
661, 579.560, 177.880, 9
662, 600.430, 177.880, 9
663, 621.300, 177.880, 9
664, 642.170, 177.880, 9
665, 663.040, 177.880, 1
666, 683.910, 177.880, 1
667, 704.780, 177.880, 1
668, 725.650, 177.880, 1
669, 746.520, 177.880, 1
670, 767.390, 177.880, 1
671, 788.260, 177.880, 1
672, 809.130, 177.880, 1
673, 830.000, 177.880, 1
674, 850.870, 177.880, 1
675, 871.740, 177.880, 1
676, 141.290, 186.380, 10
677, 162.160, 186.380, 10
678, 183.030, 186.380, 10
679, 203.900, 186.380, 10
680, 224.770, 186.380, 10
681, 245.640, 186.380, 10
682, 266.510, 186.380, 3
683, 287.380, 186.380, 3
684, 308.250, 186.380, 3
685, 329.120, 186.380, 3
686, 349.990, 186.380, 3
687, 370.860, 186.380, 3
688, 391.730, 186.380, 3
689, 412.600, 186.380, 3
690, 433.470, 186.380, 3
691, 454.340, 186.380, 9
692, 475.210, 186.380, 9
693, 496.080, 186.380, 9
694, 516.950, 186.380, 9
695, 537.820, 186.380, 9
696, 558.690, 186.380, 9
697, 579.560, 186.380, 9
698, 600.430, 186.380, 9
699, 621.300, 186.380, 9
700, 642.170, 186.380, 9
701, 663.040, 186.380, 1
702, 683.910, 186.380, 1
703, 704.780, 186.380, 1
704, 725.650, 186.380, 1
705, 746.520, 186.380, 1
706, 767.390, 186.380, 1
707, 788.260, 186.380, 1
708, 809.130, 186.380, 1
709, 830.000, 186.380, 1
710, 850.870, 186.380, 1
711, 871.740, 186.380, 1
712, 141.290, 194.880, 10
713, 162.160, 194.880, 10
714, 183.030, 194.880, 10
715, 203.900, 194.880, 5
716, 224.770, 194.880, 5
717, 245.640, 194.880, 5
718, 266.510, 194.880, 5
719, 287.380, 194.880, 5
720, 308.250, 194.880, 5
721, 329.120, 194.880, 5
722, 349.990, 194.880, 5
723, 370.860, 194.880, 5
724, 391.730, 194.880, 3
725, 412.600, 194.880, 3
726, 433.470, 194.880, 3
727, 454.340, 194.880, 9
728, 475.210, 194.880, 9
729, 496.080, 194.880, 9
730, 516.950, 194.880, 9
731, 537.820, 194.880, 9
732, 558.690, 194.880, 9
733, 579.560, 194.880, 9
734, 600.430, 194.880, 9
735, 621.300, 194.880, 9
736, 642.170, 194.880, 9
737, 663.040, 194.880, 1
738, 683.910, 194.880, 1
739, 704.780, 194.880, 1
740, 725.650, 194.880, 1
741, 746.520, 194.880, 1
742, 767.390, 194.880, 1
743, 788.260, 194.880, 1
744, 809.130, 194.880, 1
745, 830.000, 194.880, 1
746, 850.870, 194.880, 1
747, 871.740, 194.880, 1
748, 162.160, 203.380, 5
749, 183.030, 203.380, 5
750, 203.900, 203.380, 5
751, 224.770, 203.380, 5
752, 245.640, 203.380, 5
753, 266.510, 203.380, 5
754, 287.380, 203.380, 5
755, 308.250, 203.380, 5
756, 329.120, 203.380, 5
757, 349.990, 203.380, 5
758, 370.860, 203.380, 5
759, 391.730, 203.380, 5
760, 412.600, 203.380, 5
761, 433.470, 203.380, 5
762, 454.340, 203.380, 9
763, 475.210, 203.380, 9
764, 496.080, 203.380, 9
765, 516.950, 203.380, 9
766, 537.820, 203.380, 9
767, 558.690, 203.380, 9
768, 579.560, 203.380, 9
769, 600.430, 203.380, 9
770, 621.300, 203.380, 9
771, 642.170, 203.380, 9
772, 663.040, 203.380, 1
773, 683.910, 203.380, 1
774, 704.780, 203.380, 1
775, 725.650, 203.380, 1
776, 746.520, 203.380, 1
777, 767.390, 203.380, 1
778, 788.260, 203.380, 1
779, 809.130, 203.380, 1
780, 830.000, 203.380, 1
781, 850.870, 203.380, 1
782, 162.160, 211.880, 5
783, 183.030, 211.880, 5
784, 203.900, 211.880, 5
785, 224.770, 211.880, 5
786, 245.640, 211.880, 5
787, 266.510, 211.880, 5
788, 287.380, 211.880, 5
789, 308.250, 211.880, 5
790, 329.120, 211.880, 5
791, 349.990, 211.880, 5
792, 370.860, 211.880, 5
793, 391.730, 211.880, 5
794, 412.600, 211.880, 5
795, 433.470, 211.880, 5
796, 454.340, 211.880, 9
797, 475.210, 211.880, 9
798, 496.080, 211.880, 9
799, 516.950, 211.880, 9
800, 537.820, 211.880, 9
801, 558.690, 211.880, 8
802, 579.560, 211.880, 8
803, 600.430, 211.880, 8
804, 621.300, 211.880, 8
805, 642.170, 211.880, 4
806, 663.040, 211.880, 4
807, 683.910, 211.880, 4
808, 704.780, 211.880, 4
809, 725.650, 211.880, 4
810, 746.520, 211.880, 4
811, 767.390, 211.880, 4
812, 788.260, 211.880, 4
813, 809.130, 211.880, 4
814, 830.000, 211.880, 4
815, 850.870, 211.880, 4
816, 183.030, 220.380, 5
817, 203.900, 220.380, 5
818, 224.770, 220.380, 5
819, 245.640, 220.380, 5
820, 266.510, 220.380, 5
821, 287.380, 220.380, 5
822, 308.250, 220.380, 5
823, 329.120, 220.380, 5
824, 349.990, 220.380, 5
825, 370.860, 220.380, 5
826, 391.730, 220.380, 5
827, 412.600, 220.380, 5
828, 433.470, 220.380, 5
829, 454.340, 220.380, 8
830, 475.210, 220.380, 8
831, 496.080, 220.380, 8
832, 516.950, 220.380, 8
833, 537.820, 220.380, 8
834, 558.690, 220.380, 8
835, 579.560, 220.380, 8
836, 600.430, 220.380, 8
837, 621.300, 220.380, 8
838, 642.170, 220.380, 4
839, 663.040, 220.380, 4
840, 683.910, 220.380, 4
841, 704.780, 220.380, 4
842, 725.650, 220.380, 4
843, 746.520, 220.380, 4
844, 767.390, 220.380, 4
845, 788.260, 220.380, 4
846, 809.130, 220.380, 4
847, 830.000, 220.380, 4
848, 850.870, 220.380, 4
849, 183.030, 228.880, 5
850, 203.900, 228.880, 5
851, 224.770, 228.880, 5
852, 245.640, 228.880, 5
853, 266.510, 228.880, 5
854, 287.380, 228.880, 5
855, 308.250, 228.880, 5
856, 329.120, 228.880, 5
857, 349.990, 228.880, 5
858, 370.860, 228.880, 5
859, 391.730, 228.880, 5
860, 412.600, 228.880, 5
861, 433.470, 228.880, 5
862, 454.340, 228.880, 8
863, 475.210, 228.880, 8
864, 496.080, 228.880, 8
865, 516.950, 228.880, 8
866, 537.820, 228.880, 8
867, 558.690, 228.880, 8
868, 579.560, 228.880, 8
869, 600.430, 228.880, 8
870, 621.300, 228.880, 8
871, 642.170, 228.880, 4
872, 663.040, 228.880, 4
873, 683.910, 228.880, 4
874, 704.780, 228.880, 4
875, 725.650, 228.880, 4
876, 746.520, 228.880, 4
877, 767.390, 228.880, 4
878, 788.260, 228.880, 4
879, 809.130, 228.880, 4
880, 830.000, 228.880, 4
881, 850.870, 228.880, 4
882, 203.900, 237.380, 5
883, 224.770, 237.380, 5
884, 245.640, 237.380, 5
885, 266.510, 237.380, 5
886, 287.380, 237.380, 5
887, 308.250, 237.380, 5
888, 329.120, 237.380, 5
889, 349.990, 237.380, 5
890, 370.860, 237.380, 5
891, 391.730, 237.380, 5
892, 412.600, 237.380, 5
893, 433.470, 237.380, 5
894, 454.340, 237.380, 8
895, 475.210, 237.380, 8
896, 496.080, 237.380, 8
897, 516.950, 237.380, 8
898, 537.820, 237.380, 8
899, 558.690, 237.380, 8
900, 579.560, 237.380, 8
901, 600.430, 237.380, 8
902, 621.300, 237.380, 8
903, 642.170, 237.380, 4
904, 663.040, 237.380, 4
905, 683.910, 237.380, 4
906, 704.780, 237.380, 4
907, 725.650, 237.380, 4
908, 746.520, 237.380, 4
909, 767.390, 237.380, 4
910, 788.260, 237.380, 4
911, 809.130, 237.380, 4
912, 830.000, 237.380, 4
913, 850.870, 237.380, 4
914, 203.900, 245.880, 5
915, 224.770, 245.880, 5
916, 245.640, 245.880, 5
917, 266.510, 245.880, 5
918, 287.380, 245.880, 5
919, 308.250, 245.880, 5
920, 329.120, 245.880, 5
921, 349.990, 245.880, 5
922, 370.860, 245.880, 5
923, 391.730, 245.880, 5
924, 412.600, 245.880, 5
925, 433.470, 245.880, 5
926, 454.340, 245.880, 8
927, 475.210, 245.880, 8
928, 496.080, 245.880, 8
929, 516.950, 245.880, 8
930, 537.820, 245.880, 8
931, 558.690, 245.880, 8
932, 579.560, 245.880, 8
933, 600.430, 245.880, 8
934, 621.300, 245.880, 8
935, 642.170, 245.880, 4
936, 663.040, 245.880, 4
937, 683.910, 245.880, 4
938, 704.780, 245.880, 4
939, 725.650, 245.880, 4
940, 746.520, 245.880, 4
941, 767.390, 245.880, 4
942, 788.260, 245.880, 4
943, 809.130, 245.880, 4
944, 830.000, 245.880, 4
945, 850.870, 245.880, 4
946, 224.770, 254.380, 5
947, 245.640, 254.380, 5
948, 266.510, 254.380, 5
949, 287.380, 254.380, 5
950, 308.250, 254.380, 5
951, 329.120, 254.380, 5
952, 349.990, 254.380, 5
953, 370.860, 254.380, 5
954, 391.730, 254.380, 5
955, 412.600, 254.380, 5
956, 433.470, 254.380, 5
957, 454.340, 254.380, 8
958, 475.210, 254.380, 8
959, 496.080, 254.380, 8
960, 516.950, 254.380, 8
961, 537.820, 254.380, 8
962, 558.690, 254.380, 8
963, 579.560, 254.380, 8
964, 600.430, 254.380, 8
965, 621.300, 254.380, 8
966, 642.170, 254.380, 4
967, 663.040, 254.380, 4
968, 683.910, 254.380, 4
969, 704.780, 254.380, 4
970, 725.650, 254.380, 4
971, 746.520, 254.380, 4
972, 767.390, 254.380, 4
973, 788.260, 254.380, 4
974, 809.130, 254.380, 4
975, 830.000, 254.380, 4
976, 850.870, 254.380, 4
977, 224.770, 262.880, 5
978, 245.640, 262.880, 5
979, 266.510, 262.880, 5
980, 287.380, 262.880, 5
981, 308.250, 262.880, 5
982, 329.120, 262.880, 5
983, 349.990, 262.880, 5
984, 370.860, 262.880, 5
985, 391.730, 262.880, 5
986, 412.600, 262.880, 5
987, 433.470, 262.880, 5
988, 454.340, 262.880, 8
989, 475.210, 262.880, 8
990, 496.080, 262.880, 8
991, 516.950, 262.880, 8
992, 537.820, 262.880, 8
993, 558.690, 262.880, 8
994, 579.560, 262.880, 8
995, 600.430, 262.880, 8
996, 621.300, 262.880, 8
997, 642.170, 262.880, 8
998, 663.040, 262.880, 4
999, 683.910, 262.880, 4
1000, 704.780, 262.880, 4
1001, 725.650, 262.880, 4
1002, 746.520, 262.880, 4
1003, 767.390, 262.880, 4
1004, 788.260, 262.880, 4
1005, 809.130, 262.880, 4
1006, 830.000, 262.880, 4
1007, 850.870, 262.880, 4
1008, 245.640, 271.380, 7
1009, 266.510, 271.380, 7
1010, 287.380, 271.380, 7
1011, 308.250, 271.380, 7
1012, 329.120, 271.380, 7
1013, 349.990, 271.380, 7
1014, 370.860, 271.380, 7
1015, 391.730, 271.380, 7
1016, 412.600, 271.380, 7
1017, 433.470, 271.380, 7
1018, 454.340, 271.380, 7
1019, 475.210, 271.380, 7
1020, 496.080, 271.380, 8
1021, 516.950, 271.380, 8
1022, 537.820, 271.380, 8
1023, 558.690, 271.380, 8
1024, 579.560, 271.380, 8
1025, 600.430, 271.380, 8
1026, 621.300, 271.380, 8
1027, 642.170, 271.380, 8
1028, 663.040, 271.380, 4
1029, 683.910, 271.380, 4
1030, 704.780, 271.380, 4
1031, 725.650, 271.380, 4
1032, 746.520, 271.380, 4
1033, 767.390, 271.380, 4
1034, 788.260, 271.380, 4
1035, 809.130, 271.380, 4
1036, 830.000, 271.380, 4
1037, 245.640, 279.880, 7
1038, 266.510, 279.880, 7
1039, 287.380, 279.880, 7
1040, 308.250, 279.880, 7
1041, 329.120, 279.880, 7
1042, 349.990, 279.880, 7
1043, 370.860, 279.880, 7
1044, 391.730, 279.880, 7
1045, 412.600, 279.880, 7
1046, 433.470, 279.880, 7
1047, 454.340, 279.880, 7
1048, 475.210, 279.880, 7
1049, 496.080, 279.880, 7
1050, 516.950, 279.880, 8
1051, 537.820, 279.880, 8
1052, 558.690, 279.880, 8
1053, 579.560, 279.880, 8
1054, 600.430, 279.880, 8
1055, 621.300, 279.880, 8
1056, 642.170, 279.880, 8
1057, 663.040, 279.880, 4
1058, 683.910, 279.880, 4
1059, 704.780, 279.880, 4
1060, 725.650, 279.880, 4
1061, 746.520, 279.880, 4
1062, 767.390, 279.880, 4
1063, 788.260, 279.880, 4
1064, 809.130, 279.880, 4
1065, 266.510, 288.380, 7
1066, 287.380, 288.380, 7
1067, 308.250, 288.380, 7
1068, 329.120, 288.380, 7
1069, 349.990, 288.380, 7
1070, 370.860, 288.380, 7
1071, 391.730, 288.380, 7
1072, 412.600, 288.380, 7
1073, 433.470, 288.380, 7
1074, 454.340, 288.380, 7
1075, 475.210, 288.380, 7
1076, 496.080, 288.380, 7
1077, 516.950, 288.380, 8
1078, 537.820, 288.380, 8
1079, 558.690, 288.380, 8
1080, 579.560, 288.380, 8
1081, 600.430, 288.380, 8
1082, 621.300, 288.380, 8
1083, 642.170, 288.380, 8
1084, 663.040, 288.380, 4
1085, 683.910, 288.380, 4
1086, 704.780, 288.380, 4
1087, 725.650, 288.380, 4
1088, 746.520, 288.380, 4
1089, 767.390, 288.380, 4
1090, 788.260, 288.380, 4
1091, 809.130, 288.380, 4
1092, 266.510, 296.880, 7
1093, 287.380, 296.880, 7
1094, 308.250, 296.880, 7
1095, 329.120, 296.880, 7
1096, 349.990, 296.880, 7
1097, 370.860, 296.880, 7
1098, 391.730, 296.880, 7
1099, 412.600, 296.880, 7
1100, 433.470, 296.880, 7
1101, 454.340, 296.880, 7
1102, 475.210, 296.880, 7
1103, 496.080, 296.880, 7
1104, 516.950, 296.880, 8
1105, 537.820, 296.880, 8
1106, 558.690, 296.880, 8
1107, 579.560, 296.880, 8
1108, 600.430, 296.880, 8
1109, 621.300, 296.880, 8
1110, 642.170, 296.880, 8
1111, 663.040, 296.880, 4
1112, 683.910, 296.880, 4
1113, 704.780, 296.880, 4
1114, 725.650, 296.880, 4
1115, 746.520, 296.880, 4
1116, 287.380, 305.380, 7
1117, 308.250, 305.380, 7
1118, 329.120, 305.380, 7
1119, 349.990, 305.380, 7
1120, 370.860, 305.380, 7
1121, 391.730, 305.380, 7
1122, 412.600, 305.380, 7
1123, 433.470, 305.380, 7
1124, 454.340, 305.380, 7
1125, 475.210, 305.380, 7
1126, 496.080, 305.380, 7
1127, 516.950, 305.380, 8
1128, 537.820, 305.380, 8
1129, 558.690, 305.380, 8
1130, 579.560, 305.380, 8
1131, 600.430, 305.380, 8
1132, 621.300, 305.380, 8
1133, 642.170, 305.380, 8
1134, 663.040, 305.380, 4
1135, 683.910, 305.380, 4
1136, 704.780, 305.380, 4
1137, 287.380, 313.880, 7
1138, 308.250, 313.880, 7
1139, 329.120, 313.880, 7
1140, 349.990, 313.880, 7
1141, 370.860, 313.880, 7
1142, 391.730, 313.880, 7
1143, 412.600, 313.880, 7
1144, 433.470, 313.880, 7
1145, 454.340, 313.880, 7
1146, 475.210, 313.880, 7
1147, 496.080, 313.880, 7
1148, 516.950, 313.880, 8
1149, 537.820, 313.880, 8
1150, 558.690, 313.880, 8
1151, 579.560, 313.880, 8
1152, 600.430, 313.880, 8
1153, 621.300, 313.880, 8
1154, 642.170, 313.880, 8
1155, 308.250, 322.380, 7
1156, 329.120, 322.380, 7
1157, 349.990, 322.380, 7
1158, 370.860, 322.380, 7
1159, 391.730, 322.380, 7
1160, 412.600, 322.380, 7
1161, 433.470, 322.380, 7
1162, 454.340, 322.380, 7
1163, 475.210, 322.380, 7
1164, 496.080, 322.380, 7
1165, 516.950, 322.380, 8
1166, 537.820, 322.380, 8
1167, 558.690, 322.380, 8
1168, 579.560, 322.380, 8
1169, 600.430, 322.380, 8
1170, 308.250, 330.880, 7
1171, 329.120, 330.880, 7
1172, 349.990, 330.880, 7
1173, 370.860, 330.880, 7
1174, 391.730, 330.880, 7
1175, 412.600, 330.880, 7
1176, 433.470, 330.880, 7
1177, 454.340, 330.880, 7
1178, 475.210, 330.880, 7
1179, 496.080, 330.880, 7
1180, 516.950, 330.880, 8
1181, 537.820, 330.880, 8
1182, 329.120, 339.380, 7
1183, 349.990, 339.380, 7
1184, 370.860, 339.380, 7
1185, 391.730, 339.380, 7
1186, 412.600, 339.380, 7
1187, 433.470, 339.380, 7
1188, 454.340, 339.380, 7
1189, 475.210, 339.380, 7
1190, 496.080, 339.380, 7
1191, 329.120, 347.880, 7
1192, 349.990, 347.880, 7
1193, 370.860, 347.880, 7
1194, 391.730, 347.880, 7
1195, 412.600, 347.880, 7
1196, 433.470, 347.880, 7
1197, 349.990, 356.380, 7
1198, 370.860, 356.380, 7
1199, 391.730, 356.380, 7
