1, 143.040, 438.910, 6
2, 143.040, 447.410, 6
3, 143.040, 455.910, 6
4, 143.040, 464.410, 6
5, 143.040, 472.910, 6
6, 143.040, 481.410, 6
7, 143.040, 489.910, 6
8, 143.040, 498.410, 6
9, 143.040, 506.910, 17
10, 143.040, 515.410, 17
11, 143.040, 523.910, 17
12, 143.040, 532.410, 17
13, 143.040, 540.910, 17
14, 143.040, 549.410, 17
15, 143.040, 557.910, 17
16, 143.040, 566.410, 17
17, 143.040, 574.910, 17
18, 143.040, 583.410, 17
19, 163.910, 277.410, 15
20, 163.910, 285.910, 15
21, 163.910, 294.410, 15
22, 163.910, 302.910, 15
23, 163.910, 311.410, 15
24, 163.910, 319.910, 15
25, 163.910, 328.410, 15
26, 163.910, 336.910, 15
27, 163.910, 345.410, 4
28, 163.910, 353.910, 4
29, 163.910, 362.410, 4
30, 163.910, 370.910, 4
31, 163.910, 379.410, 4
32, 163.910, 387.910, 4
33, 163.910, 396.410, 4
34, 163.910, 404.910, 4
35, 163.910, 413.410, 4
36, 163.910, 421.910, 6
37, 163.910, 430.410, 6
38, 163.910, 438.910, 6
39, 163.910, 447.410, 6
40, 163.910, 455.910, 6
41, 163.910, 464.410, 6
42, 163.910, 472.910, 6
43, 163.910, 481.410, 6
44, 163.910, 489.910, 6
45, 163.910, 498.410, 6
46, 163.910, 506.910, 17
47, 163.910, 515.410, 17
48, 163.910, 523.910, 17
49, 163.910, 532.410, 17
50, 163.910, 540.910, 17
51, 163.910, 549.410, 17
52, 163.910, 557.910, 17
53, 163.910, 566.410, 17
54, 163.910, 574.910, 17
55, 163.910, 583.410, 17
56, 163.910, 591.910, 17
57, 184.780, 277.410, 15
58, 184.780, 285.910, 15
59, 184.780, 294.410, 15
60, 184.780, 302.910, 15
61, 184.780, 311.410, 15
62, 184.780, 319.910, 15
63, 184.780, 328.410, 15
64, 184.780, 336.910, 15
65, 184.780, 345.410, 4
66, 184.780, 353.910, 4
67, 184.780, 362.410, 4
68, 184.780, 370.910, 4
69, 184.780, 379.410, 4
70, 184.780, 387.910, 4
71, 184.780, 396.410, 4
72, 184.780, 404.910, 4
73, 184.780, 413.410, 4
74, 184.780, 421.910, 6
75, 184.780, 430.410, 6
76, 184.780, 438.910, 6
77, 184.780, 447.410, 6
78, 184.780, 455.910, 6
79, 184.780, 464.410, 6
80, 184.780, 472.910, 6
81, 184.780, 481.410, 6
82, 184.780, 489.910, 6
83, 184.780, 498.410, 6
84, 184.780, 506.910, 17
85, 184.780, 515.410, 17
86, 184.780, 523.910, 17
87, 184.780, 532.410, 17
88, 184.780, 540.910, 17
89, 184.780, 549.410, 17
90, 184.780, 557.910, 17
91, 184.780, 566.410, 17
92, 184.780, 574.910, 17
93, 184.780, 583.410, 17
94, 184.780, 591.910, 17
95, 184.780, 600.410, 13
96, 205.650, 268.910, 15
97, 205.650, 277.410, 15
98, 205.650, 285.910, 15
99, 205.650, 294.410, 15
100, 205.650, 302.910, 15
101, 205.650, 311.410, 15
102, 205.650, 319.910, 15
103, 205.650, 328.410, 15
104, 205.650, 336.910, 15
105, 205.650, 345.410, 4
106, 205.650, 353.910, 4
107, 205.650, 362.410, 4
108, 205.650, 370.910, 4
109, 205.650, 379.410, 4
110, 205.650, 387.910, 4
111, 205.650, 396.410, 4
112, 205.650, 404.910, 4
113, 205.650, 413.410, 4
114, 205.650, 421.910, 6
115, 205.650, 430.410, 6
116, 205.650, 438.910, 6
117, 205.650, 447.410, 6
118, 205.650, 455.910, 6
119, 205.650, 464.410, 6
120, 205.650, 472.910, 6
121, 205.650, 481.410, 6
122, 205.650, 489.910, 6
123, 205.650, 498.410, 6
124, 205.650, 506.910, 17
125, 205.650, 515.410, 17
126, 205.650, 523.910, 17
127, 205.650, 532.410, 17
128, 205.650, 540.910, 17
129, 205.650, 549.410, 17
130, 205.650, 557.910, 17
131, 205.650, 566.410, 17
132, 205.650, 574.910, 17
133, 205.650, 583.410, 17
134, 205.650, 591.910, 17
135, 205.650, 600.410, 13
136, 205.650, 608.910, 13
137, 226.520, 260.410, 15
138, 226.520, 268.910, 15
139, 226.520, 277.410, 15
140, 226.520, 285.910, 15
141, 226.520, 294.410, 15
142, 226.520, 302.910, 15
143, 226.520, 311.410, 15
144, 226.520, 319.910, 15
145, 226.520, 328.410, 15
146, 226.520, 336.910, 15
147, 226.520, 345.410, 4
148, 226.520, 353.910, 4
149, 226.520, 362.410, 4
150, 226.520, 370.910, 4
151, 226.520, 379.410, 4
152, 226.520, 387.910, 4
153, 226.520, 396.410, 4
154, 226.520, 404.910, 4
155, 226.520, 413.410, 4
156, 226.520, 421.910, 6
157, 226.520, 430.410, 6
158, 226.520, 438.910, 6
159, 226.520, 447.410, 6
160, 226.520, 455.910, 6
161, 226.520, 464.410, 6
162, 226.520, 472.910, 6
163, 226.520, 481.410, 6
164, 226.520, 489.910, 6
165, 226.520, 498.410, 6
166, 226.520, 506.910, 6
167, 226.520, 515.410, 17
168, 226.520, 523.910, 17
169, 226.520, 532.410, 17
170, 226.520, 540.910, 17
171, 226.520, 549.410, 17
172, 226.520, 557.910, 17
173, 226.520, 566.410, 17
174, 226.520, 574.910, 17
175, 226.520, 583.410, 17
176, 226.520, 591.910, 17
177, 226.520, 600.410, 13
178, 226.520, 608.910, 13
179, 226.520, 617.410, 13
180, 247.390, 251.910, 15
181, 247.390, 260.410, 15
182, 247.390, 268.910, 15
183, 247.390, 277.410, 15
184, 247.390, 285.910, 15
185, 247.390, 294.410, 15
186, 247.390, 302.910, 15
187, 247.390, 311.410, 15
188, 247.390, 319.910, 15
189, 247.390, 328.410, 15
190, 247.390, 336.910, 15
191, 247.390, 345.410, 4
192, 247.390, 353.910, 4
193, 247.390, 362.410, 4
194, 247.390, 370.910, 4
195, 247.390, 379.410, 4
196, 247.390, 387.910, 4
197, 247.390, 396.410, 4
198, 247.390, 404.910, 4
199, 247.390, 413.410, 4
200, 247.390, 421.910, 4
201, 247.390, 430.410, 6
202, 247.390, 438.910, 6
203, 247.390, 447.410, 6
204, 247.390, 455.910, 6
205, 247.390, 464.410, 6
206, 247.390, 472.910, 6
207, 247.390, 481.410, 6
208, 247.390, 489.910, 6
209, 247.390, 498.410, 6
210, 247.390, 506.910, 6
211, 247.390, 515.410, 17
212, 247.390, 523.910, 17
213, 247.390, 532.410, 17
214, 247.390, 540.910, 17
215, 247.390, 549.410, 17
216, 247.390, 557.910, 17
217, 247.390, 566.410, 17
218, 247.390, 574.910, 17
219, 247.390, 583.410, 17
220, 247.390, 591.910, 17
221, 247.390, 600.410, 13
222, 247.390, 608.910, 13
223, 247.390, 617.410, 13
224, 247.390, 625.910, 13
225, 268.260, 251.910, 15
226, 268.260, 260.410, 15
227, 268.260, 268.910, 15
228, 268.260, 277.410, 15
229, 268.260, 285.910, 15
230, 268.260, 294.410, 15
231, 268.260, 302.910, 15
232, 268.260, 311.410, 15
233, 268.260, 319.910, 15
234, 268.260, 328.410, 15
235, 268.260, 336.910, 15
236, 268.260, 345.410, 4
237, 268.260, 353.910, 4
238, 268.260, 362.410, 4
239, 268.260, 370.910, 4
240, 268.260, 379.410, 4
241, 268.260, 387.910, 4
242, 268.260, 396.410, 4
243, 268.260, 404.910, 4
244, 268.260, 413.410, 4
245, 268.260, 421.910, 4
246, 268.260, 430.410, 6
247, 268.260, 438.910, 6
248, 268.260, 447.410, 6
249, 268.260, 455.910, 6
250, 268.260, 464.410, 6
251, 268.260, 472.910, 6
252, 268.260, 481.410, 6
253, 268.260, 489.910, 6
254, 268.260, 498.410, 6
255, 268.260, 506.910, 6
256, 268.260, 515.410, 17
257, 268.260, 523.910, 17
258, 268.260, 532.410, 17
259, 268.260, 540.910, 17
260, 268.260, 549.410, 17
261, 268.260, 557.910, 17
262, 268.260, 566.410, 17
263, 268.260, 574.910, 17
264, 268.260, 583.410, 17
265, 268.260, 591.910, 17
266, 268.260, 600.410, 13
267, 268.260, 608.910, 13
268, 268.260, 617.410, 13
269, 268.260, 625.910, 13
270, 268.260, 634.410, 13
271, 289.130, 243.410, 15
272, 289.130, 251.910, 15
273, 289.130, 260.410, 15
274, 289.130, 268.910, 15
275, 289.130, 277.410, 15
276, 289.130, 285.910, 15
277, 289.130, 294.410, 15
278, 289.130, 302.910, 15
279, 289.130, 311.410, 15
280, 289.130, 319.910, 15
281, 289.130, 328.410, 15
282, 289.130, 336.910, 15
283, 289.130, 345.410, 4
284, 289.130, 353.910, 4
285, 289.130, 362.410, 4
286, 289.130, 370.910, 4
287, 289.130, 379.410, 4
288, 289.130, 387.910, 4
289, 289.130, 396.410, 4
290, 289.130, 404.910, 4
291, 289.130, 413.410, 4
292, 289.130, 421.910, 4
293, 289.130, 430.410, 6
294, 289.130, 438.910, 6
295, 289.130, 447.410, 6
296, 289.130, 455.910, 6
297, 289.130, 464.410, 6
298, 289.130, 472.910, 6
299, 289.130, 481.410, 6
300, 289.130, 489.910, 6
301, 289.130, 498.410, 6
302, 289.130, 506.910, 6
303, 289.130, 515.410, 17
304, 289.130, 523.910, 17
305, 289.130, 532.410, 17
306, 289.130, 540.910, 17
307, 289.130, 549.410, 17
308, 289.130, 557.910, 17
309, 289.130, 566.410, 17
310, 289.130, 574.910, 17
311, 289.130, 583.410, 17
312, 289.130, 591.910, 17
313, 289.130, 600.410, 13
314, 289.130, 608.910, 13
315, 289.130, 617.410, 13
316, 289.130, 625.910, 13
317, 289.130, 634.410, 13
318, 289.130, 642.910, 13
319, 310.000, 234.910, 10
320, 310.000, 243.410, 15
321, 310.000, 251.910, 15
322, 310.000, 260.410, 15
323, 310.000, 268.910, 15
324, 310.000, 277.410, 15
325, 310.000, 285.910, 15
326, 310.000, 294.410, 15
327, 310.000, 302.910, 15
328, 310.000, 311.410, 15
329, 310.000, 319.910, 15
330, 310.000, 328.410, 15
331, 310.000, 336.910, 4
332, 310.000, 345.410, 4
333, 310.000, 353.910, 4
334, 310.000, 362.410, 4
335, 310.000, 370.910, 4
336, 310.000, 379.410, 4
337, 310.000, 387.910, 4
338, 310.000, 396.410, 4
339, 310.000, 404.910, 4
340, 310.000, 413.410, 4
341, 310.000, 421.910, 4
342, 310.000, 430.410, 6
343, 310.000, 438.910, 6
344, 310.000, 447.410, 6
345, 310.000, 455.910, 6
346, 310.000, 464.410, 6
347, 310.000, 472.910, 6
348, 310.000, 481.410, 6
349, 310.000, 489.910, 6
350, 310.000, 498.410, 6
351, 310.000, 506.910, 6
352, 310.000, 515.410, 17
353, 310.000, 523.910, 17
354, 310.000, 532.410, 17
355, 310.000, 540.910, 17
356, 310.000, 549.410, 17
357, 310.000, 557.910, 17
358, 310.000, 566.410, 17
359, 310.000, 574.910, 17
360, 310.000, 583.410, 17
361, 310.000, 591.910, 13
362, 310.000, 600.410, 13
363, 310.000, 608.910, 13
364, 310.000, 617.410, 13
365, 310.000, 625.910, 13
366, 310.000, 634.410, 13
367, 310.000, 642.910, 13
368, 310.000, 651.410, 13
369, 330.870, 226.410, 10
370, 330.870, 234.910, 10
371, 330.870, 243.410, 10
372, 330.870, 251.910, 15
373, 330.870, 260.410, 15
374, 330.870, 268.910, 15
375, 330.870, 277.410, 15
376, 330.870, 285.910, 15
377, 330.870, 294.410, 15
378, 330.870, 302.910, 15
379, 330.870, 311.410, 15
380, 330.870, 319.910, 15
381, 330.870, 328.410, 15
382, 330.870, 336.910, 4
383, 330.870, 345.410, 4
384, 330.870, 353.910, 4
385, 330.870, 362.410, 4
386, 330.870, 370.910, 4
387, 330.870, 379.410, 4
388, 330.870, 387.910, 4
389, 330.870, 396.410, 4
390, 330.870, 404.910, 4
391, 330.870, 413.410, 4
392, 330.870, 421.910, 4
393, 330.870, 430.410, 6
394, 330.870, 438.910, 6
395, 330.870, 447.410, 6
396, 330.870, 455.910, 6
397, 330.870, 464.410, 6
398, 330.870, 472.910, 6
399, 330.870, 481.410, 6
400, 330.870, 489.910, 6
401, 330.870, 498.410, 6
402, 330.870, 506.910, 6
403, 330.870, 515.410, 17
404, 330.870, 523.910, 17
405, 330.870, 532.410, 17
406, 330.870, 540.910, 17
407, 330.870, 549.410, 17
408, 330.870, 557.910, 17
409, 330.870, 566.410, 17
410, 330.870, 574.910, 17
411, 330.870, 583.410, 17
412, 330.870, 591.910, 13
413, 330.870, 600.410, 13
414, 330.870, 608.910, 13
415, 330.870, 617.410, 13
416, 330.870, 625.910, 13
417, 330.870, 634.410, 13
418, 330.870, 642.910, 13
419, 330.870, 651.410, 13
420, 351.740, 209.410, 10
421, 351.740, 217.910, 10
422, 351.740, 226.410, 10
423, 351.740, 234.910, 10
424, 351.740, 243.410, 10
425, 351.740, 251.910, 15
426, 351.740, 260.410, 15
427, 351.740, 268.910, 15
428, 351.740, 277.410, 15
429, 351.740, 285.910, 15
430, 351.740, 294.410, 15
431, 351.740, 302.910, 15
432, 351.740, 311.410, 15
433, 351.740, 319.910, 15
434, 351.740, 328.410, 15
435, 351.740, 336.910, 4
436, 351.740, 345.410, 4
437, 351.740, 353.910, 4
438, 351.740, 362.410, 4
439, 351.740, 370.910, 4
440, 351.740, 379.410, 4
441, 351.740, 387.910, 4
442, 351.740, 396.410, 4
443, 351.740, 404.910, 4
444, 351.740, 413.410, 4
445, 351.740, 421.910, 4
446, 351.740, 430.410, 6
447, 351.740, 438.910, 6
448, 351.740, 447.410, 6
449, 351.740, 455.910, 6
450, 351.740, 464.410, 6
451, 351.740, 472.910, 6
452, 351.740, 481.410, 6
453, 351.740, 489.910, 6
454, 351.740, 498.410, 6
455, 351.740, 506.910, 6
456, 351.740, 515.410, 17
457, 351.740, 523.910, 17
458, 351.740, 532.410, 17
459, 351.740, 540.910, 17
460, 351.740, 549.410, 17
461, 351.740, 557.910, 17
462, 351.740, 566.410, 17
463, 351.740, 574.910, 17
464, 351.740, 583.410, 13
465, 351.740, 591.910, 13
466, 351.740, 600.410, 13
467, 351.740, 608.910, 13
468, 351.740, 617.410, 13
469, 351.740, 625.910, 13
470, 351.740, 634.410, 13
471, 351.740, 642.910, 13
472, 351.740, 651.410, 13
473, 372.610, 209.410, 10
474, 372.610, 217.910, 10
475, 372.610, 226.410, 10
476, 372.610, 234.910, 10
477, 372.610, 243.410, 10
478, 372.610, 251.910, 15
479, 372.610, 260.410, 15
480, 372.610, 268.910, 15
481, 372.610, 277.410, 15
482, 372.610, 285.910, 15
483, 372.610, 294.410, 15
484, 372.610, 302.910, 15
485, 372.610, 311.410, 15
486, 372.610, 319.910, 15
487, 372.610, 328.410, 1
488, 372.610, 336.910, 4
489, 372.610, 345.410, 4
490, 372.610, 353.910, 4
491, 372.610, 362.410, 4
492, 372.610, 370.910, 4
493, 372.610, 379.410, 4
494, 372.610, 387.910, 4
495, 372.610, 396.410, 4
496, 372.610, 404.910, 4
497, 372.610, 413.410, 4
498, 372.610, 421.910, 11
499, 372.610, 430.410, 11
500, 372.610, 438.910, 11
501, 372.610, 447.410, 11
502, 372.610, 455.910, 11
503, 372.610, 464.410, 11
504, 372.610, 472.910, 11
505, 372.610, 481.410, 11
506, 372.610, 489.910, 11
507, 372.610, 498.410, 11
508, 372.610, 506.910, 3
509, 372.610, 515.410, 3
510, 372.610, 523.910, 3
511, 372.610, 532.410, 3
512, 372.610, 540.910, 3
513, 372.610, 549.410, 3
514, 372.610, 557.910, 3
515, 372.610, 566.410, 3
516, 372.610, 574.910, 3
517, 372.610, 583.410, 13
518, 372.610, 591.910, 13
519, 372.610, 600.410, 13
520, 372.610, 608.910, 13
521, 372.610, 617.410, 13
522, 372.610, 625.910, 13
523, 372.610, 634.410, 13
524, 372.610, 642.910, 13
525, 372.610, 651.410, 13
526, 393.480, 200.910, 10
527, 393.480, 209.410, 10
528, 393.480, 217.910, 10
529, 393.480, 226.410, 10
530, 393.480, 234.910, 10
531, 393.480, 243.410, 10
532, 393.480, 251.910, 7
533, 393.480, 260.410, 7
534, 393.480, 268.910, 7
535, 393.480, 277.410, 7
536, 393.480, 285.910, 7
537, 393.480, 294.410, 7
538, 393.480, 302.910, 7
539, 393.480, 311.410, 7
540, 393.480, 319.910, 7
541, 393.480, 328.410, 1
542, 393.480, 336.910, 1
543, 393.480, 345.410, 1
544, 393.480, 353.910, 1
545, 393.480, 362.410, 1
546, 393.480, 370.910, 1
547, 393.480, 379.410, 1
548, 393.480, 387.910, 1
549, 393.480, 396.410, 1
550, 393.480, 404.910, 11
551, 393.480, 413.410, 11
552, 393.480, 421.910, 11
553, 393.480, 430.410, 11
554, 393.480, 438.910, 11
555, 393.480, 447.410, 11
556, 393.480, 455.910, 11
557, 393.480, 464.410, 11
558, 393.480, 472.910, 11
559, 393.480, 481.410, 11
560, 393.480, 489.910, 11
561, 393.480, 498.410, 3
562, 393.480, 506.910, 3
563, 393.480, 515.410, 3
564, 393.480, 523.910, 3
565, 393.480, 532.410, 3
566, 393.480, 540.910, 3
567, 393.480, 549.410, 3
568, 393.480, 557.910, 3
569, 393.480, 566.410, 3
570, 393.480, 574.910, 3
571, 393.480, 583.410, 13
572, 393.480, 591.910, 13
573, 393.480, 600.410, 13
574, 393.480, 608.910, 13
575, 393.480, 617.410, 13
576, 393.480, 625.910, 13
577, 393.480, 634.410, 13
578, 393.480, 642.910, 13
579, 393.480, 651.410, 13
580, 414.350, 192.410, 10
581, 414.350, 200.910, 10
582, 414.350, 209.410, 10
583, 414.350, 217.910, 10
584, 414.350, 226.410, 10
585, 414.350, 234.910, 10
586, 414.350, 243.410, 10
587, 414.350, 251.910, 7
588, 414.350, 260.410, 7
589, 414.350, 268.910, 7
590, 414.350, 277.410, 7
591, 414.350, 285.910, 7
592, 414.350, 294.410, 7
593, 414.350, 302.910, 7
594, 414.350, 311.410, 7
595, 414.350, 319.910, 7
596, 414.350, 328.410, 1
597, 414.350, 336.910, 1
598, 414.350, 345.410, 1
599, 414.350, 353.910, 1
600, 414.350, 362.410, 1
601, 414.350, 370.910, 1
602, 414.350, 379.410, 1
603, 414.350, 387.910, 1
604, 414.350, 396.410, 1
605, 414.350, 404.910, 11
606, 414.350, 413.410, 11
607, 414.350, 421.910, 11
608, 414.350, 430.410, 11
609, 414.350, 438.910, 11
610, 414.350, 447.410, 11
611, 414.350, 455.910, 11
612, 414.350, 464.410, 11
613, 414.350, 472.910, 11
614, 414.350, 481.410, 11
615, 414.350, 489.910, 11
616, 414.350, 498.410, 3
617, 414.350, 506.910, 3
618, 414.350, 515.410, 3
619, 414.350, 523.910, 3
620, 414.350, 532.410, 3
621, 414.350, 540.910, 3
622, 414.350, 549.410, 3
623, 414.350, 557.910, 3
624, 414.350, 566.410, 3
625, 414.350, 574.910, 3
626, 414.350, 583.410, 13
627, 414.350, 591.910, 13
628, 414.350, 600.410, 13
629, 414.350, 608.910, 13
630, 414.350, 617.410, 13
631, 414.350, 625.910, 13
632, 414.350, 634.410, 13
633, 414.350, 642.910, 13
634, 414.350, 651.410, 13
635, 435.220, 183.910, 10
636, 435.220, 192.410, 10
637, 435.220, 200.910, 10
638, 435.220, 209.410, 10
639, 435.220, 217.910, 10
640, 435.220, 226.410, 10
641, 435.220, 234.910, 10
642, 435.220, 243.410, 10
643, 435.220, 251.910, 7
644, 435.220, 260.410, 7
645, 435.220, 268.910, 7
646, 435.220, 277.410, 7
647, 435.220, 285.910, 7
648, 435.220, 294.410, 7
649, 435.220, 302.910, 7
650, 435.220, 311.410, 7
651, 435.220, 319.910, 7
652, 435.220, 328.410, 1
653, 435.220, 336.910, 1
654, 435.220, 345.410, 1
655, 435.220, 353.910, 1
656, 435.220, 362.410, 1
657, 435.220, 370.910, 1
658, 435.220, 379.410, 1
659, 435.220, 387.910, 1
660, 435.220, 396.410, 1
661, 435.220, 404.910, 11
662, 435.220, 413.410, 11
663, 435.220, 421.910, 11
664, 435.220, 430.410, 11
665, 435.220, 438.910, 11
666, 435.220, 447.410, 11
667, 435.220, 455.910, 11
668, 435.220, 464.410, 11
669, 435.220, 472.910, 11
670, 435.220, 481.410, 11
671, 435.220, 489.910, 11
672, 435.220, 498.410, 3
673, 435.220, 506.910, 3
674, 435.220, 515.410, 3
675, 435.220, 523.910, 3
676, 435.220, 532.410, 3
677, 435.220, 540.910, 3
678, 435.220, 549.410, 3
679, 435.220, 557.910, 3
680, 435.220, 566.410, 3
681, 435.220, 574.910, 3
682, 435.220, 583.410, 13
683, 435.220, 591.910, 13
684, 435.220, 600.410, 13
685, 435.220, 608.910, 13
686, 435.220, 617.410, 13
687, 435.220, 625.910, 13
688, 435.220, 634.410, 13
689, 435.220, 642.910, 13
690, 435.220, 651.410, 13
691, 456.090, 183.910, 10
692, 456.090, 192.410, 10
693, 456.090, 200.910, 10
694, 456.090, 209.410, 10
695, 456.090, 217.910, 10
696, 456.090, 226.410, 10
697, 456.090, 234.910, 10
698, 456.090, 243.410, 10
699, 456.090, 251.910, 7
700, 456.090, 260.410, 7
701, 456.090, 268.910, 7
702, 456.090, 277.410, 7
703, 456.090, 285.910, 7
704, 456.090, 294.410, 7
705, 456.090, 302.910, 7
706, 456.090, 311.410, 7
707, 456.090, 319.910, 7
708, 456.090, 328.410, 1
709, 456.090, 336.910, 1
710, 456.090, 345.410, 1
711, 456.090, 353.910, 1
712, 456.090, 362.410, 1
713, 456.090, 370.910, 1
714, 456.090, 379.410, 1
715, 456.090, 387.910, 1
716, 456.090, 396.410, 1
717, 456.090, 404.910, 11
718, 456.090, 413.410, 11
719, 456.090, 421.910, 11
720, 456.090, 430.410, 11
721, 456.090, 438.910, 11
722, 456.090, 447.410, 11
723, 456.090, 455.910, 11
724, 456.090, 464.410, 11
725, 456.090, 472.910, 11
726, 456.090, 481.410, 11
727, 456.090, 489.910, 11
728, 456.090, 498.410, 3
729, 456.090, 506.910, 3
730, 456.090, 515.410, 3
731, 456.090, 523.910, 3
732, 456.090, 532.410, 3
733, 456.090, 540.910, 3
734, 456.090, 549.410, 3
735, 456.090, 557.910, 3
736, 456.090, 566.410, 3
737, 456.090, 574.910, 3
738, 456.090, 583.410, 13
739, 456.090, 591.910, 13
740, 456.090, 600.410, 13
741, 456.090, 608.910, 13
742, 456.090, 617.410, 13
743, 456.090, 625.910, 13
744, 456.090, 634.410, 13
745, 456.090, 642.910, 13
746, 456.090, 651.410, 13
747, 476.960, 175.410, 10
748, 476.960, 183.910, 10
749, 476.960, 192.410, 10
750, 476.960, 200.910, 10
751, 476.960, 209.410, 10
752, 476.960, 217.910, 10
753, 476.960, 226.410, 10
754, 476.960, 234.910, 10
755, 476.960, 243.410, 10
756, 476.960, 251.910, 7
757, 476.960, 260.410, 7
758, 476.960, 268.910, 7
759, 476.960, 277.410, 7
760, 476.960, 285.910, 7
761, 476.960, 294.410, 7
762, 476.960, 302.910, 7
763, 476.960, 311.410, 7
764, 476.960, 319.910, 7
765, 476.960, 328.410, 1
766, 476.960, 336.910, 1
767, 476.960, 345.410, 1
768, 476.960, 353.910, 1
769, 476.960, 362.410, 1
770, 476.960, 370.910, 1
771, 476.960, 379.410, 1
772, 476.960, 387.910, 1
773, 476.960, 396.410, 1
774, 476.960, 404.910, 11
775, 476.960, 413.410, 11
776, 476.960, 421.910, 11
777, 476.960, 430.410, 11
778, 476.960, 438.910, 11
779, 476.960, 447.410, 11
780, 476.960, 455.910, 11
781, 476.960, 464.410, 11
782, 476.960, 472.910, 11
783, 476.960, 481.410, 11
784, 476.960, 489.910, 11
785, 476.960, 498.410, 3
786, 476.960, 506.910, 3
787, 476.960, 515.410, 3
788, 476.960, 523.910, 3
789, 476.960, 532.410, 3
790, 476.960, 540.910, 3
791, 476.960, 549.410, 3
792, 476.960, 557.910, 3
793, 476.960, 566.410, 3
794, 476.960, 574.910, 3
795, 476.960, 583.410, 13
796, 476.960, 591.910, 13
797, 476.960, 600.410, 13
798, 476.960, 608.910, 13
799, 476.960, 617.410, 13
800, 476.960, 625.910, 13
801, 476.960, 634.410, 13
802, 476.960, 642.910, 13
803, 476.960, 651.410, 13
804, 497.830, 166.910, 10
805, 497.830, 175.410, 10
806, 497.830, 183.910, 10
807, 497.830, 192.410, 10
808, 497.830, 200.910, 10
809, 497.830, 209.410, 10
810, 497.830, 217.910, 10
811, 497.830, 226.410, 10
812, 497.830, 234.910, 10
813, 497.830, 243.410, 10
814, 497.830, 251.910, 7
815, 497.830, 260.410, 7
816, 497.830, 268.910, 7
817, 497.830, 277.410, 7
818, 497.830, 285.910, 7
819, 497.830, 294.410, 7
820, 497.830, 302.910, 7
821, 497.830, 311.410, 7
822, 497.830, 319.910, 7
823, 497.830, 328.410, 1
824, 497.830, 336.910, 1
825, 497.830, 345.410, 1
826, 497.830, 353.910, 1
827, 497.830, 362.410, 1
828, 497.830, 370.910, 1
829, 497.830, 379.410, 1
830, 497.830, 387.910, 1
831, 497.830, 396.410, 1
832, 497.830, 404.910, 11
833, 497.830, 413.410, 11
834, 497.830, 421.910, 11
835, 497.830, 430.410, 11
836, 497.830, 438.910, 11
837, 497.830, 447.410, 11
838, 497.830, 455.910, 11
839, 497.830, 464.410, 11
840, 497.830, 472.910, 11
841, 497.830, 481.410, 11
842, 497.830, 489.910, 11
843, 497.830, 498.410, 3
844, 497.830, 506.910, 3
845, 497.830, 515.410, 3
846, 497.830, 523.910, 3
847, 497.830, 532.410, 3
848, 497.830, 540.910, 3
849, 497.830, 549.410, 3
850, 497.830, 557.910, 3
851, 497.830, 566.410, 3
852, 497.830, 574.910, 3
853, 497.830, 583.410, 13
854, 497.830, 591.910, 13
855, 497.830, 600.410, 13
856, 497.830, 608.910, 13
857, 497.830, 617.410, 13
858, 497.830, 625.910, 13
859, 497.830, 634.410, 13
860, 497.830, 642.910, 13
861, 497.830, 651.410, 13
862, 518.700, 158.410, 10
863, 518.700, 166.910, 10
864, 518.700, 175.410, 10
865, 518.700, 183.910, 10
866, 518.700, 192.410, 10
867, 518.700, 200.910, 10
868, 518.700, 209.410, 10
869, 518.700, 217.910, 10
870, 518.700, 226.410, 10
871, 518.700, 234.910, 10
872, 518.700, 243.410, 10
873, 518.700, 251.910, 7
874, 518.700, 260.410, 7
875, 518.700, 268.910, 7
876, 518.700, 277.410, 7
877, 518.700, 285.910, 7
878, 518.700, 294.410, 7
879, 518.700, 302.910, 7
880, 518.700, 311.410, 7
881, 518.700, 319.910, 7
882, 518.700, 328.410, 1
883, 518.700, 336.910, 1
884, 518.700, 345.410, 1
885, 518.700, 353.910, 1
886, 518.700, 362.410, 1
887, 518.700, 370.910, 1
888, 518.700, 379.410, 1
889, 518.700, 387.910, 1
890, 518.700, 396.410, 1
891, 518.700, 404.910, 11
892, 518.700, 413.410, 11
893, 518.700, 421.910, 11
894, 518.700, 430.410, 11
895, 518.700, 438.910, 11
896, 518.700, 447.410, 11
897, 518.700, 455.910, 11
898, 518.700, 464.410, 11
899, 518.700, 472.910, 11
900, 518.700, 481.410, 11
901, 518.700, 489.910, 11
902, 518.700, 498.410, 3
903, 518.700, 506.910, 3
904, 518.700, 515.410, 3
905, 518.700, 523.910, 3
906, 518.700, 532.410, 3
907, 518.700, 540.910, 3
908, 518.700, 549.410, 3
909, 518.700, 557.910, 3
910, 518.700, 566.410, 3
911, 518.700, 574.910, 3
912, 518.700, 583.410, 3
913, 518.700, 591.910, 8
914, 518.700, 600.410, 8
915, 518.700, 608.910, 8
916, 518.700, 617.410, 8
917, 518.700, 625.910, 8
918, 518.700, 634.410, 8
919, 518.700, 642.910, 8
920, 518.700, 651.410, 8
921, 539.570, 149.910, 10
922, 539.570, 158.410, 10
923, 539.570, 166.910, 10
924, 539.570, 175.410, 10
925, 539.570, 183.910, 10
926, 539.570, 192.410, 10
927, 539.570, 200.910, 10
928, 539.570, 209.410, 10
929, 539.570, 217.910, 10
930, 539.570, 226.410, 10
931, 539.570, 234.910, 10
932, 539.570, 243.410, 10
933, 539.570, 251.910, 7
934, 539.570, 260.410, 7
935, 539.570, 268.910, 7
936, 539.570, 277.410, 7
937, 539.570, 285.910, 7
938, 539.570, 294.410, 7
939, 539.570, 302.910, 7
940, 539.570, 311.410, 7
941, 539.570, 319.910, 7
942, 539.570, 328.410, 1
943, 539.570, 336.910, 1
944, 539.570, 345.410, 1
945, 539.570, 353.910, 1
946, 539.570, 362.410, 1
947, 539.570, 370.910, 1
948, 539.570, 379.410, 1
949, 539.570, 387.910, 1
950, 539.570, 396.410, 1
951, 539.570, 404.910, 11
952, 539.570, 413.410, 11
953, 539.570, 421.910, 11
954, 539.570, 430.410, 11
955, 539.570, 438.910, 11
956, 539.570, 447.410, 11
957, 539.570, 455.910, 11
958, 539.570, 464.410, 11
959, 539.570, 472.910, 11
960, 539.570, 481.410, 11
961, 539.570, 489.910, 11
962, 539.570, 498.410, 3
963, 539.570, 506.910, 3
964, 539.570, 515.410, 3
965, 539.570, 523.910, 3
966, 539.570, 532.410, 3
967, 539.570, 540.910, 3
968, 539.570, 549.410, 3
969, 539.570, 557.910, 3
970, 539.570, 566.410, 3
971, 539.570, 574.910, 3
972, 539.570, 583.410, 3
973, 539.570, 591.910, 8
974, 539.570, 600.410, 8
975, 539.570, 608.910, 8
976, 539.570, 617.410, 8
977, 539.570, 625.910, 8
978, 539.570, 634.410, 8
979, 539.570, 642.910, 8
980, 539.570, 651.410, 8
981, 560.440, 149.910, 10
982, 560.440, 158.410, 10
983, 560.440, 166.910, 10
984, 560.440, 175.410, 10
985, 560.440, 183.910, 10
986, 560.440, 192.410, 10
987, 560.440, 200.910, 10
988, 560.440, 209.410, 10
989, 560.440, 217.910, 10
990, 560.440, 226.410, 10
991, 560.440, 234.910, 10
992, 560.440, 243.410, 10
993, 560.440, 251.910, 7
994, 560.440, 260.410, 7
995, 560.440, 268.910, 7
996, 560.440, 277.410, 7
997, 560.440, 285.910, 7
998, 560.440, 294.410, 7
999, 560.440, 302.910, 7
1000, 560.440, 311.410, 7
1001, 560.440, 319.910, 7
1002, 560.440, 328.410, 1
1003, 560.440, 336.910, 1
1004, 560.440, 345.410, 1
1005, 560.440, 353.910, 1
1006, 560.440, 362.410, 1
1007, 560.440, 370.910, 1
1008, 560.440, 379.410, 1
1009, 560.440, 387.910, 1
1010, 560.440, 396.410, 1
1011, 560.440, 404.910, 11
1012, 560.440, 413.410, 11
1013, 560.440, 421.910, 11
1014, 560.440, 430.410, 11
1015, 560.440, 438.910, 11
1016, 560.440, 447.410, 11
1017, 560.440, 455.910, 11
1018, 560.440, 464.410, 11
1019, 560.440, 472.910, 11
1020, 560.440, 481.410, 11
1021, 560.440, 489.910, 11
1022, 560.440, 498.410, 3
1023, 560.440, 506.910, 3
1024, 560.440, 515.410, 3
1025, 560.440, 523.910, 3
1026, 560.440, 532.410, 3
1027, 560.440, 540.910, 3
1028, 560.440, 549.410, 3
1029, 560.440, 557.910, 3
1030, 560.440, 566.410, 3
1031, 560.440, 574.910, 3
1032, 560.440, 583.410, 3
1033, 560.440, 591.910, 8
1034, 560.440, 600.410, 8
1035, 560.440, 608.910, 8
1036, 560.440, 617.410, 8
1037, 560.440, 625.910, 8
1038, 560.440, 634.410, 8
1039, 560.440, 642.910, 8
1040, 560.440, 651.410, 8
1041, 581.310, 141.410, 24
1042, 581.310, 149.910, 10
1043, 581.310, 158.410, 10
1044, 581.310, 166.910, 10
1045, 581.310, 175.410, 10
1046, 581.310, 183.910, 10
1047, 581.310, 192.410, 10
1048, 581.310, 200.910, 10
1049, 581.310, 209.410, 10
1050, 581.310, 217.910, 10
1051, 581.310, 226.410, 10
1052, 581.310, 234.910, 10
1053, 581.310, 243.410, 10
1054, 581.310, 251.910, 7
1055, 581.310, 260.410, 7
1056, 581.310, 268.910, 7
1057, 581.310, 277.410, 7
1058, 581.310, 285.910, 7
1059, 581.310, 294.410, 7
1060, 581.310, 302.910, 7
1061, 581.310, 311.410, 7
1062, 581.310, 319.910, 7
1063, 581.310, 328.410, 1
1064, 581.310, 336.910, 1
1065, 581.310, 345.410, 1
1066, 581.310, 353.910, 1
1067, 581.310, 362.410, 1
1068, 581.310, 370.910, 1
1069, 581.310, 379.410, 1
1070, 581.310, 387.910, 1
1071, 581.310, 396.410, 1
1072, 581.310, 404.910, 20
1073, 581.310, 413.410, 20
1074, 581.310, 421.910, 20
1075, 581.310, 430.410, 20
1076, 581.310, 438.910, 20
1077, 581.310, 447.410, 20
1078, 581.310, 455.910, 20
1079, 581.310, 464.410, 20
1080, 581.310, 472.910, 20
1081, 581.310, 481.410, 20
1082, 581.310, 489.910, 9
1083, 581.310, 498.410, 9
1084, 581.310, 506.910, 9
1085, 581.310, 515.410, 9
1086, 581.310, 523.910, 3
1087, 581.310, 532.410, 3
1088, 581.310, 540.910, 3
1089, 581.310, 549.410, 3
1090, 581.310, 557.910, 3
1091, 581.310, 566.410, 3
1092, 581.310, 574.910, 3
1093, 581.310, 583.410, 8
1094, 581.310, 591.910, 8
1095, 581.310, 600.410, 8
1096, 581.310, 608.910, 8
1097, 581.310, 617.410, 8
1098, 581.310, 625.910, 8
1099, 581.310, 634.410, 8
1100, 581.310, 642.910, 8
1101, 581.310, 651.410, 8
1102, 602.180, 132.910, 24
1103, 602.180, 141.410, 24
1104, 602.180, 149.910, 24
1105, 602.180, 158.410, 2
1106, 602.180, 166.910, 2
1107, 602.180, 175.410, 2
1108, 602.180, 183.910, 2
1109, 602.180, 192.410, 2
1110, 602.180, 200.910, 2
1111, 602.180, 209.410, 2
1112, 602.180, 217.910, 2
1113, 602.180, 226.410, 2
1114, 602.180, 234.910, 2
1115, 602.180, 243.410, 7
1116, 602.180, 251.910, 7
1117, 602.180, 260.410, 7
1118, 602.180, 268.910, 7
1119, 602.180, 277.410, 7
1120, 602.180, 285.910, 7
1121, 602.180, 294.410, 7
1122, 602.180, 302.910, 7
1123, 602.180, 311.410, 7
1124, 602.180, 319.910, 7
1125, 602.180, 328.410, 1
1126, 602.180, 336.910, 1
1127, 602.180, 345.410, 1
1128, 602.180, 353.910, 1
1129, 602.180, 362.410, 1
1130, 602.180, 370.910, 1
1131, 602.180, 379.410, 1
1132, 602.180, 387.910, 1
1133, 602.180, 396.410, 1
1134, 602.180, 404.910, 20
1135, 602.180, 413.410, 20
1136, 602.180, 421.910, 20
1137, 602.180, 430.410, 20
1138, 602.180, 438.910, 20
1139, 602.180, 447.410, 20
1140, 602.180, 455.910, 20
1141, 602.180, 464.410, 20
1142, 602.180, 472.910, 20
1143, 602.180, 481.410, 20
1144, 602.180, 489.910, 9
1145, 602.180, 498.410, 9
1146, 602.180, 506.910, 9
1147, 602.180, 515.410, 9
1148, 602.180, 523.910, 9
1149, 602.180, 532.410, 9
1150, 602.180, 540.910, 9
1151, 602.180, 549.410, 9
1152, 602.180, 557.910, 9
1153, 602.180, 566.410, 9
1154, 602.180, 574.910, 9
1155, 602.180, 583.410, 8
1156, 602.180, 591.910, 8
1157, 602.180, 600.410, 8
1158, 602.180, 608.910, 8
1159, 602.180, 617.410, 8
1160, 602.180, 625.910, 8
1161, 602.180, 634.410, 8
1162, 602.180, 642.910, 8
1163, 602.180, 651.410, 8
1164, 623.050, 124.410, 24
1165, 623.050, 132.910, 24
1166, 623.050, 141.410, 24
1167, 623.050, 149.910, 24
1168, 623.050, 158.410, 2
1169, 623.050, 166.910, 2
1170, 623.050, 175.410, 2
1171, 623.050, 183.910, 2
1172, 623.050, 192.410, 2
1173, 623.050, 200.910, 2
1174, 623.050, 209.410, 2
1175, 623.050, 217.910, 2
1176, 623.050, 226.410, 2
1177, 623.050, 234.910, 2
1178, 623.050, 243.410, 2
1179, 623.050, 251.910, 7
1180, 623.050, 260.410, 7
1181, 623.050, 268.910, 7
1182, 623.050, 277.410, 7
1183, 623.050, 285.910, 7
1184, 623.050, 294.410, 7
1185, 623.050, 302.910, 7
1186, 623.050, 311.410, 7
1187, 623.050, 319.910, 7
1188, 623.050, 328.410, 1
1189, 623.050, 336.910, 1
1190, 623.050, 345.410, 1
1191, 623.050, 353.910, 1
1192, 623.050, 362.410, 1
1193, 623.050, 370.910, 1
1194, 623.050, 379.410, 1
1195, 623.050, 387.910, 1
1196, 623.050, 396.410, 1
1197, 623.050, 404.910, 20
1198, 623.050, 413.410, 20
1199, 623.050, 421.910, 20
1200, 623.050, 430.410, 20
1201, 623.050, 438.910, 20
1202, 623.050, 447.410, 20
1203, 623.050, 455.910, 20
1204, 623.050, 464.410, 20
1205, 623.050, 472.910, 20
1206, 623.050, 481.410, 20
1207, 623.050, 489.910, 9
1208, 623.050, 498.410, 9
1209, 623.050, 506.910, 9
1210, 623.050, 515.410, 9
1211, 623.050, 523.910, 9
1212, 623.050, 532.410, 9
1213, 623.050, 540.910, 9
1214, 623.050, 549.410, 9
1215, 623.050, 557.910, 9
1216, 623.050, 566.410, 9
1217, 623.050, 574.910, 9
1218, 623.050, 583.410, 8
1219, 623.050, 591.910, 8
1220, 623.050, 600.410, 8
1221, 623.050, 608.910, 8
1222, 623.050, 617.410, 8
1223, 623.050, 625.910, 8
1224, 623.050, 634.410, 8
1225, 623.050, 642.910, 8
1226, 623.050, 651.410, 8
1227, 643.920, 115.910, 24
1228, 643.920, 124.410, 24
1229, 643.920, 132.910, 24
1230, 643.920, 141.410, 24
1231, 643.920, 149.910, 24
1232, 643.920, 158.410, 2
1233, 643.920, 166.910, 2
1234, 643.920, 175.410, 2
1235, 643.920, 183.910, 2
1236, 643.920, 192.410, 2
1237, 643.920, 200.910, 2
1238, 643.920, 209.410, 2
1239, 643.920, 217.910, 2
1240, 643.920, 226.410, 2
1241, 643.920, 234.910, 2
1242, 643.920, 243.410, 2
1243, 643.920, 251.910, 25
1244, 643.920, 260.410, 25
1245, 643.920, 268.910, 25
1246, 643.920, 277.410, 25
1247, 643.920, 285.910, 25
1248, 643.920, 294.410, 25
1249, 643.920, 302.910, 25
1250, 643.920, 311.410, 25
1251, 643.920, 319.910, 25
1252, 643.920, 328.410, 14
1253, 643.920, 336.910, 14
1254, 643.920, 345.410, 14
1255, 643.920, 353.910, 14
1256, 643.920, 362.410, 14
1257, 643.920, 370.910, 14
1258, 643.920, 379.410, 14
1259, 643.920, 387.910, 14
1260, 643.920, 396.410, 14
1261, 643.920, 404.910, 20
1262, 643.920, 413.410, 20
1263, 643.920, 421.910, 20
1264, 643.920, 430.410, 20
1265, 643.920, 438.910, 20
1266, 643.920, 447.410, 20
1267, 643.920, 455.910, 20
1268, 643.920, 464.410, 20
1269, 643.920, 472.910, 20
1270, 643.920, 481.410, 20
1271, 643.920, 489.910, 9
1272, 643.920, 498.410, 9
1273, 643.920, 506.910, 9
1274, 643.920, 515.410, 9
1275, 643.920, 523.910, 9
1276, 643.920, 532.410, 9
1277, 643.920, 540.910, 9
1278, 643.920, 549.410, 9
1279, 643.920, 557.910, 9
1280, 643.920, 566.410, 9
1281, 643.920, 574.910, 9
1282, 643.920, 583.410, 8
1283, 643.920, 591.910, 8
1284, 643.920, 600.410, 8
1285, 643.920, 608.910, 8
1286, 643.920, 617.410, 8
1287, 643.920, 625.910, 8
1288, 643.920, 634.410, 8
1289, 643.920, 642.910, 8
1290, 643.920, 651.410, 8
1291, 664.790, 115.910, 24
1292, 664.790, 124.410, 24
1293, 664.790, 132.910, 24
1294, 664.790, 141.410, 24
1295, 664.790, 149.910, 24
1296, 664.790, 158.410, 2
1297, 664.790, 166.910, 2
1298, 664.790, 175.410, 2
1299, 664.790, 183.910, 2
1300, 664.790, 192.410, 2
1301, 664.790, 200.910, 2
1302, 664.790, 209.410, 2
1303, 664.790, 217.910, 2
1304, 664.790, 226.410, 2
1305, 664.790, 234.910, 2
1306, 664.790, 243.410, 2
1307, 664.790, 251.910, 25
1308, 664.790, 260.410, 25
1309, 664.790, 268.910, 25
1310, 664.790, 277.410, 25
1311, 664.790, 285.910, 25
1312, 664.790, 294.410, 25
1313, 664.790, 302.910, 25
1314, 664.790, 311.410, 25
1315, 664.790, 319.910, 25
1316, 664.790, 328.410, 14
1317, 664.790, 336.910, 14
1318, 664.790, 345.410, 14
1319, 664.790, 353.910, 14
1320, 664.790, 362.410, 14
1321, 664.790, 370.910, 14
1322, 664.790, 379.410, 14
1323, 664.790, 387.910, 14
1324, 664.790, 396.410, 14
1325, 664.790, 404.910, 20
1326, 664.790, 413.410, 20
1327, 664.790, 421.910, 20
1328, 664.790, 430.410, 20
1329, 664.790, 438.910, 20
1330, 664.790, 447.410, 20
1331, 664.790, 455.910, 20
1332, 664.790, 464.410, 20
1333, 664.790, 472.910, 20
1334, 664.790, 481.410, 20
1335, 664.790, 489.910, 9
1336, 664.790, 498.410, 9
1337, 664.790, 506.910, 9
1338, 664.790, 515.410, 9
1339, 664.790, 523.910, 9
1340, 664.790, 532.410, 9
1341, 664.790, 540.910, 9
1342, 664.790, 549.410, 9
1343, 664.790, 557.910, 9
1344, 664.790, 566.410, 9
1345, 664.790, 574.910, 9
1346, 664.790, 583.410, 8
1347, 664.790, 591.910, 8
1348, 664.790, 600.410, 8
1349, 664.790, 608.910, 8
1350, 664.790, 617.410, 8
1351, 664.790, 625.910, 8
1352, 664.790, 634.410, 8
1353, 664.790, 642.910, 8
1354, 664.790, 651.410, 8
1355, 685.660, 107.410, 24
1356, 685.660, 115.910, 24
1357, 685.660, 124.410, 24
1358, 685.660, 132.910, 24
1359, 685.660, 141.410, 24
1360, 685.660, 149.910, 24
1361, 685.660, 158.410, 2
1362, 685.660, 166.910, 2
1363, 685.660, 175.410, 2
1364, 685.660, 183.910, 2
1365, 685.660, 192.410, 2
1366, 685.660, 200.910, 2
1367, 685.660, 209.410, 2
1368, 685.660, 217.910, 2
1369, 685.660, 226.410, 2
1370, 685.660, 234.910, 2
1371, 685.660, 243.410, 2
1372, 685.660, 251.910, 25
1373, 685.660, 260.410, 25
1374, 685.660, 268.910, 25
1375, 685.660, 277.410, 25
1376, 685.660, 285.910, 25
1377, 685.660, 294.410, 25
1378, 685.660, 302.910, 25
1379, 685.660, 311.410, 25
1380, 685.660, 319.910, 25
1381, 685.660, 328.410, 14
1382, 685.660, 336.910, 14
1383, 685.660, 345.410, 14
1384, 685.660, 353.910, 14
1385, 685.660, 362.410, 14
1386, 685.660, 370.910, 14
1387, 685.660, 379.410, 14
1388, 685.660, 387.910, 14
1389, 685.660, 396.410, 14
1390, 685.660, 404.910, 20
1391, 685.660, 413.410, 20
1392, 685.660, 421.910, 20
1393, 685.660, 430.410, 20
1394, 685.660, 438.910, 20
1395, 685.660, 447.410, 20
1396, 685.660, 455.910, 20
1397, 685.660, 464.410, 20
1398, 685.660, 472.910, 20
1399, 685.660, 481.410, 20
1400, 685.660, 489.910, 9
1401, 685.660, 498.410, 9
1402, 685.660, 506.910, 9
1403, 685.660, 515.410, 9
1404, 685.660, 523.910, 9
1405, 685.660, 532.410, 9
1406, 685.660, 540.910, 9
1407, 685.660, 549.410, 9
1408, 685.660, 557.910, 9
1409, 685.660, 566.410, 9
1410, 685.660, 574.910, 9
1411, 685.660, 583.410, 8
1412, 685.660, 591.910, 8
1413, 685.660, 600.410, 8
1414, 685.660, 608.910, 8
1415, 685.660, 617.410, 8
1416, 685.660, 625.910, 8
1417, 685.660, 634.410, 8
1418, 685.660, 642.910, 8
1419, 685.660, 651.410, 8
1420, 706.530, 98.910, 24
1421, 706.530, 107.410, 24
1422, 706.530, 115.910, 24
1423, 706.530, 124.410, 24
1424, 706.530, 132.910, 24
1425, 706.530, 141.410, 24
1426, 706.530, 149.910, 24
1427, 706.530, 158.410, 2
1428, 706.530, 166.910, 2
1429, 706.530, 175.410, 2
1430, 706.530, 183.910, 2
1431, 706.530, 192.410, 2
1432, 706.530, 200.910, 2
1433, 706.530, 209.410, 2
1434, 706.530, 217.910, 2
1435, 706.530, 226.410, 2
1436, 706.530, 234.910, 2
1437, 706.530, 243.410, 2
1438, 706.530, 251.910, 25
1439, 706.530, 260.410, 25
1440, 706.530, 268.910, 25
1441, 706.530, 277.410, 25
1442, 706.530, 285.910, 25
1443, 706.530, 294.410, 25
1444, 706.530, 302.910, 25
1445, 706.530, 311.410, 25
1446, 706.530, 319.910, 25
1447, 706.530, 328.410, 14
1448, 706.530, 336.910, 14
1449, 706.530, 345.410, 14
1450, 706.530, 353.910, 14
1451, 706.530, 362.410, 14
1452, 706.530, 370.910, 14
1453, 706.530, 379.410, 14
1454, 706.530, 387.910, 14
1455, 706.530, 396.410, 14
1456, 706.530, 404.910, 20
1457, 706.530, 413.410, 20
1458, 706.530, 421.910, 20
1459, 706.530, 430.410, 20
1460, 706.530, 438.910, 20
1461, 706.530, 447.410, 20
1462, 706.530, 455.910, 20
1463, 706.530, 464.410, 20
1464, 706.530, 472.910, 20
1465, 706.530, 481.410, 20
1466, 706.530, 489.910, 9
1467, 706.530, 498.410, 9
1468, 706.530, 506.910, 9
1469, 706.530, 515.410, 9
1470, 706.530, 523.910, 9
1471, 706.530, 532.410, 9
1472, 706.530, 540.910, 9
1473, 706.530, 549.410, 9
1474, 706.530, 557.910, 9
1475, 706.530, 566.410, 9
1476, 706.530, 574.910, 9
1477, 706.530, 583.410, 8
1478, 706.530, 591.910, 8
1479, 706.530, 600.410, 8
1480, 706.530, 608.910, 8
1481, 706.530, 617.410, 8
1482, 706.530, 625.910, 8
1483, 706.530, 634.410, 8
1484, 706.530, 642.910, 8
1485, 706.530, 651.410, 8
1486, 727.400, 90.410, 24
1487, 727.400, 98.910, 24
1488, 727.400, 107.410, 24
1489, 727.400, 115.910, 24
1490, 727.400, 124.410, 24
1491, 727.400, 132.910, 24
1492, 727.400, 141.410, 24
1493, 727.400, 149.910, 24
1494, 727.400, 158.410, 2
1495, 727.400, 166.910, 2
1496, 727.400, 175.410, 2
1497, 727.400, 183.910, 2
1498, 727.400, 192.410, 2
1499, 727.400, 200.910, 2
1500, 727.400, 209.410, 2
1501, 727.400, 217.910, 2
1502, 727.400, 226.410, 2
1503, 727.400, 234.910, 2
1504, 727.400, 243.410, 2
1505, 727.400, 251.910, 25
1506, 727.400, 260.410, 25
1507, 727.400, 268.910, 25
1508, 727.400, 277.410, 25
1509, 727.400, 285.910, 25
1510, 727.400, 294.410, 25
1511, 727.400, 302.910, 25
1512, 727.400, 311.410, 25
1513, 727.400, 319.910, 25
1514, 727.400, 328.410, 14
1515, 727.400, 336.910, 14
1516, 727.400, 345.410, 14
1517, 727.400, 353.910, 14
1518, 727.400, 362.410, 14
1519, 727.400, 370.910, 14
1520, 727.400, 379.410, 14
1521, 727.400, 387.910, 14
1522, 727.400, 396.410, 14
1523, 727.400, 404.910, 20
1524, 727.400, 413.410, 20
1525, 727.400, 421.910, 20
1526, 727.400, 430.410, 20
1527, 727.400, 438.910, 20
1528, 727.400, 447.410, 20
1529, 727.400, 455.910, 20
1530, 727.400, 464.410, 20
1531, 727.400, 472.910, 20
1532, 727.400, 481.410, 20
1533, 727.400, 489.910, 9
1534, 727.400, 498.410, 9
1535, 727.400, 506.910, 9
1536, 727.400, 515.410, 9
1537, 727.400, 523.910, 9
1538, 727.400, 532.410, 9
1539, 727.400, 540.910, 9
1540, 727.400, 549.410, 9
1541, 727.400, 557.910, 9
1542, 727.400, 566.410, 9
1543, 727.400, 574.910, 9
1544, 727.400, 583.410, 8
1545, 727.400, 591.910, 8
1546, 727.400, 600.410, 8
1547, 727.400, 608.910, 8
1548, 727.400, 617.410, 8
1549, 727.400, 625.910, 8
1550, 727.400, 634.410, 8
1551, 748.270, 90.410, 24
1552, 748.270, 98.910, 24
1553, 748.270, 107.410, 24
1554, 748.270, 115.910, 24
1555, 748.270, 124.410, 24
1556, 748.270, 132.910, 24
1557, 748.270, 141.410, 24
1558, 748.270, 149.910, 24
1559, 748.270, 158.410, 2
1560, 748.270, 166.910, 2
1561, 748.270, 175.410, 2
1562, 748.270, 183.910, 2
1563, 748.270, 192.410, 2
1564, 748.270, 200.910, 2
1565, 748.270, 209.410, 2
1566, 748.270, 217.910, 2
1567, 748.270, 226.410, 2
1568, 748.270, 234.910, 2
1569, 748.270, 243.410, 2
1570, 748.270, 251.910, 25
1571, 748.270, 260.410, 25
1572, 748.270, 268.910, 25
1573, 748.270, 277.410, 25
1574, 748.270, 285.910, 25
1575, 748.270, 294.410, 25
1576, 748.270, 302.910, 25
1577, 748.270, 311.410, 25
1578, 748.270, 319.910, 25
1579, 748.270, 328.410, 14
1580, 748.270, 336.910, 14
1581, 748.270, 345.410, 14
1582, 748.270, 353.910, 14
1583, 748.270, 362.410, 14
1584, 748.270, 370.910, 14
1585, 748.270, 379.410, 14
1586, 748.270, 387.910, 14
1587, 748.270, 396.410, 14
1588, 748.270, 404.910, 20
1589, 748.270, 413.410, 20
1590, 748.270, 421.910, 20
1591, 748.270, 430.410, 20
1592, 748.270, 438.910, 20
1593, 748.270, 447.410, 20
1594, 748.270, 455.910, 20
1595, 748.270, 464.410, 20
1596, 748.270, 472.910, 20
1597, 748.270, 481.410, 20
1598, 748.270, 489.910, 9
1599, 748.270, 498.410, 9
1600, 748.270, 506.910, 9
1601, 748.270, 515.410, 9
1602, 748.270, 523.910, 9
1603, 748.270, 532.410, 9
1604, 748.270, 540.910, 9
1605, 748.270, 549.410, 9
1606, 748.270, 557.910, 9
1607, 748.270, 566.410, 9
1608, 748.270, 574.910, 9
1609, 748.270, 583.410, 8
1610, 748.270, 591.910, 8
1611, 748.270, 600.410, 8
1612, 748.270, 608.910, 8
1613, 748.270, 617.410, 8
1614, 748.270, 625.910, 8
1615, 769.140, 81.910, 24
1616, 769.140, 90.410, 24
1617, 769.140, 98.910, 24
1618, 769.140, 107.410, 24
1619, 769.140, 115.910, 24
1620, 769.140, 124.410, 24
1621, 769.140, 132.910, 24
1622, 769.140, 141.410, 24
1623, 769.140, 149.910, 24
1624, 769.140, 158.410, 2
1625, 769.140, 166.910, 2
1626, 769.140, 175.410, 2
1627, 769.140, 183.910, 2
1628, 769.140, 192.410, 2
1629, 769.140, 200.910, 2
1630, 769.140, 209.410, 2
1631, 769.140, 217.910, 2
1632, 769.140, 226.410, 2
1633, 769.140, 234.910, 2
1634, 769.140, 243.410, 2
1635, 769.140, 251.910, 25
1636, 769.140, 260.410, 25
1637, 769.140, 268.910, 25
1638, 769.140, 277.410, 25
1639, 769.140, 285.910, 25
1640, 769.140, 294.410, 25
1641, 769.140, 302.910, 25
1642, 769.140, 311.410, 25
1643, 769.140, 319.910, 25
1644, 769.140, 328.410, 14
1645, 769.140, 336.910, 14
1646, 769.140, 345.410, 14
1647, 769.140, 353.910, 14
1648, 769.140, 362.410, 14
1649, 769.140, 370.910, 14
1650, 769.140, 379.410, 14
1651, 769.140, 387.910, 14
1652, 769.140, 396.410, 14
1653, 769.140, 404.910, 20
1654, 769.140, 413.410, 20
1655, 769.140, 421.910, 20
1656, 769.140, 430.410, 20
1657, 769.140, 438.910, 20
1658, 769.140, 447.410, 20
1659, 769.140, 455.910, 20
1660, 769.140, 464.410, 20
1661, 769.140, 472.910, 20
1662, 769.140, 481.410, 20
1663, 769.140, 489.910, 9
1664, 769.140, 498.410, 9
1665, 769.140, 506.910, 9
1666, 769.140, 515.410, 9
1667, 769.140, 523.910, 9
1668, 769.140, 532.410, 9
1669, 769.140, 540.910, 9
1670, 769.140, 549.410, 9
1671, 769.140, 557.910, 9
1672, 769.140, 566.410, 9
1673, 769.140, 574.910, 9
1674, 769.140, 583.410, 8
1675, 769.140, 591.910, 8
1676, 769.140, 600.410, 8
1677, 769.140, 608.910, 8
1678, 769.140, 617.410, 8
1679, 790.010, 73.410, 24
1680, 790.010, 81.910, 24
1681, 790.010, 90.410, 24
1682, 790.010, 98.910, 24
1683, 790.010, 107.410, 24
1684, 790.010, 115.910, 24
1685, 790.010, 124.410, 24
1686, 790.010, 132.910, 24
1687, 790.010, 141.410, 24
1688, 790.010, 149.910, 24
1689, 790.010, 158.410, 2
1690, 790.010, 166.910, 2
1691, 790.010, 175.410, 2
1692, 790.010, 183.910, 2
1693, 790.010, 192.410, 2
1694, 790.010, 200.910, 2
1695, 790.010, 209.410, 2
1696, 790.010, 217.910, 2
1697, 790.010, 226.410, 2
1698, 790.010, 234.910, 2
1699, 790.010, 243.410, 2
1700, 790.010, 251.910, 25
1701, 790.010, 260.410, 25
1702, 790.010, 268.910, 25
1703, 790.010, 277.410, 25
1704, 790.010, 285.910, 25
1705, 790.010, 294.410, 25
1706, 790.010, 302.910, 25
1707, 790.010, 311.410, 25
1708, 790.010, 319.910, 25
1709, 790.010, 328.410, 14
1710, 790.010, 336.910, 14
1711, 790.010, 345.410, 14
1712, 790.010, 353.910, 14
1713, 790.010, 362.410, 14
1714, 790.010, 370.910, 14
1715, 790.010, 379.410, 14
1716, 790.010, 387.910, 14
1717, 790.010, 396.410, 14
1718, 790.010, 404.910, 20
1719, 790.010, 413.410, 20
1720, 790.010, 421.910, 20
1721, 790.010, 430.410, 20
1722, 790.010, 438.910, 20
1723, 790.010, 447.410, 20
1724, 790.010, 455.910, 20
1725, 790.010, 464.410, 20
1726, 790.010, 472.910, 20
1727, 790.010, 481.410, 18
1728, 790.010, 489.910, 18
1729, 790.010, 498.410, 18
1730, 790.010, 506.910, 18
1731, 790.010, 515.410, 18
1732, 790.010, 523.910, 18
1733, 790.010, 532.410, 9
1734, 790.010, 540.910, 9
1735, 790.010, 549.410, 9
1736, 790.010, 557.910, 9
1737, 790.010, 566.410, 9
1738, 790.010, 574.910, 9
1739, 790.010, 583.410, 8
1740, 790.010, 591.910, 8
1741, 790.010, 600.410, 8
1742, 790.010, 608.910, 8
1743, 810.880, 64.910, 24
1744, 810.880, 73.410, 24
1745, 810.880, 81.910, 24
1746, 810.880, 90.410, 24
1747, 810.880, 98.910, 24
1748, 810.880, 107.410, 24
1749, 810.880, 115.910, 24
1750, 810.880, 124.410, 24
1751, 810.880, 132.910, 24
1752, 810.880, 141.410, 24
1753, 810.880, 149.910, 23
1754, 810.880, 158.410, 23
1755, 810.880, 166.910, 23
1756, 810.880, 175.410, 23
1757, 810.880, 183.910, 23
1758, 810.880, 192.410, 23
1759, 810.880, 200.910, 23
1760, 810.880, 209.410, 23
1761, 810.880, 217.910, 23
1762, 810.880, 226.410, 23
1763, 810.880, 234.910, 23
1764, 810.880, 243.410, 23
1765, 810.880, 251.910, 25
1766, 810.880, 260.410, 25
1767, 810.880, 268.910, 25
1768, 810.880, 277.410, 25
1769, 810.880, 285.910, 25
1770, 810.880, 294.410, 25
1771, 810.880, 302.910, 25
1772, 810.880, 311.410, 25
1773, 810.880, 319.910, 25
1774, 810.880, 328.410, 14
1775, 810.880, 336.910, 14
1776, 810.880, 345.410, 14
1777, 810.880, 353.910, 14
1778, 810.880, 362.410, 14
1779, 810.880, 370.910, 14
1780, 810.880, 379.410, 14
1781, 810.880, 387.910, 14
1782, 810.880, 396.410, 14
1783, 810.880, 404.910, 5
1784, 810.880, 413.410, 5
1785, 810.880, 421.910, 5
1786, 810.880, 430.410, 5
1787, 810.880, 438.910, 5
1788, 810.880, 447.410, 5
1789, 810.880, 455.910, 5
1790, 810.880, 464.410, 5
1791, 810.880, 472.910, 5
1792, 810.880, 481.410, 18
1793, 810.880, 489.910, 18
1794, 810.880, 498.410, 18
1795, 810.880, 506.910, 18
1796, 810.880, 515.410, 18
1797, 810.880, 523.910, 18
1798, 810.880, 532.410, 18
1799, 810.880, 540.910, 18
1800, 810.880, 549.410, 18
1801, 810.880, 557.910, 18
1802, 810.880, 566.410, 18
1803, 810.880, 574.910, 18
1804, 810.880, 583.410, 18
1805, 810.880, 591.910, 18
1806, 810.880, 600.410, 18
1807, 831.750, 56.410, 24
1808, 831.750, 64.910, 24
1809, 831.750, 73.410, 24
1810, 831.750, 81.910, 24
1811, 831.750, 90.410, 24
1812, 831.750, 98.910, 24
1813, 831.750, 107.410, 24
1814, 831.750, 115.910, 24
1815, 831.750, 124.410, 24
1816, 831.750, 132.910, 24
1817, 831.750, 141.410, 24
1818, 831.750, 149.910, 23
1819, 831.750, 158.410, 23
1820, 831.750, 166.910, 23
1821, 831.750, 175.410, 23
1822, 831.750, 183.910, 23
1823, 831.750, 192.410, 23
1824, 831.750, 200.910, 23
1825, 831.750, 209.410, 23
1826, 831.750, 217.910, 23
1827, 831.750, 226.410, 23
1828, 831.750, 234.910, 23
1829, 831.750, 243.410, 23
1830, 831.750, 251.910, 23
1831, 831.750, 260.410, 25
1832, 831.750, 268.910, 25
1833, 831.750, 277.410, 25
1834, 831.750, 285.910, 25
1835, 831.750, 294.410, 25
1836, 831.750, 302.910, 25
1837, 831.750, 311.410, 25
1838, 831.750, 319.910, 25
1839, 831.750, 328.410, 14
1840, 831.750, 336.910, 14
1841, 831.750, 345.410, 14
1842, 831.750, 353.910, 14
1843, 831.750, 362.410, 14
1844, 831.750, 370.910, 14
1845, 831.750, 379.410, 14
1846, 831.750, 387.910, 14
1847, 831.750, 396.410, 14
1848, 831.750, 404.910, 5
1849, 831.750, 413.410, 5
1850, 831.750, 421.910, 5
1851, 831.750, 430.410, 5
1852, 831.750, 438.910, 5
1853, 831.750, 447.410, 5
1854, 831.750, 455.910, 5
1855, 831.750, 464.410, 5
1856, 831.750, 472.910, 5
1857, 831.750, 481.410, 18
1858, 831.750, 489.910, 18
1859, 831.750, 498.410, 18
1860, 831.750, 506.910, 18
1861, 831.750, 515.410, 18
1862, 831.750, 523.910, 18
1863, 831.750, 532.410, 18
1864, 831.750, 540.910, 18
1865, 831.750, 549.410, 18
1866, 831.750, 557.910, 18
1867, 831.750, 566.410, 18
1868, 831.750, 574.910, 18
1869, 831.750, 583.410, 18
1870, 831.750, 591.910, 18
1871, 852.620, 56.410, 24
1872, 852.620, 64.910, 24
1873, 852.620, 73.410, 24
1874, 852.620, 81.910, 24
1875, 852.620, 90.410, 24
1876, 852.620, 98.910, 24
1877, 852.620, 107.410, 24
1878, 852.620, 115.910, 24
1879, 852.620, 124.410, 24
1880, 852.620, 132.910, 24
1881, 852.620, 141.410, 24
1882, 852.620, 149.910, 23
1883, 852.620, 158.410, 23
1884, 852.620, 166.910, 23
1885, 852.620, 175.410, 23
1886, 852.620, 183.910, 23
1887, 852.620, 192.410, 23
1888, 852.620, 200.910, 23
1889, 852.620, 209.410, 23
1890, 852.620, 217.910, 23
1891, 852.620, 226.410, 23
1892, 852.620, 234.910, 23
1893, 852.620, 243.410, 23
1894, 852.620, 251.910, 23
1895, 852.620, 260.410, 25
1896, 852.620, 268.910, 25
1897, 852.620, 277.410, 25
1898, 852.620, 285.910, 25
1899, 852.620, 294.410, 25
1900, 852.620, 302.910, 25
1901, 852.620, 311.410, 25
1902, 852.620, 319.910, 25
1903, 852.620, 328.410, 14
1904, 852.620, 336.910, 14
1905, 852.620, 345.410, 14
1906, 852.620, 353.910, 14
1907, 852.620, 362.410, 14
1908, 852.620, 370.910, 14
1909, 852.620, 379.410, 14
1910, 852.620, 387.910, 14
1911, 852.620, 396.410, 14
1912, 852.620, 404.910, 5
1913, 852.620, 413.410, 5
1914, 852.620, 421.910, 5
1915, 852.620, 430.410, 5
1916, 852.620, 438.910, 5
1917, 852.620, 447.410, 5
1918, 852.620, 455.910, 5
1919, 852.620, 464.410, 5
1920, 852.620, 472.910, 5
1921, 852.620, 481.410, 18
1922, 852.620, 489.910, 18
1923, 852.620, 498.410, 18
1924, 852.620, 506.910, 18
1925, 852.620, 515.410, 18
1926, 852.620, 523.910, 18
1927, 852.620, 532.410, 18
1928, 852.620, 540.910, 18
1929, 852.620, 549.410, 18
1930, 852.620, 557.910, 18
1931, 852.620, 566.410, 18
1932, 852.620, 574.910, 18
1933, 852.620, 583.410, 18
1934, 873.490, 47.910, 12
1935, 873.490, 56.410, 24
1936, 873.490, 64.910, 24
1937, 873.490, 73.410, 24
1938, 873.490, 81.910, 24
1939, 873.490, 90.410, 24
1940, 873.490, 98.910, 24
1941, 873.490, 107.410, 24
1942, 873.490, 115.910, 24
1943, 873.490, 124.410, 24
1944, 873.490, 132.910, 24
1945, 873.490, 141.410, 24
1946, 873.490, 149.910, 23
1947, 873.490, 158.410, 23
1948, 873.490, 166.910, 23
1949, 873.490, 175.410, 23
1950, 873.490, 183.910, 23
1951, 873.490, 192.410, 23
1952, 873.490, 200.910, 23
1953, 873.490, 209.410, 23
1954, 873.490, 217.910, 23
1955, 873.490, 226.410, 23
1956, 873.490, 234.910, 23
1957, 873.490, 243.410, 23
1958, 873.490, 251.910, 23
1959, 873.490, 260.410, 25
1960, 873.490, 268.910, 25
1961, 873.490, 277.410, 25
1962, 873.490, 285.910, 25
1963, 873.490, 294.410, 25
1964, 873.490, 302.910, 25
1965, 873.490, 311.410, 25
1966, 873.490, 319.910, 25
1967, 873.490, 328.410, 14
1968, 873.490, 336.910, 14
1969, 873.490, 345.410, 14
1970, 873.490, 353.910, 14
1971, 873.490, 362.410, 14
1972, 873.490, 370.910, 14
1973, 873.490, 379.410, 14
1974, 873.490, 387.910, 5
1975, 873.490, 396.410, 5
1976, 873.490, 404.910, 5
1977, 873.490, 413.410, 5
1978, 873.490, 421.910, 5
1979, 873.490, 430.410, 5
1980, 873.490, 438.910, 5
1981, 873.490, 447.410, 5
1982, 873.490, 455.910, 5
1983, 873.490, 464.410, 5
1984, 873.490, 472.910, 5
1985, 873.490, 481.410, 18
1986, 873.490, 489.910, 18
1987, 873.490, 498.410, 18
1988, 873.490, 506.910, 18
1989, 873.490, 515.410, 18
1990, 873.490, 523.910, 18
1991, 873.490, 532.410, 18
1992, 873.490, 540.910, 18
1993, 873.490, 549.410, 18
1994, 873.490, 557.910, 18
1995, 873.490, 566.410, 18
1996, 873.490, 574.910, 18
1997, 894.360, 39.410, 12
1998, 894.360, 47.910, 12
1999, 894.360, 56.410, 12
2000, 894.360, 64.910, 12
2001, 894.360, 73.410, 12
2002, 894.360, 81.910, 12
2003, 894.360, 90.410, 12
2004, 894.360, 98.910, 12
2005, 894.360, 107.410, 12
2006, 894.360, 115.910, 12
2007, 894.360, 124.410, 12
2008, 894.360, 132.910, 12
2009, 894.360, 141.410, 12
2010, 894.360, 149.910, 23
2011, 894.360, 158.410, 23
2012, 894.360, 166.910, 23
2013, 894.360, 175.410, 23
2014, 894.360, 183.910, 23
2015, 894.360, 192.410, 23
2016, 894.360, 200.910, 23
2017, 894.360, 209.410, 23
2018, 894.360, 217.910, 23
2019, 894.360, 226.410, 23
2020, 894.360, 234.910, 23
2021, 894.360, 243.410, 23
2022, 894.360, 251.910, 23
2023, 894.360, 260.410, 23
2024, 894.360, 268.910, 25
2025, 894.360, 277.410, 25
2026, 894.360, 285.910, 25
2027, 894.360, 294.410, 25
2028, 894.360, 302.910, 16
2029, 894.360, 311.410, 16
2030, 894.360, 319.910, 16
2031, 894.360, 328.410, 16
2032, 894.360, 336.910, 16
2033, 894.360, 345.410, 16
2034, 894.360, 353.910, 16
2035, 894.360, 362.410, 14
2036, 894.360, 370.910, 14
2037, 894.360, 379.410, 14
2038, 894.360, 387.910, 5
2039, 894.360, 396.410, 5
2040, 894.360, 404.910, 5
2041, 894.360, 413.410, 5
2042, 894.360, 421.910, 5
2043, 894.360, 430.410, 5
2044, 894.360, 438.910, 5
2045, 894.360, 447.410, 5
2046, 894.360, 455.910, 5
2047, 894.360, 464.410, 5
2048, 894.360, 472.910, 5
2049, 894.360, 481.410, 18
2050, 894.360, 489.910, 18
2051, 894.360, 498.410, 18
2052, 894.360, 506.910, 18
2053, 894.360, 515.410, 18
2054, 894.360, 523.910, 18
2055, 894.360, 532.410, 18
2056, 894.360, 540.910, 18
2057, 894.360, 549.410, 18
2058, 894.360, 557.910, 18
2059, 915.230, 30.910, 12
2060, 915.230, 39.410, 12
2061, 915.230, 47.910, 12
2062, 915.230, 56.410, 12
2063, 915.230, 64.910, 12
2064, 915.230, 73.410, 12
2065, 915.230, 81.910, 12
2066, 915.230, 90.410, 12
2067, 915.230, 98.910, 12
2068, 915.230, 107.410, 12
2069, 915.230, 115.910, 12
2070, 915.230, 124.410, 12
2071, 915.230, 132.910, 12
2072, 915.230, 141.410, 12
2073, 915.230, 149.910, 23
2074, 915.230, 158.410, 23
2075, 915.230, 166.910, 23
2076, 915.230, 175.410, 23
2077, 915.230, 183.910, 23
2078, 915.230, 192.410, 23
2079, 915.230, 200.910, 23
2080, 915.230, 209.410, 23
2081, 915.230, 217.910, 23
2082, 915.230, 226.410, 23
2083, 915.230, 234.910, 23
2084, 915.230, 243.410, 23
2085, 915.230, 251.910, 23
2086, 915.230, 260.410, 23
2087, 915.230, 268.910, 16
2088, 915.230, 277.410, 16
2089, 915.230, 285.910, 16
2090, 915.230, 294.410, 16
2091, 915.230, 302.910, 16
2092, 915.230, 311.410, 16
2093, 915.230, 319.910, 16
2094, 915.230, 328.410, 16
2095, 915.230, 336.910, 16
2096, 915.230, 345.410, 16
2097, 915.230, 353.910, 16
2098, 915.230, 362.410, 16
2099, 915.230, 370.910, 16
2100, 915.230, 379.410, 16
2101, 915.230, 387.910, 5
2102, 915.230, 396.410, 5
2103, 915.230, 404.910, 5
2104, 915.230, 413.410, 5
2105, 915.230, 421.910, 5
2106, 915.230, 430.410, 5
2107, 915.230, 438.910, 5
2108, 915.230, 447.410, 5
2109, 915.230, 455.910, 5
2110, 915.230, 464.410, 5
2111, 915.230, 472.910, 5
2112, 915.230, 481.410, 18
2113, 915.230, 489.910, 18
2114, 915.230, 498.410, 18
2115, 915.230, 506.910, 18
2116, 915.230, 515.410, 18
2117, 915.230, 523.910, 18
2118, 915.230, 532.410, 18
2119, 915.230, 540.910, 18
2120, 915.230, 549.410, 18
2121, 936.100, 22.410, 12
2122, 936.100, 30.910, 12
2123, 936.100, 39.410, 12
2124, 936.100, 47.910, 12
2125, 936.100, 56.410, 12
2126, 936.100, 64.910, 12
2127, 936.100, 73.410, 12
2128, 936.100, 81.910, 12
2129, 936.100, 90.410, 12
2130, 936.100, 98.910, 12
2131, 936.100, 107.410, 12
2132, 936.100, 115.910, 12
2133, 936.100, 124.410, 12
2134, 936.100, 132.910, 12
2135, 936.100, 141.410, 12
2136, 936.100, 149.910, 23
2137, 936.100, 158.410, 23
2138, 936.100, 166.910, 23
2139, 936.100, 175.410, 23
2140, 936.100, 183.910, 23
2141, 936.100, 192.410, 23
2142, 936.100, 200.910, 23
2143, 936.100, 209.410, 23
2144, 936.100, 217.910, 23
2145, 936.100, 226.410, 23
2146, 936.100, 234.910, 23
2147, 936.100, 243.410, 23
2148, 936.100, 251.910, 23
2149, 936.100, 260.410, 23
2150, 936.100, 268.910, 16
2151, 936.100, 277.410, 16
2152, 936.100, 285.910, 16
2153, 936.100, 294.410, 16
2154, 936.100, 302.910, 16
2155, 936.100, 311.410, 16
2156, 936.100, 319.910, 16
2157, 936.100, 328.410, 16
2158, 936.100, 336.910, 16
2159, 936.100, 345.410, 16
2160, 936.100, 353.910, 16
2161, 936.100, 362.410, 16
2162, 936.100, 370.910, 16
2163, 936.100, 379.410, 16
2164, 936.100, 387.910, 5
2165, 936.100, 396.410, 5
2166, 936.100, 404.910, 5
2167, 936.100, 413.410, 5
2168, 936.100, 421.910, 5
2169, 936.100, 430.410, 5
2170, 936.100, 438.910, 5
2171, 936.100, 447.410, 5
2172, 936.100, 455.910, 5
2173, 936.100, 464.410, 5
2174, 936.100, 472.910, 5
2175, 936.100, 481.410, 18
2176, 936.100, 489.910, 18
2177, 936.100, 498.410, 18
2178, 936.100, 506.910, 18
2179, 936.100, 515.410, 18
2180, 936.100, 523.910, 18
2181, 936.100, 532.410, 18
2182, 936.100, 540.910, 18
2183, 956.970, 39.410, 12
2184, 956.970, 47.910, 12
2185, 956.970, 56.410, 12
2186, 956.970, 64.910, 12
2187, 956.970, 73.410, 12
2188, 956.970, 81.910, 12
2189, 956.970, 90.410, 12
2190, 956.970, 98.910, 12
2191, 956.970, 107.410, 12
2192, 956.970, 115.910, 12
2193, 956.970, 124.410, 12
2194, 956.970, 132.910, 12
2195, 956.970, 141.410, 12
2196, 956.970, 149.910, 12
2197, 956.970, 158.410, 23
2198, 956.970, 166.910, 23
2199, 956.970, 175.410, 23
2200, 956.970, 183.910, 23
2201, 956.970, 192.410, 23
2202, 956.970, 200.910, 23
2203, 956.970, 209.410, 23
2204, 956.970, 217.910, 23
2205, 956.970, 226.410, 23
2206, 956.970, 234.910, 23
2207, 956.970, 243.410, 23
2208, 956.970, 251.910, 23
2209, 956.970, 260.410, 23
2210, 956.970, 268.910, 16
2211, 956.970, 277.410, 16
2212, 956.970, 285.910, 16
2213, 956.970, 294.410, 16
2214, 956.970, 302.910, 16
2215, 956.970, 311.410, 16
2216, 956.970, 319.910, 16
2217, 956.970, 328.410, 16
2218, 956.970, 336.910, 16
2219, 956.970, 345.410, 16
2220, 956.970, 353.910, 16
2221, 956.970, 362.410, 16
2222, 956.970, 370.910, 16
2223, 956.970, 379.410, 16
2224, 956.970, 387.910, 5
2225, 956.970, 396.410, 5
2226, 956.970, 404.910, 5
2227, 956.970, 413.410, 5
2228, 956.970, 421.910, 5
2229, 956.970, 430.410, 5
2230, 956.970, 438.910, 5
2231, 956.970, 447.410, 5
2232, 956.970, 455.910, 5
2233, 956.970, 464.410, 5
2234, 956.970, 472.910, 5
2235, 956.970, 481.410, 18
2236, 956.970, 489.910, 18
2237, 956.970, 498.410, 18
2238, 956.970, 506.910, 18
2239, 956.970, 515.410, 18
2240, 956.970, 523.910, 18
2241, 956.970, 532.410, 18
2242, 977.840, 47.910, 12
2243, 977.840, 56.410, 12
2244, 977.840, 64.910, 12
2245, 977.840, 73.410, 12
2246, 977.840, 81.910, 12
2247, 977.840, 90.410, 12
2248, 977.840, 98.910, 12
2249, 977.840, 107.410, 12
2250, 977.840, 115.910, 12
2251, 977.840, 124.410, 12
2252, 977.840, 132.910, 12
2253, 977.840, 141.410, 12
2254, 977.840, 149.910, 12
2255, 977.840, 158.410, 23
2256, 977.840, 166.910, 23
2257, 977.840, 175.410, 23
2258, 977.840, 183.910, 22
2259, 977.840, 192.410, 22
2260, 977.840, 200.910, 22
2261, 977.840, 209.410, 22
2262, 977.840, 217.910, 22
2263, 977.840, 226.410, 22
2264, 977.840, 234.910, 22
2265, 977.840, 243.410, 22
2266, 977.840, 251.910, 22
2267, 977.840, 260.410, 22
2268, 977.840, 268.910, 16
2269, 977.840, 277.410, 16
2270, 977.840, 285.910, 16
2271, 977.840, 294.410, 16
2272, 977.840, 302.910, 16
2273, 977.840, 311.410, 16
2274, 977.840, 319.910, 16
2275, 977.840, 328.410, 16
2276, 977.840, 336.910, 16
2277, 977.840, 345.410, 16
2278, 977.840, 353.910, 16
2279, 977.840, 362.410, 16
2280, 977.840, 370.910, 16
2281, 977.840, 379.410, 16
2282, 977.840, 387.910, 5
2283, 977.840, 396.410, 5
2284, 977.840, 404.910, 5
2285, 977.840, 413.410, 5
2286, 977.840, 421.910, 5
2287, 977.840, 430.410, 5
2288, 977.840, 438.910, 5
2289, 977.840, 447.410, 5
2290, 977.840, 455.910, 5
2291, 977.840, 464.410, 5
2292, 977.840, 472.910, 5
2293, 977.840, 481.410, 18
2294, 977.840, 489.910, 18
2295, 977.840, 498.410, 18
2296, 977.840, 506.910, 18
2297, 977.840, 515.410, 18
2298, 977.840, 523.910, 18
2299, 998.710, 64.910, 12
2300, 998.710, 73.410, 12
2301, 998.710, 81.910, 12
2302, 998.710, 90.410, 12
2303, 998.710, 98.910, 12
2304, 998.710, 107.410, 12
2305, 998.710, 115.910, 12
2306, 998.710, 124.410, 12
2307, 998.710, 132.910, 12
2308, 998.710, 141.410, 12
2309, 998.710, 149.910, 12
2310, 998.710, 158.410, 22
2311, 998.710, 166.910, 22
2312, 998.710, 175.410, 22
2313, 998.710, 183.910, 22
2314, 998.710, 192.410, 22
2315, 998.710, 200.910, 22
2316, 998.710, 209.410, 22
2317, 998.710, 217.910, 22
2318, 998.710, 226.410, 22
2319, 998.710, 234.910, 22
2320, 998.710, 243.410, 22
2321, 998.710, 251.910, 22
2322, 998.710, 260.410, 22
2323, 998.710, 268.910, 16
2324, 998.710, 277.410, 16
2325, 998.710, 285.910, 16
2326, 998.710, 294.410, 16
2327, 998.710, 302.910, 16
2328, 998.710, 311.410, 16
2329, 998.710, 319.910, 16
2330, 998.710, 328.410, 16
2331, 998.710, 336.910, 16
2332, 998.710, 345.410, 16
2333, 998.710, 353.910, 16
2334, 998.710, 362.410, 16
2335, 998.710, 370.910, 16
2336, 998.710, 379.410, 16
2337, 998.710, 387.910, 5
2338, 998.710, 396.410, 5
2339, 998.710, 404.910, 5
2340, 998.710, 413.410, 5
2341, 998.710, 421.910, 5
2342, 998.710, 430.410, 5
2343, 998.710, 438.910, 5
2344, 998.710, 447.410, 5
2345, 998.710, 455.910, 5
2346, 998.710, 464.410, 5
2347, 998.710, 472.910, 5
2348, 998.710, 481.410, 5
2349, 998.710, 489.910, 18
2350, 998.710, 498.410, 18
2351, 998.710, 506.910, 18
2352, 998.710, 515.410, 18
2353, 1019.580, 73.410, 12
2354, 1019.580, 81.910, 12
2355, 1019.580, 90.410, 12
2356, 1019.580, 98.910, 12
2357, 1019.580, 107.410, 12
2358, 1019.580, 115.910, 12
2359, 1019.580, 124.410, 12
2360, 1019.580, 132.910, 12
2361, 1019.580, 141.410, 12
2362, 1019.580, 149.910, 12
2363, 1019.580, 158.410, 22
2364, 1019.580, 166.910, 22
2365, 1019.580, 175.410, 22
2366, 1019.580, 183.910, 22
2367, 1019.580, 192.410, 22
2368, 1019.580, 200.910, 22
2369, 1019.580, 209.410, 22
2370, 1019.580, 217.910, 22
2371, 1019.580, 226.410, 22
2372, 1019.580, 234.910, 22
2373, 1019.580, 243.410, 22
2374, 1019.580, 251.910, 22
2375, 1019.580, 260.410, 22
2376, 1019.580, 268.910, 16
2377, 1019.580, 277.410, 16
2378, 1019.580, 285.910, 16
2379, 1019.580, 294.410, 16
2380, 1019.580, 302.910, 16
2381, 1019.580, 311.410, 16
2382, 1019.580, 319.910, 16
2383, 1019.580, 328.410, 16
2384, 1019.580, 336.910, 16
2385, 1019.580, 345.410, 16
2386, 1019.580, 353.910, 16
2387, 1019.580, 362.410, 16
2388, 1019.580, 370.910, 16
2389, 1019.580, 379.410, 16
2390, 1019.580, 387.910, 5
2391, 1019.580, 396.410, 5
2392, 1019.580, 404.910, 5
2393, 1019.580, 413.410, 5
2394, 1019.580, 421.910, 21
2395, 1019.580, 430.410, 21
2396, 1019.580, 438.910, 21
2397, 1019.580, 447.410, 21
2398, 1019.580, 455.910, 21
2399, 1019.580, 464.410, 21
2400, 1019.580, 472.910, 21
2401, 1019.580, 481.410, 21
2402, 1019.580, 489.910, 18
2403, 1019.580, 498.410, 18
2404, 1019.580, 506.910, 18
2405, 1040.450, 81.910, 12
2406, 1040.450, 90.410, 12
2407, 1040.450, 98.910, 12
2408, 1040.450, 107.410, 12
2409, 1040.450, 115.910, 12
2410, 1040.450, 124.410, 12
2411, 1040.450, 132.910, 12
2412, 1040.450, 141.410, 12
2413, 1040.450, 149.910, 12
2414, 1040.450, 158.410, 22
2415, 1040.450, 166.910, 22
2416, 1040.450, 175.410, 22
2417, 1040.450, 183.910, 22
2418, 1040.450, 192.410, 22
2419, 1040.450, 200.910, 22
2420, 1040.450, 209.410, 22
2421, 1040.450, 217.910, 22
2422, 1040.450, 226.410, 22
2423, 1040.450, 234.910, 22
2424, 1040.450, 243.410, 22
2425, 1040.450, 251.910, 22
2426, 1040.450, 260.410, 22
2427, 1040.450, 268.910, 16
2428, 1040.450, 277.410, 16
2429, 1040.450, 285.910, 16
2430, 1040.450, 294.410, 16
2431, 1040.450, 302.910, 16
2432, 1040.450, 311.410, 16
2433, 1040.450, 319.910, 16
2434, 1040.450, 328.410, 16
2435, 1040.450, 336.910, 16
2436, 1040.450, 345.410, 16
2437, 1040.450, 353.910, 16
2438, 1040.450, 362.410, 16
2439, 1040.450, 370.910, 16
2440, 1040.450, 379.410, 16
2441, 1040.450, 387.910, 21
2442, 1040.450, 396.410, 21
2443, 1040.450, 404.910, 21
2444, 1040.450, 413.410, 21
2445, 1040.450, 421.910, 21
2446, 1040.450, 430.410, 21
2447, 1040.450, 438.910, 21
2448, 1040.450, 447.410, 21
2449, 1040.450, 455.910, 21
2450, 1040.450, 464.410, 21
2451, 1040.450, 472.910, 21
2452, 1040.450, 481.410, 21
2453, 1040.450, 489.910, 18
2454, 1040.450, 498.410, 18
2455, 1061.320, 107.410, 12
2456, 1061.320, 115.910, 12
2457, 1061.320, 124.410, 12
2458, 1061.320, 132.910, 12
2459, 1061.320, 141.410, 12
2460, 1061.320, 149.910, 12
2461, 1061.320, 158.410, 22
2462, 1061.320, 166.910, 22
2463, 1061.320, 175.410, 22
2464, 1061.320, 183.910, 22
2465, 1061.320, 192.410, 22
2466, 1061.320, 200.910, 22
2467, 1061.320, 209.410, 22
2468, 1061.320, 217.910, 22
2469, 1061.320, 226.410, 22
2470, 1061.320, 234.910, 22
2471, 1061.320, 243.410, 22
2472, 1061.320, 251.910, 22
2473, 1061.320, 260.410, 22
2474, 1061.320, 268.910, 19
2475, 1061.320, 277.410, 19
2476, 1061.320, 285.910, 19
2477, 1061.320, 294.410, 19
2478, 1061.320, 302.910, 19
2479, 1061.320, 311.410, 19
2480, 1061.320, 319.910, 19
2481, 1061.320, 328.410, 19
2482, 1061.320, 336.910, 19
2483, 1061.320, 345.410, 16
2484, 1061.320, 353.910, 16
2485, 1061.320, 362.410, 16
2486, 1061.320, 370.910, 16
2487, 1061.320, 379.410, 21
2488, 1061.320, 387.910, 21
2489, 1061.320, 396.410, 21
2490, 1061.320, 404.910, 21
2491, 1061.320, 413.410, 21
2492, 1061.320, 421.910, 21
2493, 1061.320, 430.410, 21
2494, 1061.320, 438.910, 21
2495, 1061.320, 447.410, 21
2496, 1061.320, 455.910, 21
2497, 1061.320, 464.410, 21
2498, 1061.320, 472.910, 21
2499, 1061.320, 481.410, 21
2500, 1082.190, 132.910, 12
2501, 1082.190, 141.410, 12
2502, 1082.190, 149.910, 12
2503, 1082.190, 158.410, 22
2504, 1082.190, 166.910, 22
2505, 1082.190, 175.410, 22
2506, 1082.190, 183.910, 22
2507, 1082.190, 192.410, 22
2508, 1082.190, 200.910, 22
2509, 1082.190, 209.410, 22
2510, 1082.190, 217.910, 22
2511, 1082.190, 226.410, 22
2512, 1082.190, 234.910, 22
2513, 1082.190, 243.410, 22
2514, 1082.190, 251.910, 22
2515, 1082.190, 260.410, 19
2516, 1082.190, 268.910, 19
2517, 1082.190, 277.410, 19
2518, 1082.190, 285.910, 19
2519, 1082.190, 294.410, 19
2520, 1082.190, 302.910, 19
2521, 1082.190, 311.410, 19
2522, 1082.190, 319.910, 19
2523, 1082.190, 328.410, 19
2524, 1082.190, 336.910, 19
2525, 1082.190, 345.410, 19
2526, 1082.190, 353.910, 19
2527, 1082.190, 362.410, 19
2528, 1082.190, 370.910, 21
2529, 1082.190, 379.410, 21
2530, 1082.190, 387.910, 21
2531, 1082.190, 396.410, 21
2532, 1082.190, 404.910, 21
2533, 1082.190, 413.410, 21
2534, 1082.190, 421.910, 21
2535, 1082.190, 430.410, 21
2536, 1082.190, 438.910, 21
2537, 1082.190, 447.410, 21
2538, 1082.190, 455.910, 21
2539, 1082.190, 464.410, 21
2540, 1082.190, 472.910, 21
2541, 1103.060, 158.410, 22
2542, 1103.060, 166.910, 22
2543, 1103.060, 175.410, 22
2544, 1103.060, 183.910, 22
2545, 1103.060, 192.410, 22
2546, 1103.060, 200.910, 22
2547, 1103.060, 209.410, 22
2548, 1103.060, 217.910, 22
2549, 1103.060, 226.410, 22
2550, 1103.060, 234.910, 22
2551, 1103.060, 243.410, 22
2552, 1103.060, 251.910, 22
2553, 1103.060, 260.410, 19
2554, 1103.060, 268.910, 19
2555, 1103.060, 277.410, 19
2556, 1103.060, 285.910, 19
2557, 1103.060, 294.410, 19
2558, 1103.060, 302.910, 19
2559, 1103.060, 311.410, 19
2560, 1103.060, 319.910, 19
2561, 1103.060, 328.410, 19
2562, 1103.060, 336.910, 19
2563, 1103.060, 345.410, 19
2564, 1103.060, 353.910, 19
2565, 1103.060, 362.410, 19
2566, 1103.060, 370.910, 21
2567, 1103.060, 379.410, 21
2568, 1103.060, 387.910, 21
2569, 1103.060, 396.410, 21
2570, 1103.060, 404.910, 21
2571, 1103.060, 413.410, 21
2572, 1103.060, 421.910, 21
2573, 1103.060, 430.410, 21
2574, 1103.060, 438.910, 21
2575, 1103.060, 447.410, 21
2576, 1103.060, 455.910, 21
2577, 1103.060, 464.410, 21
2578, 1123.930, 175.410, 22
2579, 1123.930, 183.910, 22
2580, 1123.930, 192.410, 22
2581, 1123.930, 200.910, 22
2582, 1123.930, 209.410, 22
2583, 1123.930, 217.910, 22
2584, 1123.930, 226.410, 22
2585, 1123.930, 234.910, 22
2586, 1123.930, 243.410, 22
2587, 1123.930, 251.910, 22
2588, 1123.930, 260.410, 19
2589, 1123.930, 268.910, 19
2590, 1123.930, 277.410, 19
2591, 1123.930, 285.910, 19
2592, 1123.930, 294.410, 19
2593, 1123.930, 302.910, 19
2594, 1123.930, 311.410, 19
2595, 1123.930, 319.910, 19
2596, 1123.930, 328.410, 19
2597, 1123.930, 336.910, 19
2598, 1123.930, 345.410, 19
2599, 1123.930, 353.910, 19
2600, 1123.930, 362.410, 19
2601, 1123.930, 370.910, 21
2602, 1123.930, 379.410, 21
2603, 1123.930, 387.910, 21
2604, 1123.930, 396.410, 21
2605, 1123.930, 404.910, 21
2606, 1123.930, 413.410, 21
2607, 1123.930, 421.910, 21
2608, 1123.930, 430.410, 21
2609, 1123.930, 438.910, 21
2610, 1123.930, 447.410, 21
2611, 1123.930, 455.910, 21
2612, 1144.800, 200.910, 22
2613, 1144.800, 209.410, 22
2614, 1144.800, 217.910, 22
2615, 1144.800, 226.410, 22
2616, 1144.800, 234.910, 22
2617, 1144.800, 243.410, 22
2618, 1144.800, 251.910, 22
2619, 1144.800, 260.410, 19
2620, 1144.800, 268.910, 19
2621, 1144.800, 277.410, 19
2622, 1144.800, 285.910, 19
2623, 1144.800, 294.410, 19
2624, 1144.800, 302.910, 19
2625, 1144.800, 311.410, 19
2626, 1144.800, 319.910, 19
2627, 1144.800, 328.410, 19
2628, 1144.800, 336.910, 19
2629, 1144.800, 345.410, 19
2630, 1144.800, 353.910, 19
2631, 1144.800, 362.410, 19
2632, 1144.800, 370.910, 21
2633, 1144.800, 379.410, 21
2634, 1144.800, 387.910, 21
2635, 1144.800, 396.410, 21
2636, 1144.800, 404.910, 21
2637, 1144.800, 413.410, 21
2638, 1144.800, 421.910, 21
2639, 1144.800, 430.410, 21
2640, 1144.800, 438.910, 21
2641, 1144.800, 447.410, 21
2642, 1165.670, 226.410, 22
2643, 1165.670, 234.910, 22
2644, 1165.670, 243.410, 22
2645, 1165.670, 251.910, 22
2646, 1165.670, 260.410, 19
2647, 1165.670, 268.910, 19
2648, 1165.670, 277.410, 19
2649, 1165.670, 285.910, 19
2650, 1165.670, 294.410, 19
2651, 1165.670, 302.910, 19
2652, 1165.670, 311.410, 19
2653, 1165.670, 319.910, 19
2654, 1165.670, 328.410, 19
2655, 1165.670, 336.910, 19
2656, 1165.670, 345.410, 19
2657, 1165.670, 353.910, 19
2658, 1165.670, 362.410, 19
2659, 1165.670, 370.910, 21
2660, 1165.670, 379.410, 21
2661, 1165.670, 387.910, 21
2662, 1165.670, 396.410, 21
2663, 1165.670, 404.910, 21
2664, 1165.670, 413.410, 21
2665, 1165.670, 421.910, 21
2666, 1165.670, 430.410, 21
2667, 1165.670, 438.910, 21
2668, 1186.540, 243.410, 22
2669, 1186.540, 251.910, 22
2670, 1186.540, 260.410, 19
2671, 1186.540, 268.910, 19
2672, 1186.540, 277.410, 19
2673, 1186.540, 285.910, 19
2674, 1186.540, 294.410, 19
2675, 1186.540, 302.910, 19
2676, 1186.540, 311.410, 19
2677, 1186.540, 319.910, 19
2678, 1186.540, 328.410, 19
2679, 1186.540, 336.910, 19
2680, 1186.540, 345.410, 19
2681, 1186.540, 353.910, 19
2682, 1186.540, 362.410, 19
2683, 1186.540, 370.910, 21
2684, 1186.540, 379.410, 21
2685, 1186.540, 387.910, 21
2686, 1186.540, 396.410, 21
2687, 1186.540, 404.910, 21
2688, 1186.540, 413.410, 21
2689, 1186.540, 421.910, 21
2690, 1186.540, 430.410, 21
2691, 1207.410, 268.910, 19
2692, 1207.410, 277.410, 19
2693, 1207.410, 285.910, 19
2694, 1207.410, 294.410, 19
2695, 1207.410, 302.910, 19
2696, 1207.410, 311.410, 19
2697, 1207.410, 319.910, 19
2698, 1207.410, 328.410, 19
2699, 1207.410, 336.910, 19
2700, 1207.410, 345.410, 19
2701, 1207.410, 353.910, 19
2702, 1207.410, 362.410, 19
2703, 1207.410, 370.910, 21
2704, 1207.410, 379.410, 21
2705, 1207.410, 387.910, 21
2706, 1207.410, 396.410, 21
2707, 1207.410, 404.910, 21
2708, 1207.410, 413.410, 21
2709, 1207.410, 421.910, 21
2710, 1228.280, 294.410, 19
2711, 1228.280, 302.910, 19
2712, 1228.280, 311.410, 19
2713, 1228.280, 319.910, 19
2714, 1228.280, 328.410, 19
2715, 1228.280, 336.910, 19
2716, 1228.280, 345.410, 19
2717, 1228.280, 353.910, 19
2718, 1228.280, 362.410, 19
2719, 1228.280, 370.910, 21
2720, 1228.280, 379.410, 21
2721, 1228.280, 387.910, 21
2722, 1228.280, 396.410, 21
2723, 1228.280, 404.910, 21
2724, 1228.280, 413.410, 21
2725, 1249.150, 311.410, 19
