1, 416.510, 80.650, 3
2, 437.380, 80.650, 3
3, 458.250, 80.650, 3
4, 479.120, 80.650, 3
5, 499.990, 80.650, 3
6, 520.860, 80.650, 3
7, 541.730, 80.650, 3
8, 562.600, 80.650, 12
9, 583.470, 80.650, 12
10, 604.340, 80.650, 12
11, 625.210, 80.650, 12
12, 646.080, 80.650, 12
13, 666.950, 80.650, 12
14, 687.820, 80.650, 12
15, 708.690, 80.650, 12
16, 729.560, 80.650, 12
17, 750.430, 80.650, 12
18, 771.300, 80.650, 12
19, 792.170, 80.650, 5
20, 813.040, 80.650, 5
21, 833.910, 80.650, 5
22, 854.780, 80.650, 5
23, 312.160, 89.150, 3
24, 333.030, 89.150, 3
25, 353.900, 89.150, 3
26, 374.770, 89.150, 3
27, 395.640, 89.150, 3
28, 416.510, 89.150, 3
29, 437.380, 89.150, 3
30, 458.250, 89.150, 3
31, 479.120, 89.150, 3
32, 499.990, 89.150, 3
33, 520.860, 89.150, 3
34, 541.730, 89.150, 3
35, 562.600, 89.150, 12
36, 583.470, 89.150, 12
37, 604.340, 89.150, 12
38, 625.210, 89.150, 12
39, 646.080, 89.150, 12
40, 666.950, 89.150, 12
41, 687.820, 89.150, 12
42, 708.690, 89.150, 12
43, 729.560, 89.150, 12
44, 750.430, 89.150, 12
45, 771.300, 89.150, 12
46, 792.170, 89.150, 5
47, 813.040, 89.150, 5
48, 833.910, 89.150, 5
49, 854.780, 89.150, 5
50, 875.650, 89.150, 5
51, 312.160, 97.650, 3
52, 333.030, 97.650, 3
53, 353.900, 97.650, 3
54, 374.770, 97.650, 3
55, 395.640, 97.650, 3
56, 416.510, 97.650, 3
57, 437.380, 97.650, 3
58, 458.250, 97.650, 3
59, 479.120, 97.650, 3
60, 499.990, 97.650, 3
61, 520.860, 97.650, 3
62, 541.730, 97.650, 3
63, 562.600, 97.650, 12
64, 583.470, 97.650, 12
65, 604.340, 97.650, 12
66, 625.210, 97.650, 12
67, 646.080, 97.650, 12
68, 666.950, 97.650, 12
69, 687.820, 97.650, 12
70, 708.690, 97.650, 12
71, 729.560, 97.650, 12
72, 750.430, 97.650, 12
73, 771.300, 97.650, 12
74, 792.170, 97.650, 5
75, 813.040, 97.650, 5
76, 833.910, 97.650, 5
77, 854.780, 97.650, 5
78, 875.650, 97.650, 5
79, 896.520, 97.650, 5
80, 312.160, 106.150, 3
81, 333.030, 106.150, 3
82, 353.900, 106.150, 3
83, 374.770, 106.150, 3
84, 395.640, 106.150, 3
85, 416.510, 106.150, 3
86, 437.380, 106.150, 3
87, 458.250, 106.150, 3
88, 479.120, 106.150, 3
89, 499.990, 106.150, 3
90, 520.860, 106.150, 3
91, 541.730, 106.150, 3
92, 562.600, 106.150, 12
93, 583.470, 106.150, 12
94, 604.340, 106.150, 12
95, 625.210, 106.150, 12
96, 646.080, 106.150, 12
97, 666.950, 106.150, 12
98, 687.820, 106.150, 12
99, 708.690, 106.150, 12
100, 729.560, 106.150, 12
101, 750.430, 106.150, 12
102, 771.300, 106.150, 12
103, 792.170, 106.150, 5
104, 813.040, 106.150, 5
105, 833.910, 106.150, 5
106, 854.780, 106.150, 5
107, 875.650, 106.150, 5
108, 896.520, 106.150, 5
109, 917.390, 106.150, 5
110, 291.290, 114.650, 3
111, 312.160, 114.650, 3
112, 333.030, 114.650, 3
113, 353.900, 114.650, 3
114, 374.770, 114.650, 3
115, 395.640, 114.650, 3
116, 416.510, 114.650, 3
117, 437.380, 114.650, 3
118, 458.250, 114.650, 3
119, 479.120, 114.650, 3
120, 499.990, 114.650, 3
121, 520.860, 114.650, 3
122, 541.730, 114.650, 3
123, 562.600, 114.650, 12
124, 583.470, 114.650, 12
125, 604.340, 114.650, 12
126, 625.210, 114.650, 12
127, 646.080, 114.650, 12
128, 666.950, 114.650, 12
129, 687.820, 114.650, 12
130, 708.690, 114.650, 12
131, 729.560, 114.650, 12
132, 750.430, 114.650, 12
133, 771.300, 114.650, 12
134, 792.170, 114.650, 5
135, 813.040, 114.650, 5
136, 833.910, 114.650, 5
137, 854.780, 114.650, 5
138, 875.650, 114.650, 5
139, 896.520, 114.650, 5
140, 917.390, 114.650, 5
141, 938.260, 114.650, 5
142, 291.290, 123.150, 3
143, 312.160, 123.150, 3
144, 333.030, 123.150, 3
145, 353.900, 123.150, 3
146, 374.770, 123.150, 3
147, 395.640, 123.150, 3
148, 416.510, 123.150, 3
149, 437.380, 123.150, 3
150, 458.250, 123.150, 3
151, 479.120, 123.150, 3
152, 499.990, 123.150, 3
153, 520.860, 123.150, 3
154, 541.730, 123.150, 3
155, 562.600, 123.150, 12
156, 583.470, 123.150, 12
157, 604.340, 123.150, 12
158, 625.210, 123.150, 12
159, 646.080, 123.150, 12
160, 666.950, 123.150, 12
161, 687.820, 123.150, 12
162, 708.690, 123.150, 12
163, 729.560, 123.150, 12
164, 750.430, 123.150, 12
165, 771.300, 123.150, 5
166, 792.170, 123.150, 5
167, 813.040, 123.150, 5
168, 833.910, 123.150, 5
169, 854.780, 123.150, 5
170, 875.650, 123.150, 5
171, 896.520, 123.150, 5
172, 917.390, 123.150, 5
173, 938.260, 123.150, 5
174, 959.130, 123.150, 5
175, 291.290, 131.650, 3
176, 312.160, 131.650, 3
177, 333.030, 131.650, 3
178, 353.900, 131.650, 3
179, 374.770, 131.650, 3
180, 395.640, 131.650, 3
181, 416.510, 131.650, 3
182, 437.380, 131.650, 3
183, 458.250, 131.650, 3
184, 479.120, 131.650, 3
185, 499.990, 131.650, 3
186, 520.860, 131.650, 3
187, 541.730, 131.650, 12
188, 562.600, 131.650, 12
189, 583.470, 131.650, 12
190, 604.340, 131.650, 12
191, 625.210, 131.650, 12
192, 646.080, 131.650, 12
193, 666.950, 131.650, 12
194, 687.820, 131.650, 12
195, 708.690, 131.650, 12
196, 729.560, 131.650, 12
197, 750.430, 131.650, 12
198, 771.300, 131.650, 5
199, 792.170, 131.650, 5
200, 813.040, 131.650, 5
201, 833.910, 131.650, 5
202, 854.780, 131.650, 5
203, 875.650, 131.650, 5
204, 896.520, 131.650, 5
205, 917.390, 131.650, 5
206, 938.260, 131.650, 5
207, 959.130, 131.650, 5
208, 980.000, 131.650, 5
209, 270.420, 140.150, 4
210, 291.290, 140.150, 4
211, 312.160, 140.150, 4
212, 333.030, 140.150, 3
213, 353.900, 140.150, 3
214, 374.770, 140.150, 3
215, 395.640, 140.150, 3
216, 416.510, 140.150, 3
217, 437.380, 140.150, 3
218, 458.250, 140.150, 3
219, 479.120, 140.150, 3
220, 499.990, 140.150, 3
221, 520.860, 140.150, 3
222, 541.730, 140.150, 12
223, 562.600, 140.150, 12
224, 583.470, 140.150, 12
225, 604.340, 140.150, 12
226, 625.210, 140.150, 12
227, 646.080, 140.150, 12
228, 666.950, 140.150, 12
229, 687.820, 140.150, 12
230, 708.690, 140.150, 12
231, 729.560, 140.150, 12
232, 750.430, 140.150, 12
233, 771.300, 140.150, 5
234, 792.170, 140.150, 5
235, 813.040, 140.150, 5
236, 833.910, 140.150, 5
237, 854.780, 140.150, 5
238, 875.650, 140.150, 5
239, 896.520, 140.150, 5
240, 917.390, 140.150, 5
241, 938.260, 140.150, 5
242, 959.130, 140.150, 5
243, 980.000, 140.150, 5
244, 1000.870, 140.150, 5
245, 270.420, 148.650, 4
246, 291.290, 148.650, 4
247, 312.160, 148.650, 4
248, 333.030, 148.650, 4
249, 353.900, 148.650, 3
250, 374.770, 148.650, 3
251, 395.640, 148.650, 3
252, 416.510, 148.650, 3
253, 437.380, 148.650, 3
254, 458.250, 148.650, 3
255, 479.120, 148.650, 3
256, 499.990, 148.650, 3
257, 520.860, 148.650, 3
258, 541.730, 148.650, 12
259, 562.600, 148.650, 12
260, 583.470, 148.650, 12
261, 604.340, 148.650, 12
262, 625.210, 148.650, 12
263, 646.080, 148.650, 12
264, 666.950, 148.650, 12
265, 687.820, 148.650, 12
266, 708.690, 148.650, 12
267, 729.560, 148.650, 12
268, 750.430, 148.650, 12
269, 771.300, 148.650, 5
270, 792.170, 148.650, 5
271, 813.040, 148.650, 5
272, 833.910, 148.650, 5
273, 854.780, 148.650, 5
274, 875.650, 148.650, 5
275, 896.520, 148.650, 5
276, 917.390, 148.650, 5
277, 938.260, 148.650, 5
278, 959.130, 148.650, 5
279, 980.000, 148.650, 5
280, 1000.870, 148.650, 5
281, 249.550, 157.150, 4
282, 270.420, 157.150, 4
283, 291.290, 157.150, 4
284, 312.160, 157.150, 4
285, 333.030, 157.150, 4
286, 353.900, 157.150, 3
287, 374.770, 157.150, 3
288, 395.640, 157.150, 3
289, 416.510, 157.150, 3
290, 437.380, 157.150, 3
291, 458.250, 157.150, 3
292, 479.120, 157.150, 3
293, 499.990, 157.150, 3
294, 520.860, 157.150, 3
295, 541.730, 157.150, 12
296, 562.600, 157.150, 12
297, 583.470, 157.150, 12
298, 604.340, 157.150, 12
299, 625.210, 157.150, 12
300, 646.080, 157.150, 12
301, 666.950, 157.150, 12
302, 687.820, 157.150, 12
303, 708.690, 157.150, 12
304, 729.560, 157.150, 12
305, 750.430, 157.150, 12
306, 771.300, 157.150, 5
307, 792.170, 157.150, 5
308, 813.040, 157.150, 5
309, 833.910, 157.150, 5
310, 854.780, 157.150, 5
311, 875.650, 157.150, 5
312, 896.520, 157.150, 5
313, 917.390, 157.150, 5
314, 938.260, 157.150, 5
315, 959.130, 157.150, 5
316, 980.000, 157.150, 5
317, 1000.870, 157.150, 5
318, 249.550, 165.650, 4
319, 270.420, 165.650, 4
320, 291.290, 165.650, 4
321, 312.160, 165.650, 4
322, 333.030, 165.650, 4
323, 353.900, 165.650, 4
324, 374.770, 165.650, 4
325, 395.640, 165.650, 4
326, 416.510, 165.650, 4
327, 437.380, 165.650, 4
328, 458.250, 165.650, 4
329, 479.120, 165.650, 4
330, 499.990, 165.650, 4
331, 520.860, 165.650, 11
332, 541.730, 165.650, 11
333, 562.600, 165.650, 11
334, 583.470, 165.650, 11
335, 604.340, 165.650, 11
336, 625.210, 165.650, 11
337, 646.080, 165.650, 11
338, 666.950, 165.650, 11
339, 687.820, 165.650, 11
340, 708.690, 165.650, 11
341, 729.560, 165.650, 11
342, 750.430, 165.650, 11
343, 771.300, 165.650, 5
344, 792.170, 165.650, 5
345, 813.040, 165.650, 5
346, 833.910, 165.650, 5
347, 854.780, 165.650, 5
348, 875.650, 165.650, 5
349, 896.520, 165.650, 5
350, 917.390, 165.650, 5
351, 938.260, 165.650, 5
352, 959.130, 165.650, 5
353, 980.000, 165.650, 5
354, 1000.870, 165.650, 5
355, 249.550, 174.150, 4
356, 270.420, 174.150, 4
357, 291.290, 174.150, 4
358, 312.160, 174.150, 4
359, 333.030, 174.150, 4
360, 353.900, 174.150, 4
361, 374.770, 174.150, 4
362, 395.640, 174.150, 4
363, 416.510, 174.150, 4
364, 437.380, 174.150, 4
365, 458.250, 174.150, 4
366, 479.120, 174.150, 4
367, 499.990, 174.150, 4
368, 520.860, 174.150, 11
369, 541.730, 174.150, 11
370, 562.600, 174.150, 11
371, 583.470, 174.150, 11
372, 604.340, 174.150, 11
373, 625.210, 174.150, 11
374, 646.080, 174.150, 11
375, 666.950, 174.150, 11
376, 687.820, 174.150, 11
377, 708.690, 174.150, 11
378, 729.560, 174.150, 11
379, 750.430, 174.150, 11
380, 771.300, 174.150, 11
381, 792.170, 174.150, 5
382, 813.040, 174.150, 5
383, 833.910, 174.150, 5
384, 854.780, 174.150, 5
385, 875.650, 174.150, 5
386, 896.520, 174.150, 5
387, 917.390, 174.150, 5
388, 938.260, 174.150, 5
389, 959.130, 174.150, 5
390, 980.000, 174.150, 5
391, 1000.870, 174.150, 2
392, 1021.740, 174.150, 2
393, 249.550, 182.650, 4
394, 270.420, 182.650, 4
395, 291.290, 182.650, 4
396, 312.160, 182.650, 4
397, 333.030, 182.650, 4
398, 353.900, 182.650, 4
399, 374.770, 182.650, 4
400, 395.640, 182.650, 4
401, 416.510, 182.650, 4
402, 437.380, 182.650, 4
403, 458.250, 182.650, 4
404, 479.120, 182.650, 4
405, 499.990, 182.650, 11
406, 520.860, 182.650, 11
407, 541.730, 182.650, 11
408, 562.600, 182.650, 11
409, 583.470, 182.650, 11
410, 604.340, 182.650, 11
411, 625.210, 182.650, 11
412, 646.080, 182.650, 11
413, 666.950, 182.650, 11
414, 687.820, 182.650, 11
415, 708.690, 182.650, 11
416, 729.560, 182.650, 11
417, 750.430, 182.650, 11
418, 771.300, 182.650, 11
419, 792.170, 182.650, 2
420, 813.040, 182.650, 2
421, 833.910, 182.650, 2
422, 854.780, 182.650, 2
423, 875.650, 182.650, 2
424, 896.520, 182.650, 2
425, 917.390, 182.650, 2
426, 938.260, 182.650, 2
427, 959.130, 182.650, 2
428, 980.000, 182.650, 2
429, 1000.870, 182.650, 2
430, 1021.740, 182.650, 2
431, 249.550, 191.150, 4
432, 270.420, 191.150, 4
433, 291.290, 191.150, 4
434, 312.160, 191.150, 4
435, 333.030, 191.150, 4
436, 353.900, 191.150, 4
437, 374.770, 191.150, 4
438, 395.640, 191.150, 4
439, 416.510, 191.150, 4
440, 437.380, 191.150, 4
441, 458.250, 191.150, 4
442, 479.120, 191.150, 4
443, 499.990, 191.150, 11
444, 520.860, 191.150, 11
445, 541.730, 191.150, 11
446, 562.600, 191.150, 11
447, 583.470, 191.150, 11
448, 604.340, 191.150, 11
449, 625.210, 191.150, 11
450, 646.080, 191.150, 11
451, 666.950, 191.150, 11
452, 687.820, 191.150, 11
453, 708.690, 191.150, 11
454, 729.560, 191.150, 11
455, 750.430, 191.150, 11
456, 771.300, 191.150, 11
457, 792.170, 191.150, 2
458, 813.040, 191.150, 2
459, 833.910, 191.150, 2
460, 854.780, 191.150, 2
461, 875.650, 191.150, 2
462, 896.520, 191.150, 2
463, 917.390, 191.150, 2
464, 938.260, 191.150, 2
465, 959.130, 191.150, 2
466, 980.000, 191.150, 2
467, 1000.870, 191.150, 2
468, 1021.740, 191.150, 2
469, 249.550, 199.650, 4
470, 270.420, 199.650, 4
471, 291.290, 199.650, 4
472, 312.160, 199.650, 4
473, 333.030, 199.650, 4
474, 353.900, 199.650, 4
475, 374.770, 199.650, 4
476, 395.640, 199.650, 4
477, 416.510, 199.650, 4
478, 437.380, 199.650, 4
479, 458.250, 199.650, 4
480, 479.120, 199.650, 4
481, 499.990, 199.650, 11
482, 520.860, 199.650, 11
483, 541.730, 199.650, 11
484, 562.600, 199.650, 11
485, 583.470, 199.650, 11
486, 604.340, 199.650, 11
487, 625.210, 199.650, 11
488, 646.080, 199.650, 11
489, 666.950, 199.650, 11
490, 687.820, 199.650, 11
491, 708.690, 199.650, 11
492, 729.560, 199.650, 11
493, 750.430, 199.650, 11
494, 771.300, 199.650, 11
495, 792.170, 199.650, 2
496, 813.040, 199.650, 2
497, 833.910, 199.650, 2
498, 854.780, 199.650, 2
499, 875.650, 199.650, 2
500, 896.520, 199.650, 2
501, 917.390, 199.650, 2
502, 938.260, 199.650, 2
503, 959.130, 199.650, 2
504, 980.000, 199.650, 2
505, 1000.870, 199.650, 2
506, 1021.740, 199.650, 2
507, 1042.610, 199.650, 2
508, 249.550, 208.150, 4
509, 270.420, 208.150, 4
510, 291.290, 208.150, 4
511, 312.160, 208.150, 4
512, 333.030, 208.150, 4
513, 353.900, 208.150, 4
514, 374.770, 208.150, 4
515, 395.640, 208.150, 4
516, 416.510, 208.150, 4
517, 437.380, 208.150, 4
518, 458.250, 208.150, 4
519, 479.120, 208.150, 4
520, 499.990, 208.150, 11
521, 520.860, 208.150, 11
522, 541.730, 208.150, 11
523, 562.600, 208.150, 11
524, 583.470, 208.150, 11
525, 604.340, 208.150, 11
526, 625.210, 208.150, 11
527, 646.080, 208.150, 11
528, 666.950, 208.150, 11
529, 687.820, 208.150, 11
530, 708.690, 208.150, 11
531, 729.560, 208.150, 11
532, 750.430, 208.150, 11
533, 771.300, 208.150, 11
534, 792.170, 208.150, 2
535, 813.040, 208.150, 2
536, 833.910, 208.150, 2
537, 854.780, 208.150, 2
538, 875.650, 208.150, 2
539, 896.520, 208.150, 2
540, 917.390, 208.150, 2
541, 938.260, 208.150, 2
542, 959.130, 208.150, 2
543, 980.000, 208.150, 2
544, 1000.870, 208.150, 2
545, 1021.740, 208.150, 2
546, 1042.610, 208.150, 2
547, 249.550, 216.650, 4
548, 270.420, 216.650, 4
549, 291.290, 216.650, 4
550, 312.160, 216.650, 4
551, 333.030, 216.650, 4
552, 353.900, 216.650, 4
553, 374.770, 216.650, 4
554, 395.640, 216.650, 4
555, 416.510, 216.650, 4
556, 437.380, 216.650, 4
557, 458.250, 216.650, 4
558, 479.120, 216.650, 4
559, 499.990, 216.650, 11
560, 520.860, 216.650, 11
561, 541.730, 216.650, 11
562, 562.600, 216.650, 11
563, 583.470, 216.650, 11
564, 604.340, 216.650, 11
565, 625.210, 216.650, 11
566, 646.080, 216.650, 11
567, 666.950, 216.650, 11
568, 687.820, 216.650, 11
569, 708.690, 216.650, 11
570, 729.560, 216.650, 11
571, 750.430, 216.650, 11
572, 771.300, 216.650, 11
573, 792.170, 216.650, 2
574, 813.040, 216.650, 2
575, 833.910, 216.650, 2
576, 854.780, 216.650, 2
577, 875.650, 216.650, 2
578, 896.520, 216.650, 2
579, 917.390, 216.650, 2
580, 938.260, 216.650, 2
581, 959.130, 216.650, 2
582, 980.000, 216.650, 2
583, 1000.870, 216.650, 2
584, 1021.740, 216.650, 2
585, 1042.610, 216.650, 2
586, 228.680, 225.150, 1
587, 249.550, 225.150, 1
588, 270.420, 225.150, 4
589, 291.290, 225.150, 4
590, 312.160, 225.150, 4
591, 333.030, 225.150, 4
592, 353.900, 225.150, 4
593, 374.770, 225.150, 4
594, 395.640, 225.150, 4
595, 416.510, 225.150, 4
596, 437.380, 225.150, 4
597, 458.250, 225.150, 4
598, 479.120, 225.150, 4
599, 499.990, 225.150, 11
600, 520.860, 225.150, 11
601, 541.730, 225.150, 11
602, 562.600, 225.150, 11
603, 583.470, 225.150, 11
604, 604.340, 225.150, 11
605, 625.210, 225.150, 11
606, 646.080, 225.150, 11
607, 666.950, 225.150, 11
608, 687.820, 225.150, 11
609, 708.690, 225.150, 11
610, 729.560, 225.150, 11
611, 750.430, 225.150, 11
612, 771.300, 225.150, 11
613, 792.170, 225.150, 2
614, 813.040, 225.150, 2
615, 833.910, 225.150, 2
616, 854.780, 225.150, 2
617, 875.650, 225.150, 2
618, 896.520, 225.150, 2
619, 917.390, 225.150, 2
620, 938.260, 225.150, 2
621, 959.130, 225.150, 2
622, 980.000, 225.150, 2
623, 1000.870, 225.150, 2
624, 1021.740, 225.150, 2
625, 1042.610, 225.150, 2
626, 228.680, 233.650, 1
627, 249.550, 233.650, 1
628, 270.420, 233.650, 1
629, 291.290, 233.650, 1
630, 312.160, 233.650, 1
631, 333.030, 233.650, 1
632, 353.900, 233.650, 1
633, 374.770, 233.650, 1
634, 395.640, 233.650, 1
635, 416.510, 233.650, 1
636, 437.380, 233.650, 8
637, 458.250, 233.650, 8
638, 479.120, 233.650, 8
639, 499.990, 233.650, 8
640, 520.860, 233.650, 8
641, 541.730, 233.650, 8
642, 562.600, 233.650, 8
643, 583.470, 233.650, 8
644, 604.340, 233.650, 8
645, 625.210, 233.650, 8
646, 646.080, 233.650, 7
647, 666.950, 233.650, 7
648, 687.820, 233.650, 7
649, 708.690, 233.650, 7
650, 729.560, 233.650, 7
651, 750.430, 233.650, 7
652, 771.300, 233.650, 7
653, 792.170, 233.650, 7
654, 813.040, 233.650, 7
655, 833.910, 233.650, 2
656, 854.780, 233.650, 2
657, 875.650, 233.650, 2
658, 896.520, 233.650, 2
659, 917.390, 233.650, 2
660, 938.260, 233.650, 2
661, 959.130, 233.650, 2
662, 980.000, 233.650, 2
663, 1000.870, 233.650, 2
664, 1021.740, 233.650, 2
665, 1042.610, 233.650, 2
666, 1063.480, 233.650, 2
667, 228.680, 242.150, 1
668, 249.550, 242.150, 1
669, 270.420, 242.150, 1
670, 291.290, 242.150, 1
671, 312.160, 242.150, 1
672, 333.030, 242.150, 1
673, 353.900, 242.150, 1
674, 374.770, 242.150, 1
675, 395.640, 242.150, 1
676, 416.510, 242.150, 1
677, 437.380, 242.150, 8
678, 458.250, 242.150, 8
679, 479.120, 242.150, 8
680, 499.990, 242.150, 8
681, 520.860, 242.150, 8
682, 541.730, 242.150, 8
683, 562.600, 242.150, 8
684, 583.470, 242.150, 8
685, 604.340, 242.150, 8
686, 625.210, 242.150, 8
687, 646.080, 242.150, 7
688, 666.950, 242.150, 7
689, 687.820, 242.150, 7
690, 708.690, 242.150, 7
691, 729.560, 242.150, 7
692, 750.430, 242.150, 7
693, 771.300, 242.150, 7
694, 792.170, 242.150, 7
695, 813.040, 242.150, 7
696, 833.910, 242.150, 2
697, 854.780, 242.150, 2
698, 875.650, 242.150, 2
699, 896.520, 242.150, 2
700, 917.390, 242.150, 2
701, 938.260, 242.150, 2
702, 959.130, 242.150, 2
703, 980.000, 242.150, 2
704, 1000.870, 242.150, 2
705, 1021.740, 242.150, 2
706, 1042.610, 242.150, 2
707, 1063.480, 242.150, 2
708, 228.680, 250.650, 1
709, 249.550, 250.650, 1
710, 270.420, 250.650, 1
711, 291.290, 250.650, 1
712, 312.160, 250.650, 1
713, 333.030, 250.650, 1
714, 353.900, 250.650, 1
715, 374.770, 250.650, 1
716, 395.640, 250.650, 1
717, 416.510, 250.650, 1
718, 437.380, 250.650, 8
719, 458.250, 250.650, 8
720, 479.120, 250.650, 8
721, 499.990, 250.650, 8
722, 520.860, 250.650, 8
723, 541.730, 250.650, 8
724, 562.600, 250.650, 8
725, 583.470, 250.650, 8
726, 604.340, 250.650, 8
727, 625.210, 250.650, 8
728, 646.080, 250.650, 7
729, 666.950, 250.650, 7
730, 687.820, 250.650, 7
731, 708.690, 250.650, 7
732, 729.560, 250.650, 7
733, 750.430, 250.650, 7
734, 771.300, 250.650, 7
735, 792.170, 250.650, 7
736, 813.040, 250.650, 7
737, 833.910, 250.650, 7
738, 854.780, 250.650, 7
739, 875.650, 250.650, 9
740, 896.520, 250.650, 9
741, 917.390, 250.650, 9
742, 938.260, 250.650, 2
743, 959.130, 250.650, 2
744, 980.000, 250.650, 2
745, 1000.870, 250.650, 2
746, 1021.740, 250.650, 2
747, 1042.610, 250.650, 2
748, 1063.480, 250.650, 2
749, 228.680, 259.150, 1
750, 249.550, 259.150, 1
751, 270.420, 259.150, 1
752, 291.290, 259.150, 1
753, 312.160, 259.150, 1
754, 333.030, 259.150, 1
755, 353.900, 259.150, 1
756, 374.770, 259.150, 1
757, 395.640, 259.150, 1
758, 416.510, 259.150, 1
759, 437.380, 259.150, 8
760, 458.250, 259.150, 8
761, 479.120, 259.150, 8
762, 499.990, 259.150, 8
763, 520.860, 259.150, 8
764, 541.730, 259.150, 8
765, 562.600, 259.150, 8
766, 583.470, 259.150, 8
767, 604.340, 259.150, 8
768, 625.210, 259.150, 8
769, 646.080, 259.150, 7
770, 666.950, 259.150, 7
771, 687.820, 259.150, 7
772, 708.690, 259.150, 7
773, 729.560, 259.150, 7
774, 750.430, 259.150, 7
775, 771.300, 259.150, 7
776, 792.170, 259.150, 7
777, 813.040, 259.150, 7
778, 833.910, 259.150, 7
779, 854.780, 259.150, 9
780, 875.650, 259.150, 9
781, 896.520, 259.150, 9
782, 917.390, 259.150, 9
783, 938.260, 259.150, 9
784, 959.130, 259.150, 9
785, 980.000, 259.150, 9
786, 1000.870, 259.150, 9
787, 1021.740, 259.150, 9
788, 1042.610, 259.150, 9
789, 1063.480, 259.150, 9
790, 228.680, 267.650, 1
791, 249.550, 267.650, 1
792, 270.420, 267.650, 1
793, 291.290, 267.650, 1
794, 312.160, 267.650, 1
795, 333.030, 267.650, 1
796, 353.900, 267.650, 1
797, 374.770, 267.650, 1
798, 395.640, 267.650, 1
799, 416.510, 267.650, 1
800, 437.380, 267.650, 8
801, 458.250, 267.650, 8
802, 479.120, 267.650, 8
803, 499.990, 267.650, 8
804, 520.860, 267.650, 8
805, 541.730, 267.650, 8
806, 562.600, 267.650, 8
807, 583.470, 267.650, 8
808, 604.340, 267.650, 8
809, 625.210, 267.650, 8
810, 646.080, 267.650, 7
811, 666.950, 267.650, 7
812, 687.820, 267.650, 7
813, 708.690, 267.650, 7
814, 729.560, 267.650, 7
815, 750.430, 267.650, 7
816, 771.300, 267.650, 7
817, 792.170, 267.650, 7
818, 813.040, 267.650, 7
819, 833.910, 267.650, 7
820, 854.780, 267.650, 9
821, 875.650, 267.650, 9
822, 896.520, 267.650, 9
823, 917.390, 267.650, 9
824, 938.260, 267.650, 9
825, 959.130, 267.650, 9
826, 980.000, 267.650, 9
827, 1000.870, 267.650, 9
828, 1021.740, 267.650, 9
829, 1042.610, 267.650, 9
830, 1063.480, 267.650, 9
831, 228.680, 276.150, 1
832, 249.550, 276.150, 1
833, 270.420, 276.150, 1
834, 291.290, 276.150, 1
835, 312.160, 276.150, 1
836, 333.030, 276.150, 1
837, 353.900, 276.150, 1
838, 374.770, 276.150, 1
839, 395.640, 276.150, 1
840, 416.510, 276.150, 1
841, 437.380, 276.150, 8
842, 458.250, 276.150, 8
843, 479.120, 276.150, 8
844, 499.990, 276.150, 8
845, 520.860, 276.150, 8
846, 541.730, 276.150, 8
847, 562.600, 276.150, 8
848, 583.470, 276.150, 8
849, 604.340, 276.150, 8
850, 625.210, 276.150, 8
851, 646.080, 276.150, 7
852, 666.950, 276.150, 7
853, 687.820, 276.150, 7
854, 708.690, 276.150, 7
855, 729.560, 276.150, 7
856, 750.430, 276.150, 7
857, 771.300, 276.150, 7
858, 792.170, 276.150, 7
859, 813.040, 276.150, 7
860, 833.910, 276.150, 7
861, 854.780, 276.150, 9
862, 875.650, 276.150, 9
863, 896.520, 276.150, 9
864, 917.390, 276.150, 9
865, 938.260, 276.150, 9
866, 959.130, 276.150, 9
867, 980.000, 276.150, 9
868, 1000.870, 276.150, 9
869, 1021.740, 276.150, 9
870, 1042.610, 276.150, 9
871, 1063.480, 276.150, 9
872, 207.810, 284.650, 1
873, 228.680, 284.650, 1
874, 249.550, 284.650, 1
875, 270.420, 284.650, 1
876, 291.290, 284.650, 1
877, 312.160, 284.650, 1
878, 333.030, 284.650, 1
879, 353.900, 284.650, 1
880, 374.770, 284.650, 1
881, 395.640, 284.650, 1
882, 416.510, 284.650, 1
883, 437.380, 284.650, 8
884, 458.250, 284.650, 8
885, 479.120, 284.650, 8
886, 499.990, 284.650, 8
887, 520.860, 284.650, 8
888, 541.730, 284.650, 8
889, 562.600, 284.650, 8
890, 583.470, 284.650, 8
891, 604.340, 284.650, 8
892, 625.210, 284.650, 8
893, 646.080, 284.650, 7
894, 666.950, 284.650, 7
895, 687.820, 284.650, 7
896, 708.690, 284.650, 7
897, 729.560, 284.650, 7
898, 750.430, 284.650, 7
899, 771.300, 284.650, 7
900, 792.170, 284.650, 7
901, 813.040, 284.650, 7
902, 833.910, 284.650, 7
903, 854.780, 284.650, 9
904, 875.650, 284.650, 9
905, 896.520, 284.650, 9
906, 917.390, 284.650, 9
907, 938.260, 284.650, 9
908, 959.130, 284.650, 9
909, 980.000, 284.650, 9
910, 1000.870, 284.650, 9
911, 1021.740, 284.650, 9
912, 1042.610, 284.650, 9
913, 228.680, 293.150, 1
914, 249.550, 293.150, 1
915, 270.420, 293.150, 1
916, 291.290, 293.150, 1
917, 312.160, 293.150, 1
918, 333.030, 293.150, 1
919, 353.900, 293.150, 1
920, 374.770, 293.150, 1
921, 395.640, 293.150, 1
922, 416.510, 293.150, 1
923, 437.380, 293.150, 8
924, 458.250, 293.150, 8
925, 479.120, 293.150, 8
926, 499.990, 293.150, 8
927, 520.860, 293.150, 8
928, 541.730, 293.150, 8
929, 562.600, 293.150, 8
930, 583.470, 293.150, 8
931, 604.340, 293.150, 8
932, 625.210, 293.150, 8
933, 646.080, 293.150, 7
934, 666.950, 293.150, 7
935, 687.820, 293.150, 7
936, 708.690, 293.150, 7
937, 729.560, 293.150, 7
938, 750.430, 293.150, 7
939, 771.300, 293.150, 7
940, 792.170, 293.150, 7
941, 813.040, 293.150, 7
942, 833.910, 293.150, 7
943, 854.780, 293.150, 9
944, 875.650, 293.150, 9
945, 896.520, 293.150, 9
946, 917.390, 293.150, 9
947, 938.260, 293.150, 9
948, 959.130, 293.150, 9
949, 980.000, 293.150, 9
950, 1000.870, 293.150, 9
951, 1021.740, 293.150, 9
952, 1042.610, 293.150, 9
953, 249.550, 301.650, 1
954, 270.420, 301.650, 1
955, 291.290, 301.650, 1
956, 312.160, 301.650, 1
957, 333.030, 301.650, 1
958, 353.900, 301.650, 1
959, 374.770, 301.650, 1
960, 395.640, 301.650, 1
961, 416.510, 301.650, 1
962, 437.380, 301.650, 8
963, 458.250, 301.650, 8
964, 479.120, 301.650, 8
965, 499.990, 301.650, 8
966, 520.860, 301.650, 8
967, 541.730, 301.650, 8
968, 562.600, 301.650, 8
969, 583.470, 301.650, 8
970, 604.340, 301.650, 8
971, 625.210, 301.650, 8
972, 646.080, 301.650, 7
973, 666.950, 301.650, 7
974, 687.820, 301.650, 7
975, 708.690, 301.650, 7
976, 729.560, 301.650, 7
977, 750.430, 301.650, 7
978, 771.300, 301.650, 7
979, 792.170, 301.650, 7
980, 813.040, 301.650, 7
981, 833.910, 301.650, 7
982, 854.780, 301.650, 9
983, 875.650, 301.650, 9
984, 896.520, 301.650, 9
985, 917.390, 301.650, 9
986, 938.260, 301.650, 9
987, 959.130, 301.650, 9
988, 980.000, 301.650, 9
989, 1000.870, 301.650, 9
990, 1021.740, 301.650, 9
991, 270.420, 310.150, 1
992, 291.290, 310.150, 1
993, 312.160, 310.150, 1
994, 333.030, 310.150, 1
995, 353.900, 310.150, 1
996, 374.770, 310.150, 1
997, 395.640, 310.150, 1
998, 416.510, 310.150, 1
999, 437.380, 310.150, 8
1000, 458.250, 310.150, 8
1001, 479.120, 310.150, 8
1002, 499.990, 310.150, 8
1003, 520.860, 310.150, 8
1004, 541.730, 310.150, 8
1005, 562.600, 310.150, 8
1006, 583.470, 310.150, 8
1007, 604.340, 310.150, 8
1008, 625.210, 310.150, 8
1009, 646.080, 310.150, 7
1010, 666.950, 310.150, 7
1011, 687.820, 310.150, 7
1012, 708.690, 310.150, 7
1013, 729.560, 310.150, 7
1014, 750.430, 310.150, 7
1015, 771.300, 310.150, 7
1016, 792.170, 310.150, 7
1017, 813.040, 310.150, 7
1018, 833.910, 310.150, 7
1019, 854.780, 310.150, 9
1020, 875.650, 310.150, 9
1021, 896.520, 310.150, 9
1022, 917.390, 310.150, 9
1023, 938.260, 310.150, 9
1024, 959.130, 310.150, 9
1025, 980.000, 310.150, 9
1026, 1000.870, 310.150, 9
1027, 1021.740, 310.150, 9
1028, 270.420, 318.650, 1
1029, 291.290, 318.650, 1
1030, 312.160, 318.650, 1
1031, 333.030, 318.650, 1
1032, 353.900, 318.650, 1
1033, 374.770, 318.650, 6
1034, 395.640, 318.650, 6
1035, 416.510, 318.650, 6
1036, 437.380, 318.650, 6
1037, 458.250, 318.650, 8
1038, 479.120, 318.650, 8
1039, 499.990, 318.650, 8
1040, 520.860, 318.650, 8
1041, 541.730, 318.650, 8
1042, 562.600, 318.650, 8
1043, 583.470, 318.650, 8
1044, 604.340, 318.650, 8
1045, 625.210, 318.650, 8
1046, 646.080, 318.650, 7
1047, 666.950, 318.650, 7
1048, 687.820, 318.650, 7
1049, 708.690, 318.650, 7
1050, 729.560, 318.650, 7
1051, 750.430, 318.650, 7
1052, 771.300, 318.650, 7
1053, 792.170, 318.650, 7
1054, 813.040, 318.650, 7
1055, 833.910, 318.650, 7
1056, 854.780, 318.650, 9
1057, 875.650, 318.650, 9
1058, 896.520, 318.650, 9
1059, 917.390, 318.650, 9
1060, 938.260, 318.650, 9
1061, 959.130, 318.650, 9
1062, 980.000, 318.650, 9
1063, 1000.870, 318.650, 9
1064, 1021.740, 318.650, 9
1065, 291.290, 327.150, 1
1066, 312.160, 327.150, 1
1067, 333.030, 327.150, 1
1068, 353.900, 327.150, 1
1069, 374.770, 327.150, 6
1070, 395.640, 327.150, 6
1071, 416.510, 327.150, 6
1072, 437.380, 327.150, 6
1073, 458.250, 327.150, 6
1074, 479.120, 327.150, 6
1075, 499.990, 327.150, 6
1076, 520.860, 327.150, 6
1077, 541.730, 327.150, 6
1078, 562.600, 327.150, 6
1079, 583.470, 327.150, 6
1080, 604.340, 327.150, 6
1081, 625.210, 327.150, 10
1082, 646.080, 327.150, 10
1083, 666.950, 327.150, 10
1084, 687.820, 327.150, 10
1085, 708.690, 327.150, 10
1086, 729.560, 327.150, 10
1087, 750.430, 327.150, 10
1088, 771.300, 327.150, 10
1089, 792.170, 327.150, 10
1090, 813.040, 327.150, 10
1091, 833.910, 327.150, 10
1092, 854.780, 327.150, 9
1093, 875.650, 327.150, 9
1094, 896.520, 327.150, 9
1095, 917.390, 327.150, 9
1096, 938.260, 327.150, 9
1097, 959.130, 327.150, 9
1098, 980.000, 327.150, 9
1099, 312.160, 335.650, 6
1100, 333.030, 335.650, 6
1101, 353.900, 335.650, 6
1102, 374.770, 335.650, 6
1103, 395.640, 335.650, 6
1104, 416.510, 335.650, 6
1105, 437.380, 335.650, 6
1106, 458.250, 335.650, 6
1107, 479.120, 335.650, 6
1108, 499.990, 335.650, 6
1109, 520.860, 335.650, 6
1110, 541.730, 335.650, 6
1111, 562.600, 335.650, 6
1112, 583.470, 335.650, 6
1113, 604.340, 335.650, 6
1114, 625.210, 335.650, 10
1115, 646.080, 335.650, 10
1116, 666.950, 335.650, 10
1117, 687.820, 335.650, 10
1118, 708.690, 335.650, 10
1119, 729.560, 335.650, 10
1120, 750.430, 335.650, 10
1121, 771.300, 335.650, 10
1122, 792.170, 335.650, 10
1123, 813.040, 335.650, 10
1124, 833.910, 335.650, 10
1125, 854.780, 335.650, 9
1126, 875.650, 335.650, 9
1127, 896.520, 335.650, 9
1128, 917.390, 335.650, 9
1129, 938.260, 335.650, 9
1130, 959.130, 335.650, 9
1131, 312.160, 344.150, 6
1132, 333.030, 344.150, 6
1133, 353.900, 344.150, 6
1134, 374.770, 344.150, 6
1135, 395.640, 344.150, 6
1136, 416.510, 344.150, 6
1137, 437.380, 344.150, 6
1138, 458.250, 344.150, 6
1139, 479.120, 344.150, 6
1140, 499.990, 344.150, 6
1141, 520.860, 344.150, 6
1142, 541.730, 344.150, 6
1143, 562.600, 344.150, 6
1144, 583.470, 344.150, 6
1145, 604.340, 344.150, 6
1146, 625.210, 344.150, 10
1147, 646.080, 344.150, 10
1148, 666.950, 344.150, 10
1149, 687.820, 344.150, 10
1150, 708.690, 344.150, 10
1151, 729.560, 344.150, 10
1152, 750.430, 344.150, 10
1153, 771.300, 344.150, 10
1154, 792.170, 344.150, 10
1155, 813.040, 344.150, 10
1156, 833.910, 344.150, 10
1157, 854.780, 344.150, 9
1158, 875.650, 344.150, 9
1159, 896.520, 344.150, 9
1160, 917.390, 344.150, 9
1161, 938.260, 344.150, 9
1162, 312.160, 352.650, 6
1163, 333.030, 352.650, 6
1164, 353.900, 352.650, 6
1165, 374.770, 352.650, 6
1166, 395.640, 352.650, 6
1167, 416.510, 352.650, 6
1168, 437.380, 352.650, 6
1169, 458.250, 352.650, 6
1170, 479.120, 352.650, 6
1171, 499.990, 352.650, 6
1172, 520.860, 352.650, 6
1173, 541.730, 352.650, 6
1174, 562.600, 352.650, 6
1175, 583.470, 352.650, 6
1176, 604.340, 352.650, 10
1177, 625.210, 352.650, 10
1178, 646.080, 352.650, 10
1179, 666.950, 352.650, 10
1180, 687.820, 352.650, 10
1181, 708.690, 352.650, 10
1182, 729.560, 352.650, 10
1183, 750.430, 352.650, 10
1184, 771.300, 352.650, 10
1185, 792.170, 352.650, 10
1186, 813.040, 352.650, 10
1187, 833.910, 352.650, 10
1188, 854.780, 352.650, 9
1189, 875.650, 352.650, 9
1190, 896.520, 352.650, 9
1191, 917.390, 352.650, 9
1192, 333.030, 361.150, 6
1193, 353.900, 361.150, 6
1194, 374.770, 361.150, 6
1195, 395.640, 361.150, 6
1196, 416.510, 361.150, 6
1197, 437.380, 361.150, 6
1198, 458.250, 361.150, 6
1199, 479.120, 361.150, 6
1200, 499.990, 361.150, 6
1201, 520.860, 361.150, 6
1202, 541.730, 361.150, 6
1203, 562.600, 361.150, 6
1204, 583.470, 361.150, 6
1205, 604.340, 361.150, 10
1206, 625.210, 361.150, 10
1207, 646.080, 361.150, 10
1208, 666.950, 361.150, 10
1209, 687.820, 361.150, 10
1210, 708.690, 361.150, 10
1211, 729.560, 361.150, 10
1212, 750.430, 361.150, 10
1213, 771.300, 361.150, 10
1214, 792.170, 361.150, 10
1215, 813.040, 361.150, 10
1216, 833.910, 361.150, 10
1217, 854.780, 361.150, 9
1218, 875.650, 361.150, 9
1219, 896.520, 361.150, 9
1220, 353.900, 369.650, 6
1221, 374.770, 369.650, 6
1222, 395.640, 369.650, 6
1223, 416.510, 369.650, 6
1224, 437.380, 369.650, 6
1225, 458.250, 369.650, 6
1226, 479.120, 369.650, 6
1227, 499.990, 369.650, 6
1228, 520.860, 369.650, 6
1229, 541.730, 369.650, 6
1230, 562.600, 369.650, 6
1231, 583.470, 369.650, 6
1232, 604.340, 369.650, 10
1233, 625.210, 369.650, 10
1234, 646.080, 369.650, 10
1235, 666.950, 369.650, 10
1236, 687.820, 369.650, 10
1237, 708.690, 369.650, 10
1238, 729.560, 369.650, 10
1239, 750.430, 369.650, 10
1240, 771.300, 369.650, 10
1241, 792.170, 369.650, 10
1242, 813.040, 369.650, 10
1243, 833.910, 369.650, 10
1244, 854.780, 369.650, 9
1245, 353.900, 378.150, 6
1246, 374.770, 378.150, 6
1247, 395.640, 378.150, 6
1248, 416.510, 378.150, 6
1249, 437.380, 378.150, 6
1250, 458.250, 378.150, 6
1251, 479.120, 378.150, 6
1252, 499.990, 378.150, 6
1253, 520.860, 378.150, 6
1254, 541.730, 378.150, 6
1255, 562.600, 378.150, 6
1256, 583.470, 378.150, 6
1257, 604.340, 378.150, 10
1258, 625.210, 378.150, 10
1259, 646.080, 378.150, 10
1260, 666.950, 378.150, 10
1261, 687.820, 378.150, 10
1262, 708.690, 378.150, 10
1263, 729.560, 378.150, 10
1264, 750.430, 378.150, 10
1265, 771.300, 378.150, 10
1266, 792.170, 378.150, 10
1267, 813.040, 378.150, 10
1268, 833.910, 378.150, 10
1269, 437.380, 386.650, 6
1270, 458.250, 386.650, 6
1271, 479.120, 386.650, 6
1272, 499.990, 386.650, 6
1273, 520.860, 386.650, 6
1274, 541.730, 386.650, 6
1275, 562.600, 386.650, 6
1276, 583.470, 386.650, 6
1277, 604.340, 386.650, 10
1278, 625.210, 386.650, 10
1279, 646.080, 386.650, 10
1280, 666.950, 386.650, 10
1281, 687.820, 386.650, 10
1282, 708.690, 386.650, 10
1283, 729.560, 386.650, 10
1284, 750.430, 386.650, 10
1285, 771.300, 386.650, 10
1286, 792.170, 386.650, 10
1287, 813.040, 386.650, 10
1288, 520.860, 395.150, 6
1289, 541.730, 395.150, 6
1290, 562.600, 395.150, 6
1291, 583.470, 395.150, 6
1292, 604.340, 395.150, 10
1293, 625.210, 395.150, 10
1294, 646.080, 395.150, 10
1295, 666.950, 395.150, 10
1296, 687.820, 395.150, 10
1297, 708.690, 395.150, 10
1298, 729.560, 395.150, 10
1299, 750.430, 395.150, 10
1300, 771.300, 395.150, 10
1301, 604.340, 403.650, 10
1302, 625.210, 403.650, 10
1303, 646.080, 403.650, 10
1304, 666.950, 403.650, 10
1305, 687.820, 403.650, 10
1306, 708.690, 403.650, 10
1307, 729.560, 403.650, 10
1308, 750.430, 403.650, 10
