1, 66.120, 552.150, 1
2, 66.120, 560.650, 1
3, 66.120, 569.150, 1
4, 66.120, 577.650, 1
5, 66.120, 586.150, 1
6, 66.120, 594.650, 1
7, 86.990, 518.150, 1
8, 86.990, 526.650, 1
9, 86.990, 535.150, 1
10, 86.990, 543.650, 1
11, 86.990, 552.150, 1
12, 86.990, 560.650, 1
13, 86.990, 569.150, 1
14, 86.990, 577.650, 1
15, 86.990, 586.150, 1
16, 86.990, 594.650, 1
17, 86.990, 603.150, 1
18, 86.990, 611.650, 1
19, 86.990, 620.150, 1
20, 107.860, 484.150, 16
21, 107.860, 492.650, 16
22, 107.860, 501.150, 16
23, 107.860, 509.650, 16
24, 107.860, 518.150, 1
25, 107.860, 526.650, 1
26, 107.860, 535.150, 1
27, 107.860, 543.650, 1
28, 107.860, 552.150, 1
29, 107.860, 560.650, 1
30, 107.860, 569.150, 1
31, 107.860, 577.650, 1
32, 107.860, 586.150, 1
33, 107.860, 594.650, 1
34, 107.860, 603.150, 1
35, 107.860, 611.650, 1
36, 107.860, 620.150, 1
37, 128.730, 450.150, 16
38, 128.730, 458.650, 16
39, 128.730, 467.150, 16
40, 128.730, 475.650, 16
41, 128.730, 484.150, 16
42, 128.730, 492.650, 16
43, 128.730, 501.150, 16
44, 128.730, 509.650, 16
45, 128.730, 518.150, 1
46, 128.730, 526.650, 1
47, 128.730, 535.150, 1
48, 128.730, 543.650, 1
49, 128.730, 552.150, 1
50, 128.730, 560.650, 1
51, 128.730, 569.150, 1
52, 128.730, 577.650, 1
53, 128.730, 586.150, 1
54, 128.730, 594.650, 1
55, 128.730, 603.150, 1
56, 128.730, 611.650, 1
57, 128.730, 620.150, 1
58, 149.600, 416.150, 16
59, 149.600, 424.650, 16
60, 149.600, 433.150, 16
61, 149.600, 441.650, 16
62, 149.600, 450.150, 16
63, 149.600, 458.650, 16
64, 149.600, 467.150, 16
65, 149.600, 475.650, 16
66, 149.600, 484.150, 16
67, 149.600, 492.650, 16
68, 149.600, 501.150, 16
69, 149.600, 509.650, 16
70, 149.600, 518.150, 1
71, 149.600, 526.650, 1
72, 149.600, 535.150, 1
73, 149.600, 543.650, 1
74, 149.600, 552.150, 1
75, 149.600, 560.650, 1
76, 149.600, 569.150, 1
77, 149.600, 577.650, 1
78, 149.600, 586.150, 1
79, 149.600, 594.650, 1
80, 149.600, 603.150, 1
81, 149.600, 611.650, 1
82, 149.600, 620.150, 1
83, 170.470, 407.650, 16
84, 170.470, 416.150, 16
85, 170.470, 424.650, 16
86, 170.470, 433.150, 16
87, 170.470, 441.650, 16
88, 170.470, 450.150, 16
89, 170.470, 458.650, 16
90, 170.470, 467.150, 16
91, 170.470, 475.650, 16
92, 170.470, 484.150, 16
93, 170.470, 492.650, 16
94, 170.470, 501.150, 16
95, 170.470, 509.650, 16
96, 170.470, 518.150, 1
97, 170.470, 526.650, 1
98, 170.470, 535.150, 1
99, 170.470, 543.650, 1
100, 170.470, 552.150, 1
101, 170.470, 560.650, 1
102, 170.470, 569.150, 1
103, 170.470, 577.650, 1
104, 170.470, 586.150, 1
105, 170.470, 594.650, 1
106, 170.470, 603.150, 1
107, 170.470, 611.650, 1
108, 170.470, 620.150, 1
109, 191.340, 399.150, 16
110, 191.340, 407.650, 16
111, 191.340, 416.150, 16
112, 191.340, 424.650, 16
113, 191.340, 433.150, 16
114, 191.340, 441.650, 16
115, 191.340, 450.150, 16
116, 191.340, 458.650, 16
117, 191.340, 467.150, 16
118, 191.340, 475.650, 16
119, 191.340, 484.150, 16
120, 191.340, 492.650, 16
121, 191.340, 501.150, 16
122, 191.340, 509.650, 16
123, 191.340, 518.150, 1
124, 191.340, 526.650, 1
125, 191.340, 535.150, 1
126, 191.340, 543.650, 1
127, 191.340, 552.150, 1
128, 191.340, 560.650, 1
129, 191.340, 569.150, 1
130, 191.340, 577.650, 1
131, 191.340, 586.150, 1
132, 191.340, 594.650, 1
133, 191.340, 603.150, 1
134, 191.340, 611.650, 1
135, 191.340, 620.150, 1
136, 212.210, 382.150, 4
137, 212.210, 390.650, 4
138, 212.210, 399.150, 4
139, 212.210, 407.650, 4
140, 212.210, 416.150, 16
141, 212.210, 424.650, 16
142, 212.210, 433.150, 16
143, 212.210, 441.650, 16
144, 212.210, 450.150, 16
145, 212.210, 458.650, 16
146, 212.210, 467.150, 16
147, 212.210, 475.650, 16
148, 212.210, 484.150, 16
149, 212.210, 492.650, 16
150, 212.210, 501.150, 16
151, 212.210, 509.650, 16
152, 212.210, 518.150, 1
153, 212.210, 526.650, 1
154, 212.210, 535.150, 1
155, 212.210, 543.650, 1
156, 212.210, 552.150, 1
157, 212.210, 560.650, 1
158, 212.210, 569.150, 1
159, 212.210, 577.650, 1
160, 212.210, 586.150, 1
161, 212.210, 594.650, 1
162, 212.210, 603.150, 1
163, 212.210, 611.650, 1
164, 212.210, 620.150, 1
165, 233.080, 373.650, 4
166, 233.080, 382.150, 4
167, 233.080, 390.650, 4
168, 233.080, 399.150, 4
169, 233.080, 407.650, 4
170, 233.080, 416.150, 16
171, 233.080, 424.650, 16
172, 233.080, 433.150, 16
173, 233.080, 441.650, 16
174, 233.080, 450.150, 16
175, 233.080, 458.650, 16
176, 233.080, 467.150, 16
177, 233.080, 475.650, 16
178, 233.080, 484.150, 16
179, 233.080, 492.650, 16
180, 233.080, 501.150, 16
181, 233.080, 509.650, 16
182, 233.080, 518.150, 1
183, 233.080, 526.650, 1
184, 233.080, 535.150, 1
185, 233.080, 543.650, 1
186, 233.080, 552.150, 1
187, 233.080, 560.650, 1
188, 233.080, 569.150, 1
189, 233.080, 577.650, 1
190, 233.080, 586.150, 1
191, 233.080, 594.650, 1
192, 233.080, 603.150, 1
193, 233.080, 611.650, 1
194, 253.950, 365.150, 4
195, 253.950, 373.650, 4
196, 253.950, 382.150, 4
197, 253.950, 390.650, 4
198, 253.950, 399.150, 4
199, 253.950, 407.650, 4
200, 253.950, 416.150, 16
201, 253.950, 424.650, 16
202, 253.950, 433.150, 16
203, 253.950, 441.650, 16
204, 253.950, 450.150, 16
205, 253.950, 458.650, 16
206, 253.950, 467.150, 16
207, 253.950, 475.650, 16
208, 253.950, 484.150, 16
209, 253.950, 492.650, 16
210, 253.950, 501.150, 16
211, 253.950, 509.650, 16
212, 253.950, 518.150, 20
213, 253.950, 526.650, 20
214, 253.950, 535.150, 20
215, 253.950, 543.650, 20
216, 253.950, 552.150, 20
217, 253.950, 560.650, 20
218, 253.950, 569.150, 20
219, 253.950, 577.650, 20
220, 253.950, 586.150, 20
221, 253.950, 594.650, 20
222, 253.950, 603.150, 20
223, 253.950, 611.650, 20
224, 274.820, 348.150, 4
225, 274.820, 356.650, 4
226, 274.820, 365.150, 4
227, 274.820, 373.650, 4
228, 274.820, 382.150, 4
229, 274.820, 390.650, 4
230, 274.820, 399.150, 4
231, 274.820, 407.650, 4
232, 274.820, 416.150, 16
233, 274.820, 424.650, 16
234, 274.820, 433.150, 16
235, 274.820, 441.650, 16
236, 274.820, 450.150, 16
237, 274.820, 458.650, 16
238, 274.820, 467.150, 16
239, 274.820, 475.650, 16
240, 274.820, 484.150, 16
241, 274.820, 492.650, 16
242, 274.820, 501.150, 16
243, 274.820, 509.650, 20
244, 274.820, 518.150, 20
245, 274.820, 526.650, 20
246, 274.820, 535.150, 20
247, 274.820, 543.650, 20
248, 274.820, 552.150, 20
249, 274.820, 560.650, 20
250, 274.820, 569.150, 20
251, 274.820, 577.650, 20
252, 274.820, 586.150, 20
253, 274.820, 594.650, 20
254, 274.820, 603.150, 20
255, 274.820, 611.650, 20
256, 295.690, 348.150, 4
257, 295.690, 356.650, 4
258, 295.690, 365.150, 4
259, 295.690, 373.650, 4
260, 295.690, 382.150, 4
261, 295.690, 390.650, 4
262, 295.690, 399.150, 4
263, 295.690, 407.650, 4
264, 295.690, 416.150, 16
265, 295.690, 424.650, 16
266, 295.690, 433.150, 16
267, 295.690, 441.650, 16
268, 295.690, 450.150, 16
269, 295.690, 458.650, 16
270, 295.690, 467.150, 16
271, 295.690, 475.650, 16
272, 295.690, 484.150, 16
273, 295.690, 492.650, 16
274, 295.690, 501.150, 16
275, 295.690, 509.650, 20
276, 295.690, 518.150, 20
277, 295.690, 526.650, 20
278, 295.690, 535.150, 20
279, 295.690, 543.650, 20
280, 295.690, 552.150, 20
281, 295.690, 560.650, 20
282, 295.690, 569.150, 20
283, 295.690, 577.650, 20
284, 295.690, 586.150, 20
285, 295.690, 594.650, 20
286, 295.690, 603.150, 20
287, 316.560, 339.650, 4
288, 316.560, 348.150, 4
289, 316.560, 356.650, 4
290, 316.560, 365.150, 4
291, 316.560, 373.650, 4
292, 316.560, 382.150, 4
293, 316.560, 390.650, 4
294, 316.560, 399.150, 4
295, 316.560, 407.650, 4
296, 316.560, 416.150, 12
297, 316.560, 424.650, 12
298, 316.560, 433.150, 12
299, 316.560, 441.650, 12
300, 316.560, 450.150, 12
301, 316.560, 458.650, 12
302, 316.560, 467.150, 12
303, 316.560, 475.650, 12
304, 316.560, 484.150, 12
305, 316.560, 492.650, 12
306, 316.560, 501.150, 12
307, 316.560, 509.650, 20
308, 316.560, 518.150, 20
309, 316.560, 526.650, 20
310, 316.560, 535.150, 20
311, 316.560, 543.650, 20
312, 316.560, 552.150, 20
313, 316.560, 560.650, 20
314, 316.560, 569.150, 20
315, 316.560, 577.650, 20
316, 316.560, 586.150, 20
317, 316.560, 594.650, 20
318, 316.560, 603.150, 20
319, 337.430, 331.150, 4
320, 337.430, 339.650, 4
321, 337.430, 348.150, 4
322, 337.430, 356.650, 4
323, 337.430, 365.150, 4
324, 337.430, 373.650, 4
325, 337.430, 382.150, 4
326, 337.430, 390.650, 4
327, 337.430, 399.150, 4
328, 337.430, 407.650, 4
329, 337.430, 416.150, 12
330, 337.430, 424.650, 12
331, 337.430, 433.150, 12
332, 337.430, 441.650, 12
333, 337.430, 450.150, 12
334, 337.430, 458.650, 12
335, 337.430, 467.150, 12
336, 337.430, 475.650, 12
337, 337.430, 484.150, 12
338, 337.430, 492.650, 12
339, 337.430, 501.150, 12
340, 337.430, 509.650, 20
341, 337.430, 518.150, 20
342, 337.430, 526.650, 20
343, 337.430, 535.150, 20
344, 337.430, 543.650, 20
345, 337.430, 552.150, 20
346, 337.430, 560.650, 20
347, 337.430, 569.150, 20
348, 337.430, 577.650, 20
349, 337.430, 586.150, 20
350, 337.430, 594.650, 20
351, 337.430, 603.150, 20
352, 358.300, 322.650, 4
353, 358.300, 331.150, 4
354, 358.300, 339.650, 4
355, 358.300, 348.150, 4
356, 358.300, 356.650, 4
357, 358.300, 365.150, 4
358, 358.300, 373.650, 4
359, 358.300, 382.150, 4
360, 358.300, 390.650, 4
361, 358.300, 399.150, 4
362, 358.300, 407.650, 4
363, 358.300, 416.150, 12
364, 358.300, 424.650, 12
365, 358.300, 433.150, 12
366, 358.300, 441.650, 12
367, 358.300, 450.150, 12
368, 358.300, 458.650, 12
369, 358.300, 467.150, 12
370, 358.300, 475.650, 12
371, 358.300, 484.150, 12
372, 358.300, 492.650, 12
373, 358.300, 501.150, 12
374, 358.300, 509.650, 12
375, 358.300, 518.150, 20
376, 358.300, 526.650, 20
377, 358.300, 535.150, 20
378, 358.300, 543.650, 20
379, 358.300, 552.150, 20
380, 358.300, 560.650, 20
381, 358.300, 569.150, 20
382, 358.300, 577.650, 20
383, 358.300, 586.150, 20
384, 358.300, 594.650, 20
385, 379.170, 314.150, 4
386, 379.170, 322.650, 4
387, 379.170, 331.150, 4
388, 379.170, 339.650, 4
389, 379.170, 348.150, 4
390, 379.170, 356.650, 4
391, 379.170, 365.150, 4
392, 379.170, 373.650, 4
393, 379.170, 382.150, 4
394, 379.170, 390.650, 4
395, 379.170, 399.150, 4
396, 379.170, 407.650, 4
397, 379.170, 416.150, 12
398, 379.170, 424.650, 12
399, 379.170, 433.150, 12
400, 379.170, 441.650, 12
401, 379.170, 450.150, 12
402, 379.170, 458.650, 12
403, 379.170, 467.150, 12
404, 379.170, 475.650, 12
405, 379.170, 484.150, 12
406, 379.170, 492.650, 12
407, 379.170, 501.150, 12
408, 379.170, 509.650, 12
409, 379.170, 518.150, 20
410, 379.170, 526.650, 20
411, 379.170, 535.150, 20
412, 379.170, 543.650, 20
413, 379.170, 552.150, 20
414, 379.170, 560.650, 20
415, 379.170, 569.150, 20
416, 379.170, 577.650, 20
417, 379.170, 586.150, 20
418, 379.170, 594.650, 20
419, 400.040, 305.650, 5
420, 400.040, 314.150, 5
421, 400.040, 322.650, 5
422, 400.040, 331.150, 4
423, 400.040, 339.650, 4
424, 400.040, 348.150, 4
425, 400.040, 356.650, 4
426, 400.040, 365.150, 4
427, 400.040, 373.650, 4
428, 400.040, 382.150, 4
429, 400.040, 390.650, 4
430, 400.040, 399.150, 4
431, 400.040, 407.650, 4
432, 400.040, 416.150, 12
433, 400.040, 424.650, 12
434, 400.040, 433.150, 12
435, 400.040, 441.650, 12
436, 400.040, 450.150, 12
437, 400.040, 458.650, 12
438, 400.040, 467.150, 12
439, 400.040, 475.650, 12
440, 400.040, 484.150, 12
441, 400.040, 492.650, 12
442, 400.040, 501.150, 12
443, 400.040, 509.650, 12
444, 400.040, 518.150, 20
445, 400.040, 526.650, 20
446, 400.040, 535.150, 20
447, 400.040, 543.650, 20
448, 400.040, 552.150, 20
449, 400.040, 560.650, 20
450, 400.040, 569.150, 20
451, 400.040, 577.650, 20
452, 400.040, 586.150, 20
453, 400.040, 594.650, 20
454, 420.910, 297.150, 5
455, 420.910, 305.650, 5
456, 420.910, 314.150, 5
457, 420.910, 322.650, 5
458, 420.910, 331.150, 4
459, 420.910, 339.650, 4
460, 420.910, 348.150, 4
461, 420.910, 356.650, 4
462, 420.910, 365.150, 4
463, 420.910, 373.650, 4
464, 420.910, 382.150, 4
465, 420.910, 390.650, 4
466, 420.910, 399.150, 4
467, 420.910, 407.650, 4
468, 420.910, 416.150, 12
469, 420.910, 424.650, 12
470, 420.910, 433.150, 12
471, 420.910, 441.650, 12
472, 420.910, 450.150, 12
473, 420.910, 458.650, 12
474, 420.910, 467.150, 12
475, 420.910, 475.650, 12
476, 420.910, 484.150, 12
477, 420.910, 492.650, 12
478, 420.910, 501.150, 12
479, 420.910, 509.650, 12
480, 420.910, 518.150, 20
481, 420.910, 526.650, 20
482, 420.910, 535.150, 20
483, 420.910, 543.650, 20
484, 420.910, 552.150, 20
485, 420.910, 560.650, 20
486, 420.910, 569.150, 20
487, 420.910, 577.650, 20
488, 420.910, 586.150, 20
489, 441.780, 288.650, 5
490, 441.780, 297.150, 5
491, 441.780, 305.650, 5
492, 441.780, 314.150, 5
493, 441.780, 322.650, 5
494, 441.780, 331.150, 4
495, 441.780, 339.650, 4
496, 441.780, 348.150, 4
497, 441.780, 356.650, 4
498, 441.780, 365.150, 4
499, 441.780, 373.650, 4
500, 441.780, 382.150, 4
501, 441.780, 390.650, 4
502, 441.780, 399.150, 4
503, 441.780, 407.650, 4
504, 441.780, 416.150, 12
505, 441.780, 424.650, 12
506, 441.780, 433.150, 12
507, 441.780, 441.650, 12
508, 441.780, 450.150, 12
509, 441.780, 458.650, 12
510, 441.780, 467.150, 12
511, 441.780, 475.650, 12
512, 441.780, 484.150, 12
513, 441.780, 492.650, 12
514, 441.780, 501.150, 12
515, 441.780, 509.650, 12
516, 441.780, 518.150, 20
517, 441.780, 526.650, 20
518, 441.780, 535.150, 20
519, 441.780, 543.650, 20
520, 441.780, 552.150, 20
521, 441.780, 560.650, 20
522, 441.780, 569.150, 20
523, 441.780, 577.650, 20
524, 441.780, 586.150, 20
525, 462.650, 280.150, 5
526, 462.650, 288.650, 5
527, 462.650, 297.150, 5
528, 462.650, 305.650, 5
529, 462.650, 314.150, 5
530, 462.650, 322.650, 5
531, 462.650, 331.150, 4
532, 462.650, 339.650, 4
533, 462.650, 348.150, 4
534, 462.650, 356.650, 4
535, 462.650, 365.150, 4
536, 462.650, 373.650, 4
537, 462.650, 382.150, 8
538, 462.650, 390.650, 8
539, 462.650, 399.150, 8
540, 462.650, 407.650, 8
541, 462.650, 416.150, 12
542, 462.650, 424.650, 12
543, 462.650, 433.150, 12
544, 462.650, 441.650, 12
545, 462.650, 450.150, 12
546, 462.650, 458.650, 12
547, 462.650, 467.150, 12
548, 462.650, 475.650, 12
549, 462.650, 484.150, 12
550, 462.650, 492.650, 13
551, 462.650, 501.150, 13
552, 462.650, 509.650, 13
553, 462.650, 518.150, 13
554, 462.650, 526.650, 13
555, 462.650, 535.150, 13
556, 462.650, 543.650, 13
557, 462.650, 552.150, 13
558, 462.650, 560.650, 13
559, 462.650, 569.150, 13
560, 462.650, 577.650, 13
561, 462.650, 586.150, 13
562, 483.520, 271.650, 5
563, 483.520, 280.150, 5
564, 483.520, 288.650, 5
565, 483.520, 297.150, 5
566, 483.520, 305.650, 5
567, 483.520, 314.150, 5
568, 483.520, 322.650, 5
569, 483.520, 331.150, 5
570, 483.520, 339.650, 8
571, 483.520, 348.150, 8
572, 483.520, 356.650, 8
573, 483.520, 365.150, 8
574, 483.520, 373.650, 8
575, 483.520, 382.150, 8
576, 483.520, 390.650, 8
577, 483.520, 399.150, 8
578, 483.520, 407.650, 8
579, 483.520, 416.150, 12
580, 483.520, 424.650, 12
581, 483.520, 433.150, 12
582, 483.520, 441.650, 12
583, 483.520, 450.150, 12
584, 483.520, 458.650, 12
585, 483.520, 467.150, 12
586, 483.520, 475.650, 12
587, 483.520, 484.150, 12
588, 483.520, 492.650, 13
589, 483.520, 501.150, 13
590, 483.520, 509.650, 13
591, 483.520, 518.150, 13
592, 483.520, 526.650, 13
593, 483.520, 535.150, 13
594, 483.520, 543.650, 13
595, 483.520, 552.150, 13
596, 483.520, 560.650, 13
597, 483.520, 569.150, 13
598, 483.520, 577.650, 13
599, 483.520, 586.150, 13
600, 504.390, 263.150, 5
601, 504.390, 271.650, 5
602, 504.390, 280.150, 5
603, 504.390, 288.650, 5
604, 504.390, 297.150, 5
605, 504.390, 305.650, 5
606, 504.390, 314.150, 5
607, 504.390, 322.650, 5
608, 504.390, 331.150, 5
609, 504.390, 339.650, 8
610, 504.390, 348.150, 8
611, 504.390, 356.650, 8
612, 504.390, 365.150, 8
613, 504.390, 373.650, 8
614, 504.390, 382.150, 8
615, 504.390, 390.650, 8
616, 504.390, 399.150, 8
617, 504.390, 407.650, 8
618, 504.390, 416.150, 12
619, 504.390, 424.650, 12
620, 504.390, 433.150, 12
621, 504.390, 441.650, 12
622, 504.390, 450.150, 12
623, 504.390, 458.650, 12
624, 504.390, 467.150, 12
625, 504.390, 475.650, 12
626, 504.390, 484.150, 12
627, 504.390, 492.650, 13
628, 504.390, 501.150, 13
629, 504.390, 509.650, 13
630, 504.390, 518.150, 13
631, 504.390, 526.650, 13
632, 504.390, 535.150, 13
633, 504.390, 543.650, 13
634, 504.390, 552.150, 13
635, 504.390, 560.650, 13
636, 504.390, 569.150, 13
637, 504.390, 577.650, 13
638, 525.260, 263.150, 5
639, 525.260, 271.650, 5
640, 525.260, 280.150, 5
641, 525.260, 288.650, 5
642, 525.260, 297.150, 5
643, 525.260, 305.650, 5
644, 525.260, 314.150, 5
645, 525.260, 322.650, 5
646, 525.260, 331.150, 5
647, 525.260, 339.650, 8
648, 525.260, 348.150, 8
649, 525.260, 356.650, 8
650, 525.260, 365.150, 8
651, 525.260, 373.650, 8
652, 525.260, 382.150, 8
653, 525.260, 390.650, 8
654, 525.260, 399.150, 8
655, 525.260, 407.650, 8
656, 525.260, 416.150, 10
657, 525.260, 424.650, 10
658, 525.260, 433.150, 10
659, 525.260, 441.650, 10
660, 525.260, 450.150, 10
661, 525.260, 458.650, 10
662, 525.260, 467.150, 10
663, 525.260, 475.650, 10
664, 525.260, 484.150, 10
665, 525.260, 492.650, 13
666, 525.260, 501.150, 13
667, 525.260, 509.650, 13
668, 525.260, 518.150, 13
669, 525.260, 526.650, 13
670, 525.260, 535.150, 13
671, 525.260, 543.650, 13
672, 525.260, 552.150, 13
673, 525.260, 560.650, 13
674, 525.260, 569.150, 13
675, 525.260, 577.650, 13
676, 546.130, 254.650, 5
677, 546.130, 263.150, 5
678, 546.130, 271.650, 5
679, 546.130, 280.150, 5
680, 546.130, 288.650, 5
681, 546.130, 297.150, 5
682, 546.130, 305.650, 5
683, 546.130, 314.150, 5
684, 546.130, 322.650, 5
685, 546.130, 331.150, 5
686, 546.130, 339.650, 8
687, 546.130, 348.150, 8
688, 546.130, 356.650, 8
689, 546.130, 365.150, 8
690, 546.130, 373.650, 8
691, 546.130, 382.150, 8
692, 546.130, 390.650, 8
693, 546.130, 399.150, 8
694, 546.130, 407.650, 8
695, 546.130, 416.150, 10
696, 546.130, 424.650, 10
697, 546.130, 433.150, 10
698, 546.130, 441.650, 10
699, 546.130, 450.150, 10
700, 546.130, 458.650, 10
701, 546.130, 467.150, 10
702, 546.130, 475.650, 10
703, 546.130, 484.150, 10
704, 546.130, 492.650, 13
705, 546.130, 501.150, 13
706, 546.130, 509.650, 13
707, 546.130, 518.150, 13
708, 546.130, 526.650, 13
709, 546.130, 535.150, 13
710, 546.130, 543.650, 13
711, 546.130, 552.150, 13
712, 546.130, 560.650, 13
713, 546.130, 569.150, 13
714, 546.130, 577.650, 13
715, 567.000, 246.150, 5
716, 567.000, 254.650, 5
717, 567.000, 263.150, 5
718, 567.000, 271.650, 5
719, 567.000, 280.150, 5
720, 567.000, 288.650, 5
721, 567.000, 297.150, 5
722, 567.000, 305.650, 5
723, 567.000, 314.150, 5
724, 567.000, 322.650, 5
725, 567.000, 331.150, 5
726, 567.000, 339.650, 8
727, 567.000, 348.150, 8
728, 567.000, 356.650, 8
729, 567.000, 365.150, 8
730, 567.000, 373.650, 8
731, 567.000, 382.150, 8
732, 567.000, 390.650, 8
733, 567.000, 399.150, 8
734, 567.000, 407.650, 8
735, 567.000, 416.150, 10
736, 567.000, 424.650, 10
737, 567.000, 433.150, 10
738, 567.000, 441.650, 10
739, 567.000, 450.150, 10
740, 567.000, 458.650, 10
741, 567.000, 467.150, 10
742, 567.000, 475.650, 10
743, 567.000, 484.150, 10
744, 567.000, 492.650, 10
745, 567.000, 501.150, 13
746, 567.000, 509.650, 13
747, 567.000, 518.150, 13
748, 567.000, 526.650, 13
749, 567.000, 535.150, 13
750, 567.000, 543.650, 13
751, 567.000, 552.150, 13
752, 567.000, 560.650, 13
753, 567.000, 569.150, 13
754, 587.870, 246.150, 5
755, 587.870, 254.650, 5
756, 587.870, 263.150, 5
757, 587.870, 271.650, 5
758, 587.870, 280.150, 5
759, 587.870, 288.650, 5
760, 587.870, 297.150, 5
761, 587.870, 305.650, 5
762, 587.870, 314.150, 5
763, 587.870, 322.650, 5
764, 587.870, 331.150, 5
765, 587.870, 339.650, 8
766, 587.870, 348.150, 8
767, 587.870, 356.650, 8
768, 587.870, 365.150, 8
769, 587.870, 373.650, 8
770, 587.870, 382.150, 8
771, 587.870, 390.650, 8
772, 587.870, 399.150, 8
773, 587.870, 407.650, 8
774, 587.870, 416.150, 10
775, 587.870, 424.650, 10
776, 587.870, 433.150, 10
777, 587.870, 441.650, 10
778, 587.870, 450.150, 10
779, 587.870, 458.650, 10
780, 587.870, 467.150, 10
781, 587.870, 475.650, 10
782, 587.870, 484.150, 10
783, 587.870, 492.650, 10
784, 587.870, 501.150, 13
785, 587.870, 509.650, 13
786, 587.870, 518.150, 13
787, 587.870, 526.650, 13
788, 587.870, 535.150, 13
789, 587.870, 543.650, 13
790, 587.870, 552.150, 13
791, 587.870, 560.650, 13
792, 587.870, 569.150, 13
793, 608.740, 237.650, 5
794, 608.740, 246.150, 5
795, 608.740, 254.650, 5
796, 608.740, 263.150, 5
797, 608.740, 271.650, 5
798, 608.740, 280.150, 5
799, 608.740, 288.650, 5
800, 608.740, 297.150, 5
801, 608.740, 305.650, 5
802, 608.740, 314.150, 5
803, 608.740, 322.650, 5
804, 608.740, 331.150, 5
805, 608.740, 339.650, 8
806, 608.740, 348.150, 8
807, 608.740, 356.650, 8
808, 608.740, 365.150, 8
809, 608.740, 373.650, 8
810, 608.740, 382.150, 8
811, 608.740, 390.650, 8
812, 608.740, 399.150, 8
813, 608.740, 407.650, 8
814, 608.740, 416.150, 10
815, 608.740, 424.650, 10
816, 608.740, 433.150, 10
817, 608.740, 441.650, 10
818, 608.740, 450.150, 10
819, 608.740, 458.650, 10
820, 608.740, 467.150, 10
821, 608.740, 475.650, 10
822, 608.740, 484.150, 10
823, 608.740, 492.650, 10
824, 608.740, 501.150, 13
825, 608.740, 509.650, 13
826, 608.740, 518.150, 13
827, 608.740, 526.650, 13
828, 608.740, 535.150, 13
829, 608.740, 543.650, 13
830, 608.740, 552.150, 13
831, 608.740, 560.650, 13
832, 608.740, 569.150, 13
833, 629.610, 229.150, 22
834, 629.610, 237.650, 5
835, 629.610, 246.150, 5
836, 629.610, 254.650, 5
837, 629.610, 263.150, 5
838, 629.610, 271.650, 5
839, 629.610, 280.150, 5
840, 629.610, 288.650, 5
841, 629.610, 297.150, 5
842, 629.610, 305.650, 5
843, 629.610, 314.150, 5
844, 629.610, 322.650, 5
845, 629.610, 331.150, 5
846, 629.610, 339.650, 8
847, 629.610, 348.150, 8
848, 629.610, 356.650, 8
849, 629.610, 365.150, 8
850, 629.610, 373.650, 8
851, 629.610, 382.150, 8
852, 629.610, 390.650, 8
853, 629.610, 399.150, 8
854, 629.610, 407.650, 8
855, 629.610, 416.150, 10
856, 629.610, 424.650, 10
857, 629.610, 433.150, 10
858, 629.610, 441.650, 10
859, 629.610, 450.150, 10
860, 629.610, 458.650, 10
861, 629.610, 467.150, 10
862, 629.610, 475.650, 10
863, 629.610, 484.150, 10
864, 629.610, 492.650, 10
865, 629.610, 501.150, 13
866, 629.610, 509.650, 13
867, 629.610, 518.150, 13
868, 629.610, 526.650, 13
869, 629.610, 535.150, 13
870, 629.610, 543.650, 13
871, 629.610, 552.150, 13
872, 629.610, 560.650, 13
873, 629.610, 569.150, 13
874, 650.480, 229.150, 22
875, 650.480, 237.650, 22
876, 650.480, 246.150, 22
877, 650.480, 254.650, 22
878, 650.480, 263.150, 5
879, 650.480, 271.650, 5
880, 650.480, 280.150, 5
881, 650.480, 288.650, 5
882, 650.480, 297.150, 5
883, 650.480, 305.650, 5
884, 650.480, 314.150, 5
885, 650.480, 322.650, 5
886, 650.480, 331.150, 5
887, 650.480, 339.650, 8
888, 650.480, 348.150, 8
889, 650.480, 356.650, 8
890, 650.480, 365.150, 8
891, 650.480, 373.650, 8
892, 650.480, 382.150, 8
893, 650.480, 390.650, 8
894, 650.480, 399.150, 8
895, 650.480, 407.650, 8
896, 650.480, 416.150, 10
897, 650.480, 424.650, 10
898, 650.480, 433.150, 10
899, 650.480, 441.650, 10
900, 650.480, 450.150, 10
901, 650.480, 458.650, 10
902, 650.480, 467.150, 10
903, 650.480, 475.650, 10
904, 650.480, 484.150, 10
905, 650.480, 492.650, 10
906, 650.480, 501.150, 13
907, 650.480, 509.650, 13
908, 650.480, 518.150, 13
909, 650.480, 526.650, 13
910, 650.480, 535.150, 13
911, 650.480, 543.650, 13
912, 650.480, 552.150, 13
913, 650.480, 560.650, 13
914, 671.350, 220.650, 22
915, 671.350, 229.150, 22
916, 671.350, 237.650, 22
917, 671.350, 246.150, 22
918, 671.350, 254.650, 22
919, 671.350, 263.150, 21
920, 671.350, 271.650, 21
921, 671.350, 280.150, 21
922, 671.350, 288.650, 21
923, 671.350, 297.150, 21
924, 671.350, 305.650, 21
925, 671.350, 314.150, 21
926, 671.350, 322.650, 21
927, 671.350, 331.150, 21
928, 671.350, 339.650, 8
929, 671.350, 348.150, 8
930, 671.350, 356.650, 8
931, 671.350, 365.150, 8
932, 671.350, 373.650, 8
933, 671.350, 382.150, 8
934, 671.350, 390.650, 8
935, 671.350, 399.150, 8
936, 671.350, 407.650, 8
937, 671.350, 416.150, 10
938, 671.350, 424.650, 10
939, 671.350, 433.150, 10
940, 671.350, 441.650, 10
941, 671.350, 450.150, 10
942, 671.350, 458.650, 10
943, 671.350, 467.150, 10
944, 671.350, 475.650, 10
945, 671.350, 484.150, 10
946, 671.350, 492.650, 10
947, 671.350, 501.150, 13
948, 671.350, 509.650, 13
949, 671.350, 518.150, 13
950, 671.350, 526.650, 13
951, 671.350, 535.150, 13
952, 671.350, 543.650, 13
953, 671.350, 552.150, 13
954, 671.350, 560.650, 13
955, 692.220, 212.150, 22
956, 692.220, 220.650, 22
957, 692.220, 229.150, 22
958, 692.220, 237.650, 22
959, 692.220, 246.150, 22
960, 692.220, 254.650, 22
961, 692.220, 263.150, 21
962, 692.220, 271.650, 21
963, 692.220, 280.150, 21
964, 692.220, 288.650, 21
965, 692.220, 297.150, 21
966, 692.220, 305.650, 21
967, 692.220, 314.150, 21
968, 692.220, 322.650, 21
969, 692.220, 331.150, 21
970, 692.220, 339.650, 8
971, 692.220, 348.150, 8
972, 692.220, 356.650, 8
973, 692.220, 365.150, 8
974, 692.220, 373.650, 8
975, 692.220, 382.150, 8
976, 692.220, 390.650, 8
977, 692.220, 399.150, 8
978, 692.220, 407.650, 8
979, 692.220, 416.150, 10
980, 692.220, 424.650, 10
981, 692.220, 433.150, 10
982, 692.220, 441.650, 10
983, 692.220, 450.150, 10
984, 692.220, 458.650, 10
985, 692.220, 467.150, 10
986, 692.220, 475.650, 10
987, 692.220, 484.150, 10
988, 692.220, 492.650, 10
989, 692.220, 501.150, 2
990, 692.220, 509.650, 2
991, 692.220, 518.150, 2
992, 692.220, 526.650, 2
993, 692.220, 535.150, 2
994, 692.220, 543.650, 2
995, 692.220, 552.150, 2
996, 692.220, 560.650, 2
997, 713.090, 212.150, 22
998, 713.090, 220.650, 22
999, 713.090, 229.150, 22
1000, 713.090, 237.650, 22
1001, 713.090, 246.150, 22
1002, 713.090, 254.650, 22
1003, 713.090, 263.150, 21
1004, 713.090, 271.650, 21
1005, 713.090, 280.150, 21
1006, 713.090, 288.650, 21
1007, 713.090, 297.150, 21
1008, 713.090, 305.650, 21
1009, 713.090, 314.150, 21
1010, 713.090, 322.650, 21
1011, 713.090, 331.150, 21
1012, 713.090, 339.650, 9
1013, 713.090, 348.150, 9
1014, 713.090, 356.650, 9
1015, 713.090, 365.150, 8
1016, 713.090, 373.650, 8
1017, 713.090, 382.150, 8
1018, 713.090, 390.650, 8
1019, 713.090, 399.150, 8
1020, 713.090, 407.650, 8
1021, 713.090, 416.150, 10
1022, 713.090, 424.650, 10
1023, 713.090, 433.150, 10
1024, 713.090, 441.650, 10
1025, 713.090, 450.150, 10
1026, 713.090, 458.650, 10
1027, 713.090, 467.150, 10
1028, 713.090, 475.650, 10
1029, 713.090, 484.150, 10
1030, 713.090, 492.650, 10
1031, 713.090, 501.150, 2
1032, 713.090, 509.650, 2
1033, 713.090, 518.150, 2
1034, 713.090, 526.650, 2
1035, 713.090, 535.150, 2
1036, 713.090, 543.650, 2
1037, 713.090, 552.150, 2
1038, 713.090, 560.650, 2
1039, 733.960, 203.650, 22
1040, 733.960, 212.150, 22
1041, 733.960, 220.650, 22
1042, 733.960, 229.150, 22
1043, 733.960, 237.650, 22
1044, 733.960, 246.150, 22
1045, 733.960, 254.650, 22
1046, 733.960, 263.150, 21
1047, 733.960, 271.650, 21
1048, 733.960, 280.150, 21
1049, 733.960, 288.650, 21
1050, 733.960, 297.150, 21
1051, 733.960, 305.650, 21
1052, 733.960, 314.150, 21
1053, 733.960, 322.650, 21
1054, 733.960, 331.150, 21
1055, 733.960, 339.650, 9
1056, 733.960, 348.150, 9
1057, 733.960, 356.650, 9
1058, 733.960, 365.150, 9
1059, 733.960, 373.650, 9
1060, 733.960, 382.150, 9
1061, 733.960, 390.650, 9
1062, 733.960, 399.150, 9
1063, 733.960, 407.650, 9
1064, 733.960, 416.150, 10
1065, 733.960, 424.650, 10
1066, 733.960, 433.150, 10
1067, 733.960, 441.650, 10
1068, 733.960, 450.150, 10
1069, 733.960, 458.650, 10
1070, 733.960, 467.150, 10
1071, 733.960, 475.650, 10
1072, 733.960, 484.150, 10
1073, 733.960, 492.650, 2
1074, 733.960, 501.150, 2
1075, 733.960, 509.650, 2
1076, 733.960, 518.150, 2
1077, 733.960, 526.650, 2
1078, 733.960, 535.150, 2
1079, 733.960, 543.650, 2
1080, 733.960, 552.150, 2
1081, 754.830, 195.150, 22
1082, 754.830, 203.650, 22
1083, 754.830, 212.150, 22
1084, 754.830, 220.650, 22
1085, 754.830, 229.150, 22
1086, 754.830, 237.650, 22
1087, 754.830, 246.150, 22
1088, 754.830, 254.650, 22
1089, 754.830, 263.150, 21
1090, 754.830, 271.650, 21
1091, 754.830, 280.150, 21
1092, 754.830, 288.650, 21
1093, 754.830, 297.150, 21
1094, 754.830, 305.650, 21
1095, 754.830, 314.150, 21
1096, 754.830, 322.650, 21
1097, 754.830, 331.150, 21
1098, 754.830, 339.650, 9
1099, 754.830, 348.150, 9
1100, 754.830, 356.650, 9
1101, 754.830, 365.150, 9
1102, 754.830, 373.650, 9
1103, 754.830, 382.150, 9
1104, 754.830, 390.650, 9
1105, 754.830, 399.150, 9
1106, 754.830, 407.650, 9
1107, 754.830, 416.150, 10
1108, 754.830, 424.650, 10
1109, 754.830, 433.150, 7
1110, 754.830, 441.650, 7
1111, 754.830, 450.150, 7
1112, 754.830, 458.650, 7
1113, 754.830, 467.150, 7
1114, 754.830, 475.650, 7
1115, 754.830, 484.150, 7
1116, 754.830, 492.650, 2
1117, 754.830, 501.150, 2
1118, 754.830, 509.650, 2
1119, 754.830, 518.150, 2
1120, 754.830, 526.650, 2
1121, 754.830, 535.150, 2
1122, 754.830, 543.650, 2
1123, 754.830, 552.150, 2
1124, 775.700, 195.150, 22
1125, 775.700, 203.650, 22
1126, 775.700, 212.150, 22
1127, 775.700, 220.650, 22
1128, 775.700, 229.150, 22
1129, 775.700, 237.650, 22
1130, 775.700, 246.150, 22
1131, 775.700, 254.650, 22
1132, 775.700, 263.150, 21
1133, 775.700, 271.650, 21
1134, 775.700, 280.150, 21
1135, 775.700, 288.650, 21
1136, 775.700, 297.150, 21
1137, 775.700, 305.650, 21
1138, 775.700, 314.150, 21
1139, 775.700, 322.650, 21
1140, 775.700, 331.150, 21
1141, 775.700, 339.650, 9
1142, 775.700, 348.150, 9
1143, 775.700, 356.650, 9
1144, 775.700, 365.150, 9
1145, 775.700, 373.650, 9
1146, 775.700, 382.150, 9
1147, 775.700, 390.650, 9
1148, 775.700, 399.150, 9
1149, 775.700, 407.650, 9
1150, 775.700, 416.150, 7
1151, 775.700, 424.650, 7
1152, 775.700, 433.150, 7
1153, 775.700, 441.650, 7
1154, 775.700, 450.150, 7
1155, 775.700, 458.650, 7
1156, 775.700, 467.150, 7
1157, 775.700, 475.650, 7
1158, 775.700, 484.150, 7
1159, 775.700, 492.650, 2
1160, 775.700, 501.150, 2
1161, 775.700, 509.650, 2
1162, 775.700, 518.150, 2
1163, 775.700, 526.650, 2
1164, 775.700, 535.150, 2
1165, 775.700, 543.650, 2
1166, 775.700, 552.150, 2
1167, 796.570, 186.650, 22
1168, 796.570, 195.150, 22
1169, 796.570, 203.650, 22
1170, 796.570, 212.150, 22
1171, 796.570, 220.650, 22
1172, 796.570, 229.150, 22
1173, 796.570, 237.650, 22
1174, 796.570, 246.150, 22
1175, 796.570, 254.650, 22
1176, 796.570, 263.150, 21
1177, 796.570, 271.650, 21
1178, 796.570, 280.150, 21
1179, 796.570, 288.650, 21
1180, 796.570, 297.150, 21
1181, 796.570, 305.650, 21
1182, 796.570, 314.150, 21
1183, 796.570, 322.650, 21
1184, 796.570, 331.150, 9
1185, 796.570, 339.650, 9
1186, 796.570, 348.150, 9
1187, 796.570, 356.650, 9
1188, 796.570, 365.150, 9
1189, 796.570, 373.650, 9
1190, 796.570, 382.150, 9
1191, 796.570, 390.650, 9
1192, 796.570, 399.150, 9
1193, 796.570, 407.650, 9
1194, 796.570, 416.150, 7
1195, 796.570, 424.650, 7
1196, 796.570, 433.150, 7
1197, 796.570, 441.650, 7
1198, 796.570, 450.150, 7
1199, 796.570, 458.650, 7
1200, 796.570, 467.150, 7
1201, 796.570, 475.650, 7
1202, 796.570, 484.150, 7
1203, 796.570, 492.650, 2
1204, 796.570, 501.150, 2
1205, 796.570, 509.650, 2
1206, 796.570, 518.150, 2
1207, 796.570, 526.650, 2
1208, 796.570, 535.150, 2
1209, 796.570, 543.650, 2
1210, 796.570, 552.150, 2
1211, 817.440, 178.150, 22
1212, 817.440, 186.650, 22
1213, 817.440, 195.150, 22
1214, 817.440, 203.650, 22
1215, 817.440, 212.150, 22
1216, 817.440, 220.650, 22
1217, 817.440, 229.150, 22
1218, 817.440, 237.650, 22
1219, 817.440, 246.150, 22
1220, 817.440, 254.650, 22
1221, 817.440, 263.150, 21
1222, 817.440, 271.650, 21
1223, 817.440, 280.150, 21
1224, 817.440, 288.650, 21
1225, 817.440, 297.150, 21
1226, 817.440, 305.650, 21
1227, 817.440, 314.150, 21
1228, 817.440, 322.650, 21
1229, 817.440, 331.150, 9
1230, 817.440, 339.650, 9
1231, 817.440, 348.150, 9
1232, 817.440, 356.650, 9
1233, 817.440, 365.150, 9
1234, 817.440, 373.650, 9
1235, 817.440, 382.150, 9
1236, 817.440, 390.650, 9
1237, 817.440, 399.150, 9
1238, 817.440, 407.650, 9
1239, 817.440, 416.150, 7
1240, 817.440, 424.650, 7
1241, 817.440, 433.150, 7
1242, 817.440, 441.650, 7
1243, 817.440, 450.150, 7
1244, 817.440, 458.650, 7
1245, 817.440, 467.150, 7
1246, 817.440, 475.650, 7
1247, 817.440, 484.150, 7
1248, 817.440, 492.650, 2
1249, 817.440, 501.150, 2
1250, 817.440, 509.650, 2
1251, 817.440, 518.150, 2
1252, 817.440, 526.650, 2
1253, 817.440, 535.150, 2
1254, 817.440, 543.650, 2
1255, 838.310, 178.150, 22
1256, 838.310, 186.650, 22
1257, 838.310, 195.150, 22
1258, 838.310, 203.650, 22
1259, 838.310, 212.150, 22
1260, 838.310, 220.650, 22
1261, 838.310, 229.150, 22
1262, 838.310, 237.650, 22
1263, 838.310, 246.150, 22
1264, 838.310, 254.650, 22
1265, 838.310, 263.150, 21
1266, 838.310, 271.650, 21
1267, 838.310, 280.150, 21
1268, 838.310, 288.650, 21
1269, 838.310, 297.150, 21
1270, 838.310, 305.650, 21
1271, 838.310, 314.150, 21
1272, 838.310, 322.650, 21
1273, 838.310, 331.150, 9
1274, 838.310, 339.650, 9
1275, 838.310, 348.150, 9
1276, 838.310, 356.650, 9
1277, 838.310, 365.150, 9
1278, 838.310, 373.650, 9
1279, 838.310, 382.150, 9
1280, 838.310, 390.650, 9
1281, 838.310, 399.150, 9
1282, 838.310, 407.650, 9
1283, 838.310, 416.150, 7
1284, 838.310, 424.650, 7
1285, 838.310, 433.150, 7
1286, 838.310, 441.650, 7
1287, 838.310, 450.150, 7
1288, 838.310, 458.650, 7
1289, 838.310, 467.150, 7
1290, 838.310, 475.650, 7
1291, 838.310, 484.150, 7
1292, 838.310, 492.650, 2
1293, 838.310, 501.150, 2
1294, 838.310, 509.650, 2
1295, 838.310, 518.150, 2
1296, 838.310, 526.650, 2
1297, 838.310, 535.150, 2
1298, 838.310, 543.650, 2
1299, 859.180, 169.650, 22
1300, 859.180, 178.150, 22
1301, 859.180, 186.650, 22
1302, 859.180, 195.150, 22
1303, 859.180, 203.650, 22
1304, 859.180, 212.150, 22
1305, 859.180, 220.650, 22
1306, 859.180, 229.150, 22
1307, 859.180, 237.650, 22
1308, 859.180, 246.150, 22
1309, 859.180, 254.650, 22
1310, 859.180, 263.150, 21
1311, 859.180, 271.650, 21
1312, 859.180, 280.150, 21
1313, 859.180, 288.650, 21
1314, 859.180, 297.150, 21
1315, 859.180, 305.650, 21
1316, 859.180, 314.150, 21
1317, 859.180, 322.650, 21
1318, 859.180, 331.150, 9
1319, 859.180, 339.650, 9
1320, 859.180, 348.150, 9
1321, 859.180, 356.650, 9
1322, 859.180, 365.150, 9
1323, 859.180, 373.650, 9
1324, 859.180, 382.150, 9
1325, 859.180, 390.650, 9
1326, 859.180, 399.150, 9
1327, 859.180, 407.650, 9
1328, 859.180, 416.150, 7
1329, 859.180, 424.650, 7
1330, 859.180, 433.150, 7
1331, 859.180, 441.650, 7
1332, 859.180, 450.150, 7
1333, 859.180, 458.650, 7
1334, 859.180, 467.150, 7
1335, 859.180, 475.650, 7
1336, 859.180, 484.150, 7
1337, 859.180, 492.650, 2
1338, 859.180, 501.150, 2
1339, 859.180, 509.650, 2
1340, 859.180, 518.150, 2
1341, 859.180, 526.650, 2
1342, 859.180, 535.150, 2
1343, 859.180, 543.650, 2
1344, 880.050, 161.150, 22
1345, 880.050, 169.650, 22
1346, 880.050, 178.150, 22
1347, 880.050, 186.650, 22
1348, 880.050, 195.150, 22
1349, 880.050, 203.650, 22
1350, 880.050, 212.150, 22
1351, 880.050, 220.650, 22
1352, 880.050, 229.150, 22
1353, 880.050, 237.650, 22
1354, 880.050, 246.150, 22
1355, 880.050, 254.650, 22
1356, 880.050, 263.150, 21
1357, 880.050, 271.650, 21
1358, 880.050, 280.150, 21
1359, 880.050, 288.650, 21
1360, 880.050, 297.150, 21
1361, 880.050, 305.650, 21
1362, 880.050, 314.150, 21
1363, 880.050, 322.650, 21
1364, 880.050, 331.150, 9
1365, 880.050, 339.650, 9
1366, 880.050, 348.150, 9
1367, 880.050, 356.650, 9
1368, 880.050, 365.150, 9
1369, 880.050, 373.650, 9
1370, 880.050, 382.150, 9
1371, 880.050, 390.650, 9
1372, 880.050, 399.150, 9
1373, 880.050, 407.650, 9
1374, 880.050, 416.150, 7
1375, 880.050, 424.650, 7
1376, 880.050, 433.150, 7
1377, 880.050, 441.650, 7
1378, 880.050, 450.150, 7
1379, 880.050, 458.650, 7
1380, 880.050, 467.150, 7
1381, 880.050, 475.650, 7
1382, 880.050, 484.150, 7
1383, 880.050, 492.650, 2
1384, 880.050, 501.150, 2
1385, 880.050, 509.650, 2
1386, 880.050, 518.150, 2
1387, 880.050, 526.650, 2
1388, 880.050, 535.150, 2
1389, 900.920, 161.150, 22
1390, 900.920, 169.650, 22
1391, 900.920, 178.150, 22
1392, 900.920, 186.650, 22
1393, 900.920, 195.150, 22
1394, 900.920, 203.650, 22
1395, 900.920, 212.150, 22
1396, 900.920, 220.650, 22
1397, 900.920, 229.150, 22
1398, 900.920, 237.650, 22
1399, 900.920, 246.150, 22
1400, 900.920, 254.650, 22
1401, 900.920, 263.150, 21
1402, 900.920, 271.650, 21
1403, 900.920, 280.150, 21
1404, 900.920, 288.650, 21
1405, 900.920, 297.150, 21
1406, 900.920, 305.650, 21
1407, 900.920, 314.150, 21
1408, 900.920, 322.650, 21
1409, 900.920, 331.150, 9
1410, 900.920, 339.650, 9
1411, 900.920, 348.150, 9
1412, 900.920, 356.650, 9
1413, 900.920, 365.150, 9
1414, 900.920, 373.650, 9
1415, 900.920, 382.150, 9
1416, 900.920, 390.650, 9
1417, 900.920, 399.150, 9
1418, 900.920, 407.650, 9
1419, 900.920, 416.150, 7
1420, 900.920, 424.650, 7
1421, 900.920, 433.150, 7
1422, 900.920, 441.650, 7
1423, 900.920, 450.150, 7
1424, 900.920, 458.650, 7
1425, 900.920, 467.150, 7
1426, 900.920, 475.650, 7
1427, 900.920, 484.150, 7
1428, 900.920, 492.650, 2
1429, 900.920, 501.150, 2
1430, 900.920, 509.650, 2
1431, 900.920, 518.150, 2
1432, 900.920, 526.650, 2
1433, 900.920, 535.150, 2
1434, 921.790, 152.650, 3
1435, 921.790, 161.150, 3
1436, 921.790, 169.650, 3
1437, 921.790, 178.150, 3
1438, 921.790, 186.650, 3
1439, 921.790, 195.150, 3
1440, 921.790, 203.650, 6
1441, 921.790, 212.150, 6
1442, 921.790, 220.650, 6
1443, 921.790, 229.150, 6
1444, 921.790, 237.650, 6
1445, 921.790, 246.150, 6
1446, 921.790, 254.650, 6
1447, 921.790, 263.150, 6
1448, 921.790, 271.650, 21
1449, 921.790, 280.150, 21
1450, 921.790, 288.650, 21
1451, 921.790, 297.150, 21
1452, 921.790, 305.650, 21
1453, 921.790, 314.150, 21
1454, 921.790, 322.650, 21
1455, 921.790, 331.150, 9
1456, 921.790, 339.650, 9
1457, 921.790, 348.150, 9
1458, 921.790, 356.650, 9
1459, 921.790, 365.150, 9
1460, 921.790, 373.650, 9
1461, 921.790, 382.150, 9
1462, 921.790, 390.650, 9
1463, 921.790, 399.150, 9
1464, 921.790, 407.650, 9
1465, 921.790, 416.150, 7
1466, 921.790, 424.650, 7
1467, 921.790, 433.150, 7
1468, 921.790, 441.650, 7
1469, 921.790, 450.150, 7
1470, 921.790, 458.650, 7
1471, 921.790, 467.150, 7
1472, 921.790, 475.650, 7
1473, 921.790, 484.150, 7
1474, 921.790, 492.650, 2
1475, 921.790, 501.150, 2
1476, 921.790, 509.650, 2
1477, 921.790, 518.150, 2
1478, 921.790, 526.650, 2
1479, 921.790, 535.150, 2
1480, 942.660, 144.150, 3
1481, 942.660, 152.650, 3
1482, 942.660, 161.150, 3
1483, 942.660, 169.650, 3
1484, 942.660, 178.150, 3
1485, 942.660, 186.650, 3
1486, 942.660, 195.150, 3
1487, 942.660, 203.650, 6
1488, 942.660, 212.150, 6
1489, 942.660, 220.650, 6
1490, 942.660, 229.150, 6
1491, 942.660, 237.650, 6
1492, 942.660, 246.150, 6
1493, 942.660, 254.650, 6
1494, 942.660, 263.150, 6
1495, 942.660, 271.650, 6
1496, 942.660, 280.150, 23
1497, 942.660, 288.650, 23
1498, 942.660, 297.150, 23
1499, 942.660, 305.650, 23
1500, 942.660, 314.150, 23
1501, 942.660, 322.650, 23
1502, 942.660, 331.150, 23
1503, 942.660, 339.650, 9
1504, 942.660, 348.150, 9
1505, 942.660, 356.650, 9
1506, 942.660, 365.150, 9
1507, 942.660, 373.650, 9
1508, 942.660, 382.150, 9
1509, 942.660, 390.650, 9
1510, 942.660, 399.150, 9
1511, 942.660, 407.650, 9
1512, 942.660, 416.150, 7
1513, 942.660, 424.650, 7
1514, 942.660, 433.150, 7
1515, 942.660, 441.650, 7
1516, 942.660, 450.150, 7
1517, 942.660, 458.650, 7
1518, 942.660, 467.150, 7
1519, 942.660, 475.650, 7
1520, 942.660, 484.150, 7
1521, 942.660, 492.650, 2
1522, 942.660, 501.150, 2
1523, 942.660, 509.650, 2
1524, 942.660, 518.150, 2
1525, 942.660, 526.650, 2
1526, 942.660, 535.150, 2
1527, 963.530, 144.150, 3
1528, 963.530, 152.650, 3
1529, 963.530, 161.150, 3
1530, 963.530, 169.650, 3
1531, 963.530, 178.150, 3
1532, 963.530, 186.650, 3
1533, 963.530, 195.150, 3
1534, 963.530, 203.650, 6
1535, 963.530, 212.150, 6
1536, 963.530, 220.650, 6
1537, 963.530, 229.150, 6
1538, 963.530, 237.650, 6
1539, 963.530, 246.150, 6
1540, 963.530, 254.650, 6
1541, 963.530, 263.150, 6
1542, 963.530, 271.650, 6
1543, 963.530, 280.150, 23
1544, 963.530, 288.650, 23
1545, 963.530, 297.150, 23
1546, 963.530, 305.650, 23
1547, 963.530, 314.150, 23
1548, 963.530, 322.650, 23
1549, 963.530, 331.150, 23
1550, 963.530, 339.650, 23
1551, 963.530, 348.150, 23
1552, 963.530, 356.650, 11
1553, 963.530, 365.150, 11
1554, 963.530, 373.650, 11
1555, 963.530, 382.150, 11
1556, 963.530, 390.650, 11
1557, 963.530, 399.150, 11
1558, 963.530, 407.650, 11
1559, 963.530, 416.150, 11
1560, 963.530, 424.650, 11
1561, 963.530, 433.150, 7
1562, 963.530, 441.650, 7
1563, 963.530, 450.150, 7
1564, 963.530, 458.650, 7
1565, 963.530, 467.150, 7
1566, 963.530, 475.650, 7
1567, 963.530, 484.150, 7
1568, 963.530, 492.650, 2
1569, 963.530, 501.150, 2
1570, 963.530, 509.650, 2
1571, 963.530, 518.150, 2
1572, 963.530, 526.650, 2
1573, 984.400, 135.650, 3
1574, 984.400, 144.150, 3
1575, 984.400, 152.650, 3
1576, 984.400, 161.150, 3
1577, 984.400, 169.650, 3
1578, 984.400, 178.150, 3
1579, 984.400, 186.650, 3
1580, 984.400, 195.150, 3
1581, 984.400, 203.650, 6
1582, 984.400, 212.150, 6
1583, 984.400, 220.650, 6
1584, 984.400, 229.150, 6
1585, 984.400, 237.650, 6
1586, 984.400, 246.150, 6
1587, 984.400, 254.650, 6
1588, 984.400, 263.150, 6
1589, 984.400, 271.650, 6
1590, 984.400, 280.150, 23
1591, 984.400, 288.650, 23
1592, 984.400, 297.150, 23
1593, 984.400, 305.650, 23
1594, 984.400, 314.150, 23
1595, 984.400, 322.650, 23
1596, 984.400, 331.150, 23
1597, 984.400, 339.650, 23
1598, 984.400, 348.150, 23
1599, 984.400, 356.650, 11
1600, 984.400, 365.150, 11
1601, 984.400, 373.650, 11
1602, 984.400, 382.150, 11
1603, 984.400, 390.650, 11
1604, 984.400, 399.150, 11
1605, 984.400, 407.650, 11
1606, 984.400, 416.150, 11
1607, 984.400, 424.650, 11
1608, 984.400, 433.150, 7
1609, 984.400, 441.650, 7
1610, 984.400, 450.150, 7
1611, 984.400, 458.650, 7
1612, 984.400, 467.150, 7
1613, 984.400, 475.650, 7
1614, 984.400, 484.150, 7
1615, 984.400, 492.650, 2
1616, 984.400, 501.150, 2
1617, 984.400, 509.650, 2
1618, 984.400, 518.150, 2
1619, 984.400, 526.650, 2
1620, 1005.270, 127.150, 3
1621, 1005.270, 135.650, 3
1622, 1005.270, 144.150, 3
1623, 1005.270, 152.650, 3
1624, 1005.270, 161.150, 3
1625, 1005.270, 169.650, 3
1626, 1005.270, 178.150, 3
1627, 1005.270, 186.650, 3
1628, 1005.270, 195.150, 3
1629, 1005.270, 203.650, 6
1630, 1005.270, 212.150, 6
1631, 1005.270, 220.650, 6
1632, 1005.270, 229.150, 6
1633, 1005.270, 237.650, 6
1634, 1005.270, 246.150, 6
1635, 1005.270, 254.650, 6
1636, 1005.270, 263.150, 6
1637, 1005.270, 271.650, 6
1638, 1005.270, 280.150, 23
1639, 1005.270, 288.650, 23
1640, 1005.270, 297.150, 23
1641, 1005.270, 305.650, 23
1642, 1005.270, 314.150, 23
1643, 1005.270, 322.650, 23
1644, 1005.270, 331.150, 23
1645, 1005.270, 339.650, 23
1646, 1005.270, 348.150, 23
1647, 1005.270, 356.650, 11
1648, 1005.270, 365.150, 11
1649, 1005.270, 373.650, 11
1650, 1005.270, 382.150, 11
1651, 1005.270, 390.650, 11
1652, 1005.270, 399.150, 11
1653, 1005.270, 407.650, 11
1654, 1005.270, 416.150, 11
1655, 1005.270, 424.650, 11
1656, 1005.270, 433.150, 7
1657, 1005.270, 441.650, 7
1658, 1005.270, 450.150, 7
1659, 1005.270, 458.650, 7
1660, 1005.270, 467.150, 7
1661, 1005.270, 475.650, 7
1662, 1005.270, 484.150, 7
1663, 1005.270, 492.650, 2
1664, 1005.270, 501.150, 2
1665, 1005.270, 509.650, 2
1666, 1005.270, 518.150, 2
1667, 1005.270, 526.650, 2
1668, 1026.140, 118.650, 3
1669, 1026.140, 127.150, 3
1670, 1026.140, 135.650, 3
1671, 1026.140, 144.150, 3
1672, 1026.140, 152.650, 3
1673, 1026.140, 161.150, 3
1674, 1026.140, 169.650, 3
1675, 1026.140, 178.150, 3
1676, 1026.140, 186.650, 3
1677, 1026.140, 195.150, 3
1678, 1026.140, 203.650, 6
1679, 1026.140, 212.150, 6
1680, 1026.140, 220.650, 6
1681, 1026.140, 229.150, 6
1682, 1026.140, 237.650, 6
1683, 1026.140, 246.150, 6
1684, 1026.140, 254.650, 6
1685, 1026.140, 263.150, 6
1686, 1026.140, 271.650, 6
1687, 1026.140, 280.150, 23
1688, 1026.140, 288.650, 23
1689, 1026.140, 297.150, 23
1690, 1026.140, 305.650, 23
1691, 1026.140, 314.150, 23
1692, 1026.140, 322.650, 23
1693, 1026.140, 331.150, 23
1694, 1026.140, 339.650, 23
1695, 1026.140, 348.150, 23
1696, 1026.140, 356.650, 11
1697, 1026.140, 365.150, 11
1698, 1026.140, 373.650, 11
1699, 1026.140, 382.150, 11
1700, 1026.140, 390.650, 11
1701, 1026.140, 399.150, 11
1702, 1026.140, 407.650, 11
1703, 1026.140, 416.150, 11
1704, 1026.140, 424.650, 11
1705, 1026.140, 433.150, 19
1706, 1026.140, 441.650, 19
1707, 1026.140, 450.150, 19
1708, 1026.140, 458.650, 19
1709, 1026.140, 467.150, 19
1710, 1026.140, 475.650, 19
1711, 1026.140, 484.150, 19
1712, 1026.140, 492.650, 19
1713, 1026.140, 501.150, 19
1714, 1026.140, 509.650, 19
1715, 1026.140, 518.150, 19
1716, 1026.140, 526.650, 2
1717, 1047.010, 118.650, 3
1718, 1047.010, 127.150, 3
1719, 1047.010, 135.650, 3
1720, 1047.010, 144.150, 3
1721, 1047.010, 152.650, 3
1722, 1047.010, 161.150, 3
1723, 1047.010, 169.650, 3
1724, 1047.010, 178.150, 3
1725, 1047.010, 186.650, 3
1726, 1047.010, 195.150, 3
1727, 1047.010, 203.650, 6
1728, 1047.010, 212.150, 6
1729, 1047.010, 220.650, 6
1730, 1047.010, 229.150, 6
1731, 1047.010, 237.650, 6
1732, 1047.010, 246.150, 6
1733, 1047.010, 254.650, 6
1734, 1047.010, 263.150, 6
1735, 1047.010, 271.650, 6
1736, 1047.010, 280.150, 23
1737, 1047.010, 288.650, 23
1738, 1047.010, 297.150, 23
1739, 1047.010, 305.650, 23
1740, 1047.010, 314.150, 23
1741, 1047.010, 322.650, 23
1742, 1047.010, 331.150, 23
1743, 1047.010, 339.650, 23
1744, 1047.010, 348.150, 23
1745, 1047.010, 356.650, 11
1746, 1047.010, 365.150, 11
1747, 1047.010, 373.650, 11
1748, 1047.010, 382.150, 11
1749, 1047.010, 390.650, 11
1750, 1047.010, 399.150, 11
1751, 1047.010, 407.650, 11
1752, 1047.010, 416.150, 11
1753, 1047.010, 424.650, 11
1754, 1047.010, 433.150, 19
1755, 1047.010, 441.650, 19
1756, 1047.010, 450.150, 19
1757, 1047.010, 458.650, 19
1758, 1047.010, 467.150, 19
1759, 1047.010, 475.650, 19
1760, 1047.010, 484.150, 19
1761, 1047.010, 492.650, 19
1762, 1047.010, 501.150, 19
1763, 1047.010, 509.650, 19
1764, 1047.010, 518.150, 19
1765, 1067.880, 118.650, 3
1766, 1067.880, 127.150, 3
1767, 1067.880, 135.650, 3
1768, 1067.880, 144.150, 3
1769, 1067.880, 152.650, 3
1770, 1067.880, 161.150, 3
1771, 1067.880, 169.650, 3
1772, 1067.880, 178.150, 3
1773, 1067.880, 186.650, 3
1774, 1067.880, 195.150, 3
1775, 1067.880, 203.650, 6
1776, 1067.880, 212.150, 6
1777, 1067.880, 220.650, 6
1778, 1067.880, 229.150, 6
1779, 1067.880, 237.650, 6
1780, 1067.880, 246.150, 6
1781, 1067.880, 254.650, 6
1782, 1067.880, 263.150, 6
1783, 1067.880, 271.650, 6
1784, 1067.880, 280.150, 23
1785, 1067.880, 288.650, 23
1786, 1067.880, 297.150, 23
1787, 1067.880, 305.650, 23
1788, 1067.880, 314.150, 23
1789, 1067.880, 322.650, 23
1790, 1067.880, 331.150, 23
1791, 1067.880, 339.650, 23
1792, 1067.880, 348.150, 23
1793, 1067.880, 356.650, 11
1794, 1067.880, 365.150, 11
1795, 1067.880, 373.650, 11
1796, 1067.880, 382.150, 11
1797, 1067.880, 390.650, 11
1798, 1067.880, 399.150, 11
1799, 1067.880, 407.650, 11
1800, 1067.880, 416.150, 11
1801, 1067.880, 424.650, 11
1802, 1067.880, 433.150, 19
1803, 1067.880, 441.650, 19
1804, 1067.880, 450.150, 19
1805, 1067.880, 458.650, 19
1806, 1067.880, 467.150, 19
1807, 1067.880, 475.650, 19
1808, 1067.880, 484.150, 19
1809, 1067.880, 492.650, 19
1810, 1067.880, 501.150, 19
1811, 1067.880, 509.650, 19
1812, 1067.880, 518.150, 19
1813, 1088.750, 118.650, 3
1814, 1088.750, 127.150, 3
1815, 1088.750, 135.650, 3
1816, 1088.750, 144.150, 3
1817, 1088.750, 152.650, 3
1818, 1088.750, 161.150, 3
1819, 1088.750, 169.650, 3
1820, 1088.750, 178.150, 3
1821, 1088.750, 186.650, 3
1822, 1088.750, 195.150, 3
1823, 1088.750, 203.650, 6
1824, 1088.750, 212.150, 6
1825, 1088.750, 220.650, 6
1826, 1088.750, 229.150, 6
1827, 1088.750, 237.650, 6
1828, 1088.750, 246.150, 6
1829, 1088.750, 254.650, 6
1830, 1088.750, 263.150, 6
1831, 1088.750, 271.650, 6
1832, 1088.750, 280.150, 23
1833, 1088.750, 288.650, 23
1834, 1088.750, 297.150, 23
1835, 1088.750, 305.650, 23
1836, 1088.750, 314.150, 23
1837, 1088.750, 322.650, 23
1838, 1088.750, 331.150, 23
1839, 1088.750, 339.650, 23
1840, 1088.750, 348.150, 11
1841, 1088.750, 356.650, 11
1842, 1088.750, 365.150, 11
1843, 1088.750, 373.650, 11
1844, 1088.750, 382.150, 11
1845, 1088.750, 390.650, 11
1846, 1088.750, 399.150, 11
1847, 1088.750, 407.650, 11
1848, 1088.750, 416.150, 11
1849, 1088.750, 424.650, 11
1850, 1088.750, 433.150, 19
1851, 1088.750, 441.650, 19
1852, 1088.750, 450.150, 19
1853, 1088.750, 458.650, 19
1854, 1088.750, 467.150, 19
1855, 1088.750, 475.650, 19
1856, 1088.750, 484.150, 19
1857, 1088.750, 492.650, 19
1858, 1088.750, 501.150, 19
1859, 1088.750, 509.650, 19
1860, 1088.750, 518.150, 19
1861, 1109.620, 110.150, 3
1862, 1109.620, 118.650, 3
1863, 1109.620, 127.150, 3
1864, 1109.620, 135.650, 3
1865, 1109.620, 144.150, 3
1866, 1109.620, 152.650, 3
1867, 1109.620, 161.150, 3
1868, 1109.620, 169.650, 3
1869, 1109.620, 178.150, 3
1870, 1109.620, 186.650, 3
1871, 1109.620, 195.150, 3
1872, 1109.620, 203.650, 6
1873, 1109.620, 212.150, 6
1874, 1109.620, 220.650, 6
1875, 1109.620, 229.150, 6
1876, 1109.620, 237.650, 6
1877, 1109.620, 246.150, 6
1878, 1109.620, 254.650, 6
1879, 1109.620, 263.150, 6
1880, 1109.620, 271.650, 6
1881, 1109.620, 280.150, 23
1882, 1109.620, 288.650, 23
1883, 1109.620, 297.150, 23
1884, 1109.620, 305.650, 23
1885, 1109.620, 314.150, 23
1886, 1109.620, 322.650, 23
1887, 1109.620, 331.150, 23
1888, 1109.620, 339.650, 23
1889, 1109.620, 348.150, 11
1890, 1109.620, 356.650, 11
1891, 1109.620, 365.150, 11
1892, 1109.620, 373.650, 11
1893, 1109.620, 382.150, 11
1894, 1109.620, 390.650, 11
1895, 1109.620, 399.150, 11
1896, 1109.620, 407.650, 11
1897, 1109.620, 416.150, 11
1898, 1109.620, 424.650, 19
1899, 1109.620, 433.150, 19
1900, 1109.620, 441.650, 19
1901, 1109.620, 450.150, 19
1902, 1109.620, 458.650, 19
1903, 1109.620, 467.150, 19
1904, 1109.620, 475.650, 19
1905, 1109.620, 484.150, 19
1906, 1109.620, 492.650, 19
1907, 1109.620, 501.150, 19
1908, 1109.620, 509.650, 19
1909, 1109.620, 518.150, 19
1910, 1130.490, 110.150, 3
1911, 1130.490, 118.650, 3
1912, 1130.490, 127.150, 3
1913, 1130.490, 135.650, 3
1914, 1130.490, 144.150, 3
1915, 1130.490, 152.650, 3
1916, 1130.490, 161.150, 3
1917, 1130.490, 169.650, 3
1918, 1130.490, 178.150, 3
1919, 1130.490, 186.650, 3
1920, 1130.490, 195.150, 3
1921, 1130.490, 203.650, 6
1922, 1130.490, 212.150, 6
1923, 1130.490, 220.650, 6
1924, 1130.490, 229.150, 6
1925, 1130.490, 237.650, 6
1926, 1130.490, 246.150, 6
1927, 1130.490, 254.650, 6
1928, 1130.490, 263.150, 6
1929, 1130.490, 271.650, 6
1930, 1130.490, 280.150, 23
1931, 1130.490, 288.650, 23
1932, 1130.490, 297.150, 23
1933, 1130.490, 305.650, 23
1934, 1130.490, 314.150, 23
1935, 1130.490, 322.650, 23
1936, 1130.490, 331.150, 23
1937, 1130.490, 339.650, 23
1938, 1130.490, 348.150, 11
1939, 1130.490, 356.650, 11
1940, 1130.490, 365.150, 11
1941, 1130.490, 373.650, 11
1942, 1130.490, 382.150, 11
1943, 1130.490, 390.650, 11
1944, 1130.490, 399.150, 11
1945, 1130.490, 407.650, 11
1946, 1130.490, 416.150, 11
1947, 1130.490, 424.650, 19
1948, 1130.490, 433.150, 19
1949, 1130.490, 441.650, 19
1950, 1130.490, 450.150, 19
1951, 1130.490, 458.650, 19
1952, 1130.490, 467.150, 19
1953, 1130.490, 475.650, 19
1954, 1130.490, 484.150, 19
1955, 1130.490, 492.650, 19
1956, 1130.490, 501.150, 19
1957, 1130.490, 509.650, 19
1958, 1151.360, 110.150, 14
1959, 1151.360, 118.650, 3
1960, 1151.360, 127.150, 3
1961, 1151.360, 135.650, 3
1962, 1151.360, 144.150, 3
1963, 1151.360, 152.650, 3
1964, 1151.360, 161.150, 3
1965, 1151.360, 169.650, 3
1966, 1151.360, 178.150, 3
1967, 1151.360, 186.650, 3
1968, 1151.360, 195.150, 3
1969, 1151.360, 203.650, 6
1970, 1151.360, 212.150, 6
1971, 1151.360, 220.650, 6
1972, 1151.360, 229.150, 6
1973, 1151.360, 237.650, 6
1974, 1151.360, 246.150, 6
1975, 1151.360, 254.650, 6
1976, 1151.360, 263.150, 6
1977, 1151.360, 271.650, 6
1978, 1151.360, 280.150, 23
1979, 1151.360, 288.650, 23
1980, 1151.360, 297.150, 23
1981, 1151.360, 305.650, 23
1982, 1151.360, 314.150, 23
1983, 1151.360, 322.650, 23
1984, 1151.360, 331.150, 23
1985, 1151.360, 339.650, 23
1986, 1151.360, 348.150, 11
1987, 1151.360, 356.650, 11
1988, 1151.360, 365.150, 11
1989, 1151.360, 373.650, 11
1990, 1151.360, 382.150, 11
1991, 1151.360, 390.650, 11
1992, 1151.360, 399.150, 11
1993, 1151.360, 407.650, 11
1994, 1151.360, 416.150, 11
1995, 1151.360, 424.650, 19
1996, 1151.360, 433.150, 19
1997, 1151.360, 441.650, 19
1998, 1151.360, 450.150, 19
1999, 1151.360, 458.650, 19
2000, 1151.360, 467.150, 19
2001, 1151.360, 475.650, 19
2002, 1151.360, 484.150, 19
2003, 1151.360, 492.650, 19
2004, 1151.360, 501.150, 19
2005, 1172.230, 101.650, 14
2006, 1172.230, 110.150, 14
2007, 1172.230, 118.650, 14
2008, 1172.230, 127.150, 14
2009, 1172.230, 135.650, 14
2010, 1172.230, 144.150, 14
2011, 1172.230, 152.650, 14
2012, 1172.230, 161.150, 14
2013, 1172.230, 169.650, 14
2014, 1172.230, 178.150, 14
2015, 1172.230, 186.650, 14
2016, 1172.230, 195.150, 14
2017, 1172.230, 203.650, 15
2018, 1172.230, 212.150, 15
2019, 1172.230, 220.650, 15
2020, 1172.230, 229.150, 15
2021, 1172.230, 237.650, 15
2022, 1172.230, 246.150, 15
2023, 1172.230, 254.650, 15
2024, 1172.230, 263.150, 6
2025, 1172.230, 271.650, 6
2026, 1172.230, 280.150, 23
2027, 1172.230, 288.650, 23
2028, 1172.230, 297.150, 23
2029, 1172.230, 305.650, 23
2030, 1172.230, 314.150, 23
2031, 1172.230, 322.650, 23
2032, 1172.230, 331.150, 23
2033, 1172.230, 339.650, 23
2034, 1172.230, 348.150, 11
2035, 1172.230, 356.650, 11
2036, 1172.230, 365.150, 11
2037, 1172.230, 373.650, 11
2038, 1172.230, 382.150, 11
2039, 1172.230, 390.650, 11
2040, 1172.230, 399.150, 11
2041, 1172.230, 407.650, 11
2042, 1172.230, 416.150, 11
2043, 1172.230, 424.650, 19
2044, 1172.230, 433.150, 19
2045, 1172.230, 441.650, 19
2046, 1172.230, 450.150, 19
2047, 1172.230, 458.650, 19
2048, 1172.230, 467.150, 19
2049, 1172.230, 475.650, 19
2050, 1172.230, 484.150, 19
2051, 1172.230, 492.650, 19
2052, 1193.100, 101.650, 14
2053, 1193.100, 110.150, 14
2054, 1193.100, 118.650, 14
2055, 1193.100, 127.150, 14
2056, 1193.100, 135.650, 14
2057, 1193.100, 144.150, 14
2058, 1193.100, 152.650, 14
2059, 1193.100, 161.150, 14
2060, 1193.100, 169.650, 14
2061, 1193.100, 178.150, 14
2062, 1193.100, 186.650, 14
2063, 1193.100, 195.150, 14
2064, 1193.100, 203.650, 15
2065, 1193.100, 212.150, 15
2066, 1193.100, 220.650, 15
2067, 1193.100, 229.150, 15
2068, 1193.100, 237.650, 15
2069, 1193.100, 246.150, 15
2070, 1193.100, 254.650, 15
2071, 1193.100, 263.150, 15
2072, 1193.100, 271.650, 15
2073, 1193.100, 280.150, 23
2074, 1193.100, 288.650, 23
2075, 1193.100, 297.150, 23
2076, 1193.100, 305.650, 23
2077, 1193.100, 314.150, 23
2078, 1193.100, 322.650, 23
2079, 1193.100, 331.150, 23
2080, 1193.100, 339.650, 23
2081, 1193.100, 348.150, 11
2082, 1193.100, 356.650, 11
2083, 1193.100, 365.150, 11
2084, 1193.100, 373.650, 11
2085, 1193.100, 382.150, 11
2086, 1193.100, 390.650, 11
2087, 1193.100, 399.150, 11
2088, 1193.100, 407.650, 11
2089, 1193.100, 416.150, 11
2090, 1193.100, 424.650, 19
2091, 1193.100, 433.150, 19
2092, 1193.100, 441.650, 19
2093, 1193.100, 450.150, 19
2094, 1193.100, 458.650, 19
2095, 1193.100, 467.150, 19
2096, 1193.100, 475.650, 19
2097, 1193.100, 484.150, 19
2098, 1213.970, 101.650, 14
2099, 1213.970, 110.150, 14
2100, 1213.970, 118.650, 14
2101, 1213.970, 127.150, 14
2102, 1213.970, 135.650, 14
2103, 1213.970, 144.150, 14
2104, 1213.970, 152.650, 14
2105, 1213.970, 161.150, 14
2106, 1213.970, 169.650, 14
2107, 1213.970, 178.150, 14
2108, 1213.970, 186.650, 14
2109, 1213.970, 195.150, 14
2110, 1213.970, 203.650, 15
2111, 1213.970, 212.150, 15
2112, 1213.970, 220.650, 15
2113, 1213.970, 229.150, 15
2114, 1213.970, 237.650, 15
2115, 1213.970, 246.150, 15
2116, 1213.970, 254.650, 15
2117, 1213.970, 263.150, 15
2118, 1213.970, 271.650, 15
2119, 1213.970, 280.150, 18
2120, 1213.970, 288.650, 18
2121, 1213.970, 297.150, 18
2122, 1213.970, 305.650, 18
2123, 1213.970, 314.150, 18
2124, 1213.970, 322.650, 18
2125, 1213.970, 331.150, 18
2126, 1213.970, 339.650, 18
2127, 1213.970, 348.150, 18
2128, 1213.970, 356.650, 17
2129, 1213.970, 365.150, 17
2130, 1213.970, 373.650, 17
2131, 1213.970, 382.150, 17
2132, 1213.970, 390.650, 17
2133, 1213.970, 399.150, 17
2134, 1213.970, 407.650, 17
2135, 1213.970, 416.150, 17
2136, 1213.970, 424.650, 17
2137, 1213.970, 433.150, 19
2138, 1213.970, 441.650, 19
2139, 1213.970, 450.150, 19
2140, 1213.970, 458.650, 19
2141, 1213.970, 467.150, 19
2142, 1213.970, 475.650, 19
2143, 1234.840, 93.150, 14
2144, 1234.840, 101.650, 14
2145, 1234.840, 110.150, 14
2146, 1234.840, 118.650, 14
2147, 1234.840, 127.150, 14
2148, 1234.840, 135.650, 14
2149, 1234.840, 144.150, 14
2150, 1234.840, 152.650, 14
2151, 1234.840, 161.150, 14
2152, 1234.840, 169.650, 14
2153, 1234.840, 178.150, 14
2154, 1234.840, 186.650, 14
2155, 1234.840, 195.150, 14
2156, 1234.840, 203.650, 15
2157, 1234.840, 212.150, 15
2158, 1234.840, 220.650, 15
2159, 1234.840, 229.150, 15
2160, 1234.840, 237.650, 15
2161, 1234.840, 246.150, 15
2162, 1234.840, 254.650, 15
2163, 1234.840, 263.150, 15
2164, 1234.840, 271.650, 15
2165, 1234.840, 280.150, 18
2166, 1234.840, 288.650, 18
2167, 1234.840, 297.150, 18
2168, 1234.840, 305.650, 18
2169, 1234.840, 314.150, 18
2170, 1234.840, 322.650, 18
2171, 1234.840, 331.150, 18
2172, 1234.840, 339.650, 18
2173, 1234.840, 348.150, 18
2174, 1234.840, 356.650, 17
2175, 1234.840, 365.150, 17
2176, 1234.840, 373.650, 17
2177, 1234.840, 382.150, 17
2178, 1234.840, 390.650, 17
2179, 1234.840, 399.150, 17
2180, 1234.840, 407.650, 17
2181, 1234.840, 416.150, 17
2182, 1234.840, 424.650, 17
2183, 1234.840, 433.150, 19
2184, 1234.840, 441.650, 19
2185, 1234.840, 450.150, 19
2186, 1234.840, 458.650, 19
2187, 1234.840, 467.150, 19
2188, 1255.710, 93.150, 14
2189, 1255.710, 101.650, 14
2190, 1255.710, 110.150, 14
2191, 1255.710, 118.650, 14
2192, 1255.710, 127.150, 14
2193, 1255.710, 135.650, 14
2194, 1255.710, 144.150, 14
2195, 1255.710, 152.650, 14
2196, 1255.710, 161.150, 14
2197, 1255.710, 169.650, 14
2198, 1255.710, 178.150, 14
2199, 1255.710, 186.650, 14
2200, 1255.710, 195.150, 14
2201, 1255.710, 203.650, 15
2202, 1255.710, 212.150, 15
2203, 1255.710, 220.650, 15
2204, 1255.710, 229.150, 15
2205, 1255.710, 237.650, 15
2206, 1255.710, 246.150, 15
2207, 1255.710, 254.650, 15
2208, 1255.710, 263.150, 15
2209, 1255.710, 271.650, 15
2210, 1255.710, 280.150, 18
2211, 1255.710, 288.650, 18
2212, 1255.710, 297.150, 18
2213, 1255.710, 305.650, 18
2214, 1255.710, 314.150, 18
2215, 1255.710, 322.650, 18
2216, 1255.710, 331.150, 18
2217, 1255.710, 339.650, 18
2218, 1255.710, 348.150, 18
2219, 1255.710, 356.650, 17
2220, 1255.710, 365.150, 17
2221, 1255.710, 373.650, 17
2222, 1255.710, 382.150, 17
2223, 1255.710, 390.650, 17
2224, 1255.710, 399.150, 17
2225, 1255.710, 407.650, 17
2226, 1255.710, 416.150, 17
2227, 1255.710, 424.650, 17
2228, 1255.710, 433.150, 17
2229, 1255.710, 441.650, 19
2230, 1255.710, 450.150, 19
2231, 1255.710, 458.650, 19
2232, 1276.580, 93.150, 14
2233, 1276.580, 101.650, 14
2234, 1276.580, 110.150, 14
2235, 1276.580, 118.650, 14
2236, 1276.580, 127.150, 14
2237, 1276.580, 135.650, 14
2238, 1276.580, 144.150, 14
2239, 1276.580, 152.650, 14
2240, 1276.580, 161.150, 14
2241, 1276.580, 169.650, 14
2242, 1276.580, 178.150, 14
2243, 1276.580, 186.650, 14
2244, 1276.580, 195.150, 14
2245, 1276.580, 203.650, 15
2246, 1276.580, 212.150, 15
2247, 1276.580, 220.650, 15
2248, 1276.580, 229.150, 15
2249, 1276.580, 237.650, 15
2250, 1276.580, 246.150, 15
2251, 1276.580, 254.650, 15
2252, 1276.580, 263.150, 15
2253, 1276.580, 271.650, 15
2254, 1276.580, 280.150, 18
2255, 1276.580, 288.650, 18
2256, 1276.580, 297.150, 18
2257, 1276.580, 305.650, 18
2258, 1276.580, 314.150, 18
2259, 1276.580, 322.650, 18
2260, 1276.580, 331.150, 18
2261, 1276.580, 339.650, 18
2262, 1276.580, 348.150, 18
2263, 1276.580, 356.650, 17
2264, 1276.580, 365.150, 17
2265, 1276.580, 373.650, 17
2266, 1276.580, 382.150, 17
2267, 1276.580, 390.650, 17
2268, 1276.580, 399.150, 17
2269, 1276.580, 407.650, 17
2270, 1276.580, 416.150, 17
2271, 1276.580, 424.650, 17
2272, 1276.580, 433.150, 17
2273, 1276.580, 441.650, 17
2274, 1276.580, 450.150, 17
2275, 1276.580, 458.650, 19
2276, 1297.450, 84.650, 14
2277, 1297.450, 93.150, 14
2278, 1297.450, 101.650, 14
2279, 1297.450, 110.150, 14
2280, 1297.450, 118.650, 14
2281, 1297.450, 127.150, 14
2282, 1297.450, 135.650, 14
2283, 1297.450, 144.150, 14
2284, 1297.450, 152.650, 14
2285, 1297.450, 161.150, 14
2286, 1297.450, 169.650, 14
2287, 1297.450, 178.150, 14
2288, 1297.450, 186.650, 14
2289, 1297.450, 195.150, 14
2290, 1297.450, 203.650, 15
2291, 1297.450, 212.150, 15
2292, 1297.450, 220.650, 15
2293, 1297.450, 229.150, 15
2294, 1297.450, 237.650, 15
2295, 1297.450, 246.150, 15
2296, 1297.450, 254.650, 15
2297, 1297.450, 263.150, 15
2298, 1297.450, 271.650, 15
2299, 1297.450, 280.150, 18
2300, 1297.450, 288.650, 18
2301, 1297.450, 297.150, 18
2302, 1297.450, 305.650, 18
2303, 1297.450, 314.150, 18
2304, 1297.450, 322.650, 18
2305, 1297.450, 331.150, 18
2306, 1297.450, 339.650, 18
2307, 1297.450, 348.150, 18
2308, 1297.450, 356.650, 17
2309, 1297.450, 365.150, 17
2310, 1297.450, 373.650, 17
2311, 1297.450, 382.150, 17
2312, 1297.450, 390.650, 17
2313, 1297.450, 399.150, 17
2314, 1297.450, 407.650, 17
2315, 1297.450, 416.150, 17
2316, 1297.450, 424.650, 17
2317, 1297.450, 433.150, 17
2318, 1297.450, 441.650, 17
2319, 1297.450, 450.150, 17
2320, 1318.320, 110.150, 14
2321, 1318.320, 118.650, 14
2322, 1318.320, 127.150, 14
2323, 1318.320, 135.650, 14
2324, 1318.320, 144.150, 14
2325, 1318.320, 152.650, 14
2326, 1318.320, 161.150, 14
2327, 1318.320, 169.650, 14
2328, 1318.320, 178.150, 14
2329, 1318.320, 186.650, 14
2330, 1318.320, 195.150, 15
2331, 1318.320, 203.650, 15
2332, 1318.320, 212.150, 15
2333, 1318.320, 220.650, 15
2334, 1318.320, 229.150, 15
2335, 1318.320, 237.650, 15
2336, 1318.320, 246.150, 15
2337, 1318.320, 254.650, 15
2338, 1318.320, 263.150, 15
2339, 1318.320, 271.650, 15
2340, 1318.320, 280.150, 18
2341, 1318.320, 288.650, 18
2342, 1318.320, 297.150, 18
2343, 1318.320, 305.650, 18
2344, 1318.320, 314.150, 18
2345, 1318.320, 322.650, 18
2346, 1318.320, 331.150, 18
2347, 1318.320, 339.650, 18
2348, 1318.320, 348.150, 18
2349, 1318.320, 356.650, 17
2350, 1318.320, 365.150, 17
2351, 1318.320, 373.650, 17
2352, 1318.320, 382.150, 17
2353, 1318.320, 390.650, 17
2354, 1318.320, 399.150, 17
2355, 1318.320, 407.650, 17
2356, 1318.320, 416.150, 17
2357, 1318.320, 424.650, 17
2358, 1318.320, 433.150, 17
2359, 1318.320, 441.650, 17
2360, 1318.320, 450.150, 17
2361, 1339.190, 135.650, 14
2362, 1339.190, 144.150, 14
2363, 1339.190, 152.650, 14
2364, 1339.190, 161.150, 14
2365, 1339.190, 169.650, 14
2366, 1339.190, 178.150, 14
2367, 1339.190, 186.650, 15
2368, 1339.190, 195.150, 15
2369, 1339.190, 203.650, 15
2370, 1339.190, 212.150, 15
2371, 1339.190, 220.650, 15
2372, 1339.190, 229.150, 15
2373, 1339.190, 237.650, 15
2374, 1339.190, 246.150, 15
2375, 1339.190, 254.650, 15
2376, 1339.190, 263.150, 15
2377, 1339.190, 271.650, 15
2378, 1339.190, 280.150, 18
2379, 1339.190, 288.650, 18
2380, 1339.190, 297.150, 18
2381, 1339.190, 305.650, 18
2382, 1339.190, 314.150, 18
2383, 1339.190, 322.650, 18
2384, 1339.190, 331.150, 18
2385, 1339.190, 339.650, 18
2386, 1339.190, 348.150, 18
2387, 1339.190, 356.650, 18
2388, 1339.190, 365.150, 17
2389, 1339.190, 373.650, 17
2390, 1339.190, 382.150, 17
2391, 1339.190, 390.650, 17
2392, 1339.190, 399.150, 17
2393, 1339.190, 407.650, 17
2394, 1339.190, 416.150, 17
2395, 1339.190, 424.650, 17
2396, 1339.190, 433.150, 17
2397, 1339.190, 441.650, 17
2398, 1360.060, 161.150, 14
2399, 1360.060, 169.650, 14
2400, 1360.060, 178.150, 14
2401, 1360.060, 186.650, 15
2402, 1360.060, 195.150, 15
2403, 1360.060, 203.650, 15
2404, 1360.060, 212.150, 15
2405, 1360.060, 220.650, 15
2406, 1360.060, 229.150, 15
2407, 1360.060, 237.650, 15
2408, 1360.060, 246.150, 15
2409, 1360.060, 254.650, 15
2410, 1360.060, 263.150, 15
2411, 1360.060, 271.650, 15
2412, 1360.060, 280.150, 18
2413, 1360.060, 288.650, 18
2414, 1360.060, 297.150, 18
2415, 1360.060, 305.650, 18
2416, 1360.060, 314.150, 18
2417, 1360.060, 322.650, 18
2418, 1360.060, 331.150, 18
2419, 1360.060, 339.650, 18
2420, 1360.060, 348.150, 18
2421, 1360.060, 356.650, 18
2422, 1360.060, 365.150, 17
2423, 1360.060, 373.650, 17
2424, 1360.060, 382.150, 17
2425, 1360.060, 390.650, 17
2426, 1360.060, 399.150, 17
2427, 1360.060, 407.650, 17
2428, 1360.060, 416.150, 17
2429, 1360.060, 424.650, 17
2430, 1360.060, 433.150, 17
2431, 1380.930, 186.650, 15
2432, 1380.930, 195.150, 15
2433, 1380.930, 203.650, 15
2434, 1380.930, 212.150, 15
2435, 1380.930, 220.650, 15
2436, 1380.930, 229.150, 15
2437, 1380.930, 237.650, 15
2438, 1380.930, 246.150, 15
2439, 1380.930, 254.650, 15
2440, 1380.930, 263.150, 15
2441, 1380.930, 271.650, 15
2442, 1380.930, 280.150, 18
2443, 1380.930, 288.650, 18
2444, 1380.930, 297.150, 18
2445, 1380.930, 305.650, 18
2446, 1380.930, 314.150, 18
2447, 1380.930, 322.650, 18
2448, 1380.930, 331.150, 18
2449, 1380.930, 339.650, 18
2450, 1380.930, 348.150, 18
2451, 1380.930, 356.650, 18
2452, 1380.930, 365.150, 17
2453, 1380.930, 373.650, 17
2454, 1380.930, 382.150, 17
2455, 1380.930, 390.650, 17
2456, 1380.930, 399.150, 17
2457, 1380.930, 407.650, 17
2458, 1380.930, 416.150, 17
2459, 1380.930, 424.650, 17
2460, 1401.800, 237.650, 15
2461, 1401.800, 246.150, 15
2462, 1401.800, 254.650, 15
2463, 1401.800, 263.150, 15
2464, 1401.800, 271.650, 15
2465, 1401.800, 280.150, 18
2466, 1401.800, 288.650, 18
2467, 1401.800, 297.150, 18
2468, 1401.800, 305.650, 18
2469, 1401.800, 314.150, 18
2470, 1401.800, 322.650, 18
2471, 1401.800, 331.150, 18
2472, 1401.800, 339.650, 18
2473, 1401.800, 348.150, 18
2474, 1401.800, 356.650, 18
2475, 1401.800, 365.150, 17
2476, 1401.800, 373.650, 17
2477, 1401.800, 382.150, 17
2478, 1401.800, 390.650, 17
2479, 1401.800, 399.150, 17
2480, 1401.800, 407.650, 17
2481, 1401.800, 416.150, 17
2482, 1422.670, 280.150, 18
2483, 1422.670, 288.650, 18
2484, 1422.670, 297.150, 18
2485, 1422.670, 305.650, 18
2486, 1422.670, 314.150, 18
2487, 1422.670, 322.650, 18
2488, 1422.670, 331.150, 18
2489, 1422.670, 339.650, 18
2490, 1422.670, 348.150, 18
2491, 1422.670, 356.650, 18
2492, 1422.670, 365.150, 17
2493, 1422.670, 373.650, 17
2494, 1422.670, 382.150, 17
2495, 1422.670, 390.650, 17
2496, 1422.670, 399.150, 17
2497, 1422.670, 407.650, 17
2498, 1422.670, 416.150, 17
2499, 1443.540, 322.650, 18
2500, 1443.540, 331.150, 18
2501, 1443.540, 339.650, 18
2502, 1443.540, 348.150, 18
2503, 1443.540, 356.650, 18
2504, 1443.540, 365.150, 17
2505, 1443.540, 373.650, 17
2506, 1443.540, 382.150, 17
2507, 1443.540, 390.650, 17
