1, 319.080, 33.220, 5
2, 339.950, 33.220, 5
3, 360.820, 33.220, 5
4, 381.690, 33.220, 5
5, 402.560, 33.220, 5
6, 423.430, 33.220, 5
7, 444.300, 33.220, 6
8, 465.170, 33.220, 6
9, 486.040, 33.220, 6
10, 506.910, 33.220, 6
11, 527.780, 33.220, 6
12, 548.650, 33.220, 6
13, 569.520, 33.220, 6
14, 590.390, 33.220, 6
15, 611.260, 33.220, 6
16, 632.130, 33.220, 6
17, 653.000, 33.220, 6
18, 235.600, 41.720, 5
19, 256.470, 41.720, 5
20, 277.340, 41.720, 5
21, 298.210, 41.720, 5
22, 319.080, 41.720, 5
23, 339.950, 41.720, 5
24, 360.820, 41.720, 5
25, 381.690, 41.720, 5
26, 402.560, 41.720, 5
27, 423.430, 41.720, 5
28, 444.300, 41.720, 6
29, 465.170, 41.720, 6
30, 486.040, 41.720, 6
31, 506.910, 41.720, 6
32, 527.780, 41.720, 6
33, 548.650, 41.720, 6
34, 569.520, 41.720, 6
35, 590.390, 41.720, 6
36, 611.260, 41.720, 6
37, 632.130, 41.720, 6
38, 653.000, 41.720, 6
39, 673.870, 41.720, 2
40, 694.740, 41.720, 2
41, 715.610, 41.720, 2
42, 235.600, 50.220, 5
43, 256.470, 50.220, 5
44, 277.340, 50.220, 5
45, 298.210, 50.220, 5
46, 319.080, 50.220, 5
47, 339.950, 50.220, 5
48, 360.820, 50.220, 5
49, 381.690, 50.220, 5
50, 402.560, 50.220, 5
51, 423.430, 50.220, 5
52, 444.300, 50.220, 6
53, 465.170, 50.220, 6
54, 486.040, 50.220, 6
55, 506.910, 50.220, 6
56, 527.780, 50.220, 6
57, 548.650, 50.220, 6
58, 569.520, 50.220, 6
59, 590.390, 50.220, 6
60, 611.260, 50.220, 6
61, 632.130, 50.220, 6
62, 653.000, 50.220, 6
63, 673.870, 50.220, 2
64, 694.740, 50.220, 2
65, 715.610, 50.220, 2
66, 736.480, 50.220, 2
67, 757.350, 50.220, 2
68, 778.220, 50.220, 2
69, 235.600, 58.720, 5
70, 256.470, 58.720, 5
71, 277.340, 58.720, 5
72, 298.210, 58.720, 5
73, 319.080, 58.720, 5
74, 339.950, 58.720, 5
75, 360.820, 58.720, 5
76, 381.690, 58.720, 5
77, 402.560, 58.720, 5
78, 423.430, 58.720, 5
79, 444.300, 58.720, 6
80, 465.170, 58.720, 6
81, 486.040, 58.720, 6
82, 506.910, 58.720, 6
83, 527.780, 58.720, 6
84, 548.650, 58.720, 6
85, 569.520, 58.720, 6
86, 590.390, 58.720, 6
87, 611.260, 58.720, 6
88, 632.130, 58.720, 6
89, 653.000, 58.720, 6
90, 673.870, 58.720, 2
91, 694.740, 58.720, 2
92, 715.610, 58.720, 2
93, 736.480, 58.720, 2
94, 757.350, 58.720, 2
95, 778.220, 58.720, 2
96, 799.090, 58.720, 2
97, 819.960, 58.720, 2
98, 840.830, 58.720, 2
99, 235.600, 67.220, 5
100, 256.470, 67.220, 5
101, 277.340, 67.220, 5
102, 298.210, 67.220, 5
103, 319.080, 67.220, 5
104, 339.950, 67.220, 5
105, 360.820, 67.220, 5
106, 381.690, 67.220, 5
107, 402.560, 67.220, 5
108, 423.430, 67.220, 5
109, 444.300, 67.220, 6
110, 465.170, 67.220, 6
111, 486.040, 67.220, 6
112, 506.910, 67.220, 6
113, 527.780, 67.220, 6
114, 548.650, 67.220, 6
115, 569.520, 67.220, 6
116, 590.390, 67.220, 6
117, 611.260, 67.220, 6
118, 632.130, 67.220, 6
119, 653.000, 67.220, 6
120, 673.870, 67.220, 2
121, 694.740, 67.220, 2
122, 715.610, 67.220, 2
123, 736.480, 67.220, 2
124, 757.350, 67.220, 2
125, 778.220, 67.220, 2
126, 799.090, 67.220, 2
127, 819.960, 67.220, 2
128, 840.830, 67.220, 2
129, 861.700, 67.220, 2
130, 882.570, 67.220, 2
131, 903.440, 67.220, 2
132, 235.600, 75.720, 5
133, 256.470, 75.720, 5
134, 277.340, 75.720, 5
135, 298.210, 75.720, 5
136, 319.080, 75.720, 5
137, 339.950, 75.720, 5
138, 360.820, 75.720, 5
139, 381.690, 75.720, 5
140, 402.560, 75.720, 5
141, 423.430, 75.720, 5
142, 444.300, 75.720, 6
143, 465.170, 75.720, 6
144, 486.040, 75.720, 6
145, 506.910, 75.720, 6
146, 527.780, 75.720, 6
147, 548.650, 75.720, 6
148, 569.520, 75.720, 6
149, 590.390, 75.720, 6
150, 611.260, 75.720, 6
151, 632.130, 75.720, 6
152, 653.000, 75.720, 6
153, 673.870, 75.720, 2
154, 694.740, 75.720, 2
155, 715.610, 75.720, 2
156, 736.480, 75.720, 2
157, 757.350, 75.720, 2
158, 778.220, 75.720, 2
159, 799.090, 75.720, 2
160, 819.960, 75.720, 2
161, 840.830, 75.720, 2
162, 861.700, 75.720, 2
163, 882.570, 75.720, 2
164, 903.440, 75.720, 2
165, 235.600, 84.220, 5
166, 256.470, 84.220, 5
167, 277.340, 84.220, 5
168, 298.210, 84.220, 5
169, 319.080, 84.220, 5
170, 339.950, 84.220, 5
171, 360.820, 84.220, 5
172, 381.690, 84.220, 5
173, 402.560, 84.220, 5
174, 423.430, 84.220, 5
175, 444.300, 84.220, 6
176, 465.170, 84.220, 6
177, 486.040, 84.220, 6
178, 506.910, 84.220, 6
179, 527.780, 84.220, 6
180, 548.650, 84.220, 6
181, 569.520, 84.220, 6
182, 590.390, 84.220, 6
183, 611.260, 84.220, 6
184, 632.130, 84.220, 6
185, 653.000, 84.220, 6
186, 673.870, 84.220, 2
187, 694.740, 84.220, 2
188, 715.610, 84.220, 2
189, 736.480, 84.220, 2
190, 757.350, 84.220, 2
191, 778.220, 84.220, 2
192, 799.090, 84.220, 2
193, 819.960, 84.220, 2
194, 840.830, 84.220, 2
195, 861.700, 84.220, 2
196, 882.570, 84.220, 2
197, 903.440, 84.220, 2
198, 924.310, 84.220, 2
199, 235.600, 92.720, 5
200, 256.470, 92.720, 5
201, 277.340, 92.720, 5
202, 298.210, 92.720, 5
203, 319.080, 92.720, 5
204, 339.950, 92.720, 5
205, 360.820, 92.720, 5
206, 381.690, 92.720, 5
207, 402.560, 92.720, 5
208, 423.430, 92.720, 5
209, 444.300, 92.720, 6
210, 465.170, 92.720, 6
211, 486.040, 92.720, 6
212, 506.910, 92.720, 6
213, 527.780, 92.720, 6
214, 548.650, 92.720, 6
215, 569.520, 92.720, 6
216, 590.390, 92.720, 6
217, 611.260, 92.720, 6
218, 632.130, 92.720, 6
219, 653.000, 92.720, 6
220, 673.870, 92.720, 2
221, 694.740, 92.720, 2
222, 715.610, 92.720, 2
223, 736.480, 92.720, 2
224, 757.350, 92.720, 2
225, 778.220, 92.720, 2
226, 799.090, 92.720, 2
227, 819.960, 92.720, 2
228, 840.830, 92.720, 2
229, 861.700, 92.720, 2
230, 882.570, 92.720, 2
231, 903.440, 92.720, 2
232, 924.310, 92.720, 2
233, 214.730, 101.220, 5
234, 235.600, 101.220, 5
235, 256.470, 101.220, 5
236, 277.340, 101.220, 5
237, 298.210, 101.220, 5
238, 319.080, 101.220, 5
239, 339.950, 101.220, 5
240, 360.820, 101.220, 5
241, 381.690, 101.220, 5
242, 402.560, 101.220, 5
243, 423.430, 101.220, 5
244, 444.300, 101.220, 6
245, 465.170, 101.220, 6
246, 486.040, 101.220, 6
247, 506.910, 101.220, 6
248, 527.780, 101.220, 6
249, 548.650, 101.220, 6
250, 569.520, 101.220, 6
251, 590.390, 101.220, 6
252, 611.260, 101.220, 6
253, 632.130, 101.220, 6
254, 653.000, 101.220, 6
255, 673.870, 101.220, 2
256, 694.740, 101.220, 2
257, 715.610, 101.220, 2
258, 736.480, 101.220, 2
259, 757.350, 101.220, 2
260, 778.220, 101.220, 2
261, 799.090, 101.220, 2
262, 819.960, 101.220, 2
263, 840.830, 101.220, 2
264, 861.700, 101.220, 2
265, 882.570, 101.220, 2
266, 903.440, 101.220, 2
267, 924.310, 101.220, 2
268, 945.180, 101.220, 2
269, 235.600, 109.720, 5
270, 256.470, 109.720, 5
271, 277.340, 109.720, 5
272, 298.210, 109.720, 5
273, 319.080, 109.720, 5
274, 339.950, 109.720, 5
275, 360.820, 109.720, 5
276, 381.690, 109.720, 5
277, 402.560, 109.720, 5
278, 423.430, 109.720, 5
279, 444.300, 109.720, 5
280, 465.170, 109.720, 6
281, 486.040, 109.720, 6
282, 506.910, 109.720, 6
283, 527.780, 109.720, 6
284, 548.650, 109.720, 6
285, 569.520, 109.720, 6
286, 590.390, 109.720, 6
287, 611.260, 109.720, 6
288, 632.130, 109.720, 6
289, 653.000, 109.720, 6
290, 673.870, 109.720, 2
291, 694.740, 109.720, 2
292, 715.610, 109.720, 2
293, 736.480, 109.720, 2
294, 757.350, 109.720, 2
295, 778.220, 109.720, 2
296, 799.090, 109.720, 2
297, 819.960, 109.720, 2
298, 840.830, 109.720, 2
299, 861.700, 109.720, 2
300, 882.570, 109.720, 2
301, 903.440, 109.720, 2
302, 924.310, 109.720, 2
303, 945.180, 109.720, 2
304, 966.050, 109.720, 2
305, 235.600, 118.220, 5
306, 256.470, 118.220, 5
307, 277.340, 118.220, 5
308, 298.210, 118.220, 5
309, 319.080, 118.220, 5
310, 339.950, 118.220, 5
311, 360.820, 118.220, 5
312, 381.690, 118.220, 5
313, 402.560, 118.220, 5
314, 423.430, 118.220, 5
315, 444.300, 118.220, 5
316, 465.170, 118.220, 3
317, 486.040, 118.220, 3
318, 506.910, 118.220, 3
319, 527.780, 118.220, 4
320, 548.650, 118.220, 4
321, 569.520, 118.220, 4
322, 590.390, 118.220, 4
323, 611.260, 118.220, 4
324, 632.130, 118.220, 4
325, 653.000, 118.220, 4
326, 673.870, 118.220, 4
327, 694.740, 118.220, 4
328, 715.610, 118.220, 4
329, 736.480, 118.220, 2
330, 757.350, 118.220, 2
331, 778.220, 118.220, 2
332, 799.090, 118.220, 2
333, 819.960, 118.220, 2
334, 840.830, 118.220, 2
335, 861.700, 118.220, 2
336, 882.570, 118.220, 2
337, 903.440, 118.220, 2
338, 924.310, 118.220, 2
339, 945.180, 118.220, 2
340, 966.050, 118.220, 2
341, 256.470, 126.720, 3
342, 277.340, 126.720, 3
343, 298.210, 126.720, 3
344, 319.080, 126.720, 3
345, 339.950, 126.720, 3
346, 360.820, 126.720, 3
347, 381.690, 126.720, 3
348, 402.560, 126.720, 3
349, 423.430, 126.720, 3
350, 444.300, 126.720, 3
351, 465.170, 126.720, 3
352, 486.040, 126.720, 3
353, 506.910, 126.720, 3
354, 527.780, 126.720, 4
355, 548.650, 126.720, 4
356, 569.520, 126.720, 4
357, 590.390, 126.720, 4
358, 611.260, 126.720, 4
359, 632.130, 126.720, 4
360, 653.000, 126.720, 4
361, 673.870, 126.720, 4
362, 694.740, 126.720, 4
363, 715.610, 126.720, 4
364, 736.480, 126.720, 4
365, 757.350, 126.720, 4
366, 778.220, 126.720, 1
367, 799.090, 126.720, 1
368, 819.960, 126.720, 1
369, 840.830, 126.720, 1
370, 861.700, 126.720, 1
371, 882.570, 126.720, 1
372, 903.440, 126.720, 1
373, 924.310, 126.720, 1
374, 945.180, 126.720, 1
375, 966.050, 126.720, 1
376, 986.920, 126.720, 1
377, 256.470, 135.220, 3
378, 277.340, 135.220, 3
379, 298.210, 135.220, 3
380, 319.080, 135.220, 3
381, 339.950, 135.220, 3
382, 360.820, 135.220, 3
383, 381.690, 135.220, 3
384, 402.560, 135.220, 3
385, 423.430, 135.220, 3
386, 444.300, 135.220, 3
387, 465.170, 135.220, 3
388, 486.040, 135.220, 3
389, 506.910, 135.220, 3
390, 527.780, 135.220, 4
391, 548.650, 135.220, 4
392, 569.520, 135.220, 4
393, 590.390, 135.220, 4
394, 611.260, 135.220, 4
395, 632.130, 135.220, 4
396, 653.000, 135.220, 4
397, 673.870, 135.220, 4
398, 694.740, 135.220, 4
399, 715.610, 135.220, 4
400, 736.480, 135.220, 4
401, 757.350, 135.220, 4
402, 778.220, 135.220, 1
403, 799.090, 135.220, 1
404, 819.960, 135.220, 1
405, 840.830, 135.220, 1
406, 861.700, 135.220, 1
407, 882.570, 135.220, 1
408, 903.440, 135.220, 1
409, 924.310, 135.220, 1
410, 945.180, 135.220, 1
411, 966.050, 135.220, 1
412, 986.920, 135.220, 1
413, 277.340, 143.720, 3
414, 298.210, 143.720, 3
415, 319.080, 143.720, 3
416, 339.950, 143.720, 3
417, 360.820, 143.720, 3
418, 381.690, 143.720, 3
419, 402.560, 143.720, 3
420, 423.430, 143.720, 3
421, 444.300, 143.720, 3
422, 465.170, 143.720, 3
423, 486.040, 143.720, 3
424, 506.910, 143.720, 3
425, 527.780, 143.720, 4
426, 548.650, 143.720, 4
427, 569.520, 143.720, 4
428, 590.390, 143.720, 4
429, 611.260, 143.720, 4
430, 632.130, 143.720, 4
431, 653.000, 143.720, 4
432, 673.870, 143.720, 4
433, 694.740, 143.720, 4
434, 715.610, 143.720, 4
435, 736.480, 143.720, 4
436, 757.350, 143.720, 4
437, 778.220, 143.720, 1
438, 799.090, 143.720, 1
439, 819.960, 143.720, 1
440, 840.830, 143.720, 1
441, 861.700, 143.720, 1
442, 882.570, 143.720, 1
443, 903.440, 143.720, 1
444, 924.310, 143.720, 1
445, 945.180, 143.720, 1
446, 966.050, 143.720, 1
447, 986.920, 143.720, 1
448, 1007.790, 143.720, 1
449, 277.340, 152.220, 3
450, 298.210, 152.220, 3
451, 319.080, 152.220, 3
452, 339.950, 152.220, 3
453, 360.820, 152.220, 3
454, 381.690, 152.220, 3
455, 402.560, 152.220, 3
456, 423.430, 152.220, 3
457, 444.300, 152.220, 3
458, 465.170, 152.220, 3
459, 486.040, 152.220, 3
460, 506.910, 152.220, 3
461, 527.780, 152.220, 4
462, 548.650, 152.220, 4
463, 569.520, 152.220, 4
464, 590.390, 152.220, 4
465, 611.260, 152.220, 4
466, 632.130, 152.220, 4
467, 653.000, 152.220, 4
468, 673.870, 152.220, 4
469, 694.740, 152.220, 4
470, 715.610, 152.220, 4
471, 736.480, 152.220, 4
472, 757.350, 152.220, 4
473, 778.220, 152.220, 1
474, 799.090, 152.220, 1
475, 819.960, 152.220, 1
476, 840.830, 152.220, 1
477, 861.700, 152.220, 1
478, 882.570, 152.220, 1
479, 903.440, 152.220, 1
480, 924.310, 152.220, 1
481, 945.180, 152.220, 1
482, 966.050, 152.220, 1
483, 986.920, 152.220, 1
484, 1007.790, 152.220, 1
485, 1028.660, 152.220, 1
486, 277.340, 160.720, 3
487, 298.210, 160.720, 3
488, 319.080, 160.720, 3
489, 339.950, 160.720, 3
490, 360.820, 160.720, 3
491, 381.690, 160.720, 3
492, 402.560, 160.720, 3
493, 423.430, 160.720, 3
494, 444.300, 160.720, 3
495, 465.170, 160.720, 3
496, 486.040, 160.720, 3
497, 506.910, 160.720, 3
498, 527.780, 160.720, 4
499, 548.650, 160.720, 4
500, 569.520, 160.720, 4
501, 590.390, 160.720, 4
502, 611.260, 160.720, 4
503, 632.130, 160.720, 4
504, 653.000, 160.720, 4
505, 673.870, 160.720, 4
506, 694.740, 160.720, 4
507, 715.610, 160.720, 4
508, 736.480, 160.720, 4
509, 757.350, 160.720, 4
510, 778.220, 160.720, 1
511, 799.090, 160.720, 1
512, 819.960, 160.720, 1
513, 840.830, 160.720, 1
514, 861.700, 160.720, 1
515, 882.570, 160.720, 1
516, 903.440, 160.720, 1
517, 924.310, 160.720, 1
518, 945.180, 160.720, 1
519, 966.050, 160.720, 1
520, 986.920, 160.720, 1
521, 1007.790, 160.720, 1
522, 298.210, 169.220, 3
523, 319.080, 169.220, 3
524, 339.950, 169.220, 3
525, 360.820, 169.220, 3
526, 381.690, 169.220, 3
527, 402.560, 169.220, 3
528, 423.430, 169.220, 3
529, 444.300, 169.220, 3
530, 465.170, 169.220, 3
531, 486.040, 169.220, 3
532, 506.910, 169.220, 3
533, 527.780, 169.220, 4
534, 548.650, 169.220, 4
535, 569.520, 169.220, 4
536, 590.390, 169.220, 4
537, 611.260, 169.220, 4
538, 632.130, 169.220, 4
539, 653.000, 169.220, 4
540, 673.870, 169.220, 4
541, 694.740, 169.220, 4
542, 715.610, 169.220, 4
543, 736.480, 169.220, 4
544, 757.350, 169.220, 4
545, 778.220, 169.220, 1
546, 799.090, 169.220, 1
547, 819.960, 169.220, 1
548, 840.830, 169.220, 1
549, 861.700, 169.220, 1
550, 882.570, 169.220, 1
551, 903.440, 169.220, 1
552, 924.310, 169.220, 1
553, 945.180, 169.220, 1
554, 966.050, 169.220, 1
555, 986.920, 169.220, 1
556, 1007.790, 169.220, 1
557, 298.210, 177.720, 3
558, 319.080, 177.720, 3
559, 339.950, 177.720, 3
560, 360.820, 177.720, 3
561, 381.690, 177.720, 3
562, 402.560, 177.720, 3
563, 423.430, 177.720, 3
564, 444.300, 177.720, 3
565, 465.170, 177.720, 3
566, 486.040, 177.720, 3
567, 506.910, 177.720, 3
568, 527.780, 177.720, 4
569, 548.650, 177.720, 4
570, 569.520, 177.720, 4
571, 590.390, 177.720, 4
572, 611.260, 177.720, 4
573, 632.130, 177.720, 4
574, 653.000, 177.720, 4
575, 673.870, 177.720, 4
576, 694.740, 177.720, 4
577, 715.610, 177.720, 4
578, 736.480, 177.720, 4
579, 757.350, 177.720, 4
580, 778.220, 177.720, 1
581, 799.090, 177.720, 1
582, 819.960, 177.720, 1
583, 840.830, 177.720, 1
584, 861.700, 177.720, 1
585, 882.570, 177.720, 1
586, 903.440, 177.720, 1
587, 924.310, 177.720, 1
588, 945.180, 177.720, 1
589, 966.050, 177.720, 1
590, 986.920, 177.720, 1
591, 1007.790, 177.720, 1
592, 319.080, 186.220, 3
593, 339.950, 186.220, 3
594, 360.820, 186.220, 3
595, 381.690, 186.220, 3
596, 402.560, 186.220, 3
597, 423.430, 186.220, 3
598, 444.300, 186.220, 3
599, 465.170, 186.220, 3
600, 486.040, 186.220, 3
601, 506.910, 186.220, 3
602, 527.780, 186.220, 4
603, 548.650, 186.220, 4
604, 569.520, 186.220, 4
605, 590.390, 186.220, 4
606, 611.260, 186.220, 4
607, 632.130, 186.220, 4
608, 653.000, 186.220, 4
609, 673.870, 186.220, 4
610, 694.740, 186.220, 4
611, 715.610, 186.220, 4
612, 736.480, 186.220, 4
613, 757.350, 186.220, 4
614, 778.220, 186.220, 1
615, 799.090, 186.220, 1
616, 819.960, 186.220, 1
617, 840.830, 186.220, 1
618, 861.700, 186.220, 1
619, 882.570, 186.220, 1
620, 903.440, 186.220, 1
621, 924.310, 186.220, 1
622, 945.180, 186.220, 1
623, 966.050, 186.220, 1
624, 986.920, 186.220, 1
625, 1007.790, 186.220, 1
626, 319.080, 194.720, 3
627, 339.950, 194.720, 3
628, 360.820, 194.720, 3
629, 381.690, 194.720, 3
630, 402.560, 194.720, 3
631, 423.430, 194.720, 3
632, 444.300, 194.720, 3
633, 465.170, 194.720, 3
634, 486.040, 194.720, 3
635, 506.910, 194.720, 3
636, 527.780, 194.720, 3
637, 548.650, 194.720, 4
638, 569.520, 194.720, 4
639, 590.390, 194.720, 4
640, 611.260, 194.720, 10
641, 632.130, 194.720, 10
642, 653.000, 194.720, 10
643, 673.870, 194.720, 10
644, 694.740, 194.720, 10
645, 715.610, 194.720, 10
646, 736.480, 194.720, 10
647, 757.350, 194.720, 10
648, 778.220, 194.720, 10
649, 799.090, 194.720, 1
650, 819.960, 194.720, 1
651, 840.830, 194.720, 1
652, 861.700, 194.720, 1
653, 882.570, 194.720, 1
654, 903.440, 194.720, 1
655, 924.310, 194.720, 1
656, 945.180, 194.720, 1
657, 966.050, 194.720, 1
658, 986.920, 194.720, 1
659, 1007.790, 194.720, 1
660, 319.080, 203.220, 3
661, 339.950, 203.220, 7
662, 360.820, 203.220, 7
663, 381.690, 203.220, 7
664, 402.560, 203.220, 7
665, 423.430, 203.220, 7
666, 444.300, 203.220, 7
667, 465.170, 203.220, 7
668, 486.040, 203.220, 7
669, 506.910, 203.220, 7
670, 527.780, 203.220, 7
671, 548.650, 203.220, 7
672, 569.520, 203.220, 10
673, 590.390, 203.220, 10
674, 611.260, 203.220, 10
675, 632.130, 203.220, 10
676, 653.000, 203.220, 10
677, 673.870, 203.220, 10
678, 694.740, 203.220, 10
679, 715.610, 203.220, 10
680, 736.480, 203.220, 10
681, 757.350, 203.220, 10
682, 778.220, 203.220, 10
683, 799.090, 203.220, 1
684, 819.960, 203.220, 1
685, 840.830, 203.220, 1
686, 861.700, 203.220, 9
687, 882.570, 203.220, 9
688, 903.440, 203.220, 9
689, 924.310, 203.220, 9
690, 945.180, 203.220, 9
691, 966.050, 203.220, 9
692, 986.920, 203.220, 9
693, 1007.790, 203.220, 9
694, 339.950, 211.720, 7
695, 360.820, 211.720, 7
696, 381.690, 211.720, 7
697, 402.560, 211.720, 7
698, 423.430, 211.720, 7
699, 444.300, 211.720, 7
700, 465.170, 211.720, 7
701, 486.040, 211.720, 7
702, 506.910, 211.720, 7
703, 527.780, 211.720, 7
704, 548.650, 211.720, 7
705, 569.520, 211.720, 10
706, 590.390, 211.720, 10
707, 611.260, 211.720, 10
708, 632.130, 211.720, 10
709, 653.000, 211.720, 10
710, 673.870, 211.720, 10
711, 694.740, 211.720, 10
712, 715.610, 211.720, 10
713, 736.480, 211.720, 10
714, 757.350, 211.720, 10
715, 778.220, 211.720, 10
716, 799.090, 211.720, 9
717, 819.960, 211.720, 9
718, 840.830, 211.720, 9
719, 861.700, 211.720, 9
720, 882.570, 211.720, 9
721, 903.440, 211.720, 9
722, 924.310, 211.720, 9
723, 945.180, 211.720, 9
724, 966.050, 211.720, 9
725, 986.920, 211.720, 9
726, 1007.790, 211.720, 9
727, 339.950, 220.220, 7
728, 360.820, 220.220, 7
729, 381.690, 220.220, 7
730, 402.560, 220.220, 7
731, 423.430, 220.220, 7
732, 444.300, 220.220, 7
733, 465.170, 220.220, 7
734, 486.040, 220.220, 7
735, 506.910, 220.220, 7
736, 527.780, 220.220, 7
737, 548.650, 220.220, 7
738, 569.520, 220.220, 10
739, 590.390, 220.220, 10
740, 611.260, 220.220, 10
741, 632.130, 220.220, 10
742, 653.000, 220.220, 10
743, 673.870, 220.220, 10
744, 694.740, 220.220, 10
745, 715.610, 220.220, 10
746, 736.480, 220.220, 10
747, 757.350, 220.220, 10
748, 778.220, 220.220, 10
749, 799.090, 220.220, 9
750, 819.960, 220.220, 9
751, 840.830, 220.220, 9
752, 861.700, 220.220, 9
753, 882.570, 220.220, 9
754, 903.440, 220.220, 9
755, 924.310, 220.220, 9
756, 945.180, 220.220, 9
757, 966.050, 220.220, 9
758, 986.920, 220.220, 9
759, 1007.790, 220.220, 9
760, 360.820, 228.720, 7
761, 381.690, 228.720, 7
762, 402.560, 228.720, 7
763, 423.430, 228.720, 7
764, 444.300, 228.720, 7
765, 465.170, 228.720, 7
766, 486.040, 228.720, 7
767, 506.910, 228.720, 7
768, 527.780, 228.720, 7
769, 548.650, 228.720, 7
770, 569.520, 228.720, 10
771, 590.390, 228.720, 10
772, 611.260, 228.720, 10
773, 632.130, 228.720, 10
774, 653.000, 228.720, 10
775, 673.870, 228.720, 10
776, 694.740, 228.720, 10
777, 715.610, 228.720, 10
778, 736.480, 228.720, 10
779, 757.350, 228.720, 10
780, 778.220, 228.720, 10
781, 799.090, 228.720, 9
782, 819.960, 228.720, 9
783, 840.830, 228.720, 9
784, 861.700, 228.720, 9
785, 882.570, 228.720, 9
786, 903.440, 228.720, 9
787, 924.310, 228.720, 9
788, 945.180, 228.720, 9
789, 966.050, 228.720, 9
790, 986.920, 228.720, 9
791, 1007.790, 228.720, 9
792, 360.820, 237.220, 7
793, 381.690, 237.220, 7
794, 402.560, 237.220, 7
795, 423.430, 237.220, 7
796, 444.300, 237.220, 7
797, 465.170, 237.220, 7
798, 486.040, 237.220, 7
799, 506.910, 237.220, 7
800, 527.780, 237.220, 7
801, 548.650, 237.220, 7
802, 569.520, 237.220, 10
803, 590.390, 237.220, 10
804, 611.260, 237.220, 10
805, 632.130, 237.220, 10
806, 653.000, 237.220, 10
807, 673.870, 237.220, 10
808, 694.740, 237.220, 10
809, 715.610, 237.220, 10
810, 736.480, 237.220, 10
811, 757.350, 237.220, 10
812, 778.220, 237.220, 10
813, 799.090, 237.220, 9
814, 819.960, 237.220, 9
815, 840.830, 237.220, 9
816, 861.700, 237.220, 9
817, 882.570, 237.220, 9
818, 903.440, 237.220, 9
819, 924.310, 237.220, 9
820, 945.180, 237.220, 9
821, 966.050, 237.220, 9
822, 986.920, 237.220, 9
823, 1007.790, 237.220, 9
824, 360.820, 245.720, 7
825, 381.690, 245.720, 7
826, 402.560, 245.720, 7
827, 423.430, 245.720, 7
828, 444.300, 245.720, 7
829, 465.170, 245.720, 7
830, 486.040, 245.720, 7
831, 506.910, 245.720, 7
832, 527.780, 245.720, 7
833, 548.650, 245.720, 7
834, 569.520, 245.720, 10
835, 590.390, 245.720, 10
836, 611.260, 245.720, 10
837, 632.130, 245.720, 10
838, 653.000, 245.720, 10
839, 673.870, 245.720, 10
840, 694.740, 245.720, 10
841, 715.610, 245.720, 10
842, 736.480, 245.720, 10
843, 757.350, 245.720, 10
844, 778.220, 245.720, 10
845, 799.090, 245.720, 9
846, 819.960, 245.720, 9
847, 840.830, 245.720, 9
848, 861.700, 245.720, 9
849, 882.570, 245.720, 9
850, 903.440, 245.720, 9
851, 924.310, 245.720, 9
852, 945.180, 245.720, 9
853, 966.050, 245.720, 9
854, 986.920, 245.720, 9
855, 1007.790, 245.720, 9
856, 381.690, 254.220, 7
857, 402.560, 254.220, 7
858, 423.430, 254.220, 7
859, 444.300, 254.220, 7
860, 465.170, 254.220, 7
861, 486.040, 254.220, 7
862, 506.910, 254.220, 7
863, 527.780, 254.220, 7
864, 548.650, 254.220, 7
865, 569.520, 254.220, 10
866, 590.390, 254.220, 10
867, 611.260, 254.220, 10
868, 632.130, 254.220, 10
869, 653.000, 254.220, 10
870, 673.870, 254.220, 10
871, 694.740, 254.220, 10
872, 715.610, 254.220, 10
873, 736.480, 254.220, 10
874, 757.350, 254.220, 10
875, 778.220, 254.220, 10
876, 799.090, 254.220, 9
877, 819.960, 254.220, 9
878, 840.830, 254.220, 9
879, 861.700, 254.220, 9
880, 882.570, 254.220, 9
881, 903.440, 254.220, 9
882, 924.310, 254.220, 9
883, 945.180, 254.220, 9
884, 966.050, 254.220, 9
885, 986.920, 254.220, 9
886, 1007.790, 254.220, 9
887, 402.560, 262.720, 7
888, 423.430, 262.720, 7
889, 444.300, 262.720, 7
890, 465.170, 262.720, 7
891, 486.040, 262.720, 7
892, 506.910, 262.720, 7
893, 527.780, 262.720, 7
894, 548.650, 262.720, 7
895, 569.520, 262.720, 10
896, 590.390, 262.720, 10
897, 611.260, 262.720, 10
898, 632.130, 262.720, 10
899, 653.000, 262.720, 10
900, 673.870, 262.720, 10
901, 694.740, 262.720, 10
902, 715.610, 262.720, 10
903, 736.480, 262.720, 10
904, 757.350, 262.720, 10
905, 778.220, 262.720, 10
906, 799.090, 262.720, 9
907, 819.960, 262.720, 9
908, 840.830, 262.720, 9
909, 861.700, 262.720, 9
910, 882.570, 262.720, 9
911, 903.440, 262.720, 9
912, 924.310, 262.720, 9
913, 945.180, 262.720, 9
914, 966.050, 262.720, 9
915, 986.920, 262.720, 9
916, 1007.790, 262.720, 9
917, 423.430, 271.220, 7
918, 444.300, 271.220, 7
919, 465.170, 271.220, 7
920, 486.040, 271.220, 7
921, 506.910, 271.220, 7
922, 527.780, 271.220, 7
923, 548.650, 271.220, 7
924, 569.520, 271.220, 10
925, 590.390, 271.220, 10
926, 611.260, 271.220, 10
927, 632.130, 271.220, 10
928, 653.000, 271.220, 10
929, 673.870, 271.220, 10
930, 694.740, 271.220, 10
931, 715.610, 271.220, 10
932, 736.480, 271.220, 10
933, 757.350, 271.220, 10
934, 778.220, 271.220, 10
935, 799.090, 271.220, 9
936, 819.960, 271.220, 9
937, 840.830, 271.220, 9
938, 861.700, 271.220, 9
939, 882.570, 271.220, 9
940, 903.440, 271.220, 9
941, 924.310, 271.220, 9
942, 945.180, 271.220, 9
943, 966.050, 271.220, 9
944, 986.920, 271.220, 9
945, 1007.790, 271.220, 9
946, 423.430, 279.720, 7
947, 444.300, 279.720, 7
948, 465.170, 279.720, 7
949, 486.040, 279.720, 7
950, 506.910, 279.720, 7
951, 527.780, 279.720, 7
952, 548.650, 279.720, 7
953, 569.520, 279.720, 10
954, 590.390, 279.720, 11
955, 611.260, 279.720, 11
956, 632.130, 279.720, 11
957, 653.000, 279.720, 11
958, 673.870, 279.720, 11
959, 694.740, 279.720, 11
960, 715.610, 279.720, 11
961, 736.480, 279.720, 11
962, 757.350, 279.720, 11
963, 778.220, 279.720, 11
964, 799.090, 279.720, 9
965, 819.960, 279.720, 9
966, 840.830, 279.720, 9
967, 861.700, 279.720, 9
968, 882.570, 279.720, 9
969, 903.440, 279.720, 9
970, 924.310, 279.720, 9
971, 945.180, 279.720, 9
972, 966.050, 279.720, 9
973, 986.920, 279.720, 9
974, 1007.790, 279.720, 9
975, 444.300, 288.220, 7
976, 465.170, 288.220, 7
977, 486.040, 288.220, 7
978, 506.910, 288.220, 7
979, 527.780, 288.220, 7
980, 548.650, 288.220, 11
981, 569.520, 288.220, 11
982, 590.390, 288.220, 11
983, 611.260, 288.220, 11
984, 632.130, 288.220, 11
985, 653.000, 288.220, 11
986, 673.870, 288.220, 11
987, 694.740, 288.220, 11
988, 715.610, 288.220, 11
989, 736.480, 288.220, 11
990, 757.350, 288.220, 11
991, 778.220, 288.220, 11
992, 799.090, 288.220, 8
993, 819.960, 288.220, 8
994, 840.830, 288.220, 8
995, 861.700, 288.220, 8
996, 882.570, 288.220, 8
997, 903.440, 288.220, 8
998, 924.310, 288.220, 8
999, 945.180, 288.220, 8
1000, 966.050, 288.220, 8
1001, 986.920, 288.220, 9
1002, 1007.790, 288.220, 9
1003, 465.170, 296.720, 7
1004, 486.040, 296.720, 7
1005, 506.910, 296.720, 7
1006, 527.780, 296.720, 7
1007, 548.650, 296.720, 11
1008, 569.520, 296.720, 11
1009, 590.390, 296.720, 11
1010, 611.260, 296.720, 11
1011, 632.130, 296.720, 11
1012, 653.000, 296.720, 11
1013, 673.870, 296.720, 11
1014, 694.740, 296.720, 11
1015, 715.610, 296.720, 11
1016, 736.480, 296.720, 11
1017, 757.350, 296.720, 11
1018, 778.220, 296.720, 11
1019, 799.090, 296.720, 8
1020, 819.960, 296.720, 8
1021, 840.830, 296.720, 8
1022, 861.700, 296.720, 8
1023, 882.570, 296.720, 8
1024, 903.440, 296.720, 8
1025, 924.310, 296.720, 8
1026, 945.180, 296.720, 8
1027, 966.050, 296.720, 8
1028, 986.920, 296.720, 8
1029, 486.040, 305.220, 7
1030, 506.910, 305.220, 7
1031, 527.780, 305.220, 7
1032, 548.650, 305.220, 11
1033, 569.520, 305.220, 11
1034, 590.390, 305.220, 11
1035, 611.260, 305.220, 11
1036, 632.130, 305.220, 11
1037, 653.000, 305.220, 11
1038, 673.870, 305.220, 11
1039, 694.740, 305.220, 11
1040, 715.610, 305.220, 11
1041, 736.480, 305.220, 11
1042, 757.350, 305.220, 11
1043, 778.220, 305.220, 11
1044, 799.090, 305.220, 8
1045, 819.960, 305.220, 8
1046, 840.830, 305.220, 8
1047, 861.700, 305.220, 8
1048, 882.570, 305.220, 8
1049, 903.440, 305.220, 8
1050, 924.310, 305.220, 8
1051, 945.180, 305.220, 8
1052, 966.050, 305.220, 8
1053, 986.920, 305.220, 8
1054, 506.910, 313.720, 7
1055, 527.780, 313.720, 7
1056, 548.650, 313.720, 11
1057, 569.520, 313.720, 11
1058, 590.390, 313.720, 11
1059, 611.260, 313.720, 11
1060, 632.130, 313.720, 11
1061, 653.000, 313.720, 11
1062, 673.870, 313.720, 11
1063, 694.740, 313.720, 11
1064, 715.610, 313.720, 11
1065, 736.480, 313.720, 11
1066, 757.350, 313.720, 11
1067, 778.220, 313.720, 11
1068, 799.090, 313.720, 8
1069, 819.960, 313.720, 8
1070, 840.830, 313.720, 8
1071, 861.700, 313.720, 8
1072, 882.570, 313.720, 8
1073, 903.440, 313.720, 8
1074, 924.310, 313.720, 8
1075, 945.180, 313.720, 8
1076, 966.050, 313.720, 8
1077, 986.920, 313.720, 8
1078, 527.780, 322.220, 7
1079, 548.650, 322.220, 11
1080, 569.520, 322.220, 11
1081, 590.390, 322.220, 11
1082, 611.260, 322.220, 11
1083, 632.130, 322.220, 11
1084, 653.000, 322.220, 11
1085, 673.870, 322.220, 11
1086, 694.740, 322.220, 11
1087, 715.610, 322.220, 11
1088, 736.480, 322.220, 11
1089, 757.350, 322.220, 11
1090, 778.220, 322.220, 11
1091, 799.090, 322.220, 8
1092, 819.960, 322.220, 8
1093, 840.830, 322.220, 8
1094, 861.700, 322.220, 8
1095, 882.570, 322.220, 8
1096, 903.440, 322.220, 8
1097, 924.310, 322.220, 8
1098, 945.180, 322.220, 8
1099, 966.050, 322.220, 8
1100, 986.920, 322.220, 8
1101, 548.650, 330.720, 11
1102, 569.520, 330.720, 11
1103, 590.390, 330.720, 11
1104, 611.260, 330.720, 11
1105, 632.130, 330.720, 11
1106, 653.000, 330.720, 11
1107, 673.870, 330.720, 11
1108, 694.740, 330.720, 11
1109, 715.610, 330.720, 11
1110, 736.480, 330.720, 11
1111, 757.350, 330.720, 11
1112, 778.220, 330.720, 11
1113, 799.090, 330.720, 8
1114, 819.960, 330.720, 8
1115, 840.830, 330.720, 8
1116, 861.700, 330.720, 8
1117, 882.570, 330.720, 8
1118, 903.440, 330.720, 8
1119, 924.310, 330.720, 8
1120, 945.180, 330.720, 8
1121, 966.050, 330.720, 8
1122, 986.920, 330.720, 8
1123, 569.520, 339.220, 11
1124, 590.390, 339.220, 11
1125, 611.260, 339.220, 11
1126, 632.130, 339.220, 11
1127, 653.000, 339.220, 11
1128, 673.870, 339.220, 11
1129, 694.740, 339.220, 11
1130, 715.610, 339.220, 11
1131, 736.480, 339.220, 11
1132, 757.350, 339.220, 11
1133, 778.220, 339.220, 11
1134, 799.090, 339.220, 8
1135, 819.960, 339.220, 8
1136, 840.830, 339.220, 8
1137, 861.700, 339.220, 8
1138, 882.570, 339.220, 8
1139, 903.440, 339.220, 8
1140, 924.310, 339.220, 8
1141, 945.180, 339.220, 8
1142, 966.050, 339.220, 8
1143, 986.920, 339.220, 8
1144, 632.130, 347.720, 11
1145, 653.000, 347.720, 11
1146, 673.870, 347.720, 11
1147, 694.740, 347.720, 11
1148, 715.610, 347.720, 11
1149, 736.480, 347.720, 11
1150, 757.350, 347.720, 11
1151, 778.220, 347.720, 11
1152, 799.090, 347.720, 8
1153, 819.960, 347.720, 8
1154, 840.830, 347.720, 8
1155, 861.700, 347.720, 8
1156, 882.570, 347.720, 8
1157, 903.440, 347.720, 8
1158, 924.310, 347.720, 8
1159, 945.180, 347.720, 8
1160, 966.050, 347.720, 8
1161, 694.740, 356.220, 11
1162, 715.610, 356.220, 11
1163, 736.480, 356.220, 11
1164, 757.350, 356.220, 11
1165, 778.220, 356.220, 11
1166, 799.090, 356.220, 8
1167, 819.960, 356.220, 8
1168, 840.830, 356.220, 8
1169, 861.700, 356.220, 8
1170, 882.570, 356.220, 8
1171, 903.440, 356.220, 8
1172, 924.310, 356.220, 8
1173, 945.180, 356.220, 8
1174, 966.050, 356.220, 8
1175, 736.480, 364.720, 11
1176, 757.350, 364.720, 11
1177, 778.220, 364.720, 11
1178, 799.090, 364.720, 8
1179, 819.960, 364.720, 8
1180, 840.830, 364.720, 8
1181, 861.700, 364.720, 8
1182, 882.570, 364.720, 8
1183, 903.440, 364.720, 8
1184, 924.310, 364.720, 8
1185, 945.180, 364.720, 8
1186, 966.050, 364.720, 8
1187, 819.960, 373.220, 8
1188, 840.830, 373.220, 8
1189, 861.700, 373.220, 8
1190, 882.570, 373.220, 8
1191, 903.440, 373.220, 8
1192, 924.310, 373.220, 8
1193, 945.180, 373.220, 8
1194, 966.050, 373.220, 8
1195, 861.700, 381.720, 8
1196, 882.570, 381.720, 8
1197, 903.440, 381.720, 8
1198, 924.310, 381.720, 8
1199, 945.180, 381.720, 8
