1, 289.760, 9.090, 8
2, 310.630, 9.090, 8
3, 331.500, 9.090, 8
4, 352.370, 9.090, 8
5, 373.240, 9.090, 8
6, 394.110, 9.090, 8
7, 414.980, 9.090, 8
8, 435.850, 9.090, 8
9, 456.720, 9.090, 9
10, 477.590, 9.090, 9
11, 498.460, 9.090, 9
12, 519.330, 9.090, 9
13, 540.200, 9.090, 9
14, 561.070, 9.090, 9
15, 581.940, 9.090, 9
16, 602.810, 9.090, 9
17, 623.680, 9.090, 9
18, 268.890, 17.590, 8
19, 289.760, 17.590, 8
20, 310.630, 17.590, 8
21, 331.500, 17.590, 8
22, 352.370, 17.590, 8
23, 373.240, 17.590, 8
24, 394.110, 17.590, 8
25, 414.980, 17.590, 8
26, 435.850, 17.590, 8
27, 456.720, 17.590, 9
28, 477.590, 17.590, 9
29, 498.460, 17.590, 9
30, 519.330, 17.590, 9
31, 540.200, 17.590, 9
32, 561.070, 17.590, 9
33, 581.940, 17.590, 9
34, 602.810, 17.590, 9
35, 623.680, 17.590, 9
36, 268.890, 26.090, 8
37, 289.760, 26.090, 8
38, 310.630, 26.090, 8
39, 331.500, 26.090, 8
40, 352.370, 26.090, 8
41, 373.240, 26.090, 8
42, 394.110, 26.090, 8
43, 414.980, 26.090, 8
44, 435.850, 26.090, 8
45, 456.720, 26.090, 9
46, 477.590, 26.090, 9
47, 498.460, 26.090, 9
48, 519.330, 26.090, 9
49, 540.200, 26.090, 9
50, 561.070, 26.090, 9
51, 581.940, 26.090, 9
52, 602.810, 26.090, 9
53, 623.680, 26.090, 9
54, 644.550, 26.090, 9
55, 268.890, 34.590, 8
56, 289.760, 34.590, 8
57, 310.630, 34.590, 8
58, 331.500, 34.590, 8
59, 352.370, 34.590, 8
60, 373.240, 34.590, 8
61, 394.110, 34.590, 8
62, 414.980, 34.590, 8
63, 435.850, 34.590, 8
64, 456.720, 34.590, 9
65, 477.590, 34.590, 9
66, 498.460, 34.590, 9
67, 519.330, 34.590, 9
68, 540.200, 34.590, 9
69, 561.070, 34.590, 9
70, 581.940, 34.590, 9
71, 602.810, 34.590, 9
72, 623.680, 34.590, 9
73, 644.550, 34.590, 9
74, 248.020, 43.090, 8
75, 268.890, 43.090, 8
76, 289.760, 43.090, 8
77, 310.630, 43.090, 8
78, 331.500, 43.090, 8
79, 352.370, 43.090, 8
80, 373.240, 43.090, 8
81, 394.110, 43.090, 8
82, 414.980, 43.090, 8
83, 435.850, 43.090, 8
84, 456.720, 43.090, 9
85, 477.590, 43.090, 9
86, 498.460, 43.090, 9
87, 519.330, 43.090, 9
88, 540.200, 43.090, 9
89, 561.070, 43.090, 9
90, 581.940, 43.090, 9
91, 602.810, 43.090, 9
92, 623.680, 43.090, 9
93, 644.550, 43.090, 9
94, 665.420, 43.090, 9
95, 248.020, 51.590, 8
96, 268.890, 51.590, 8
97, 289.760, 51.590, 8
98, 310.630, 51.590, 8
99, 331.500, 51.590, 8
100, 352.370, 51.590, 8
101, 373.240, 51.590, 8
102, 394.110, 51.590, 8
103, 414.980, 51.590, 8
104, 435.850, 51.590, 8
105, 456.720, 51.590, 9
106, 477.590, 51.590, 9
107, 498.460, 51.590, 9
108, 519.330, 51.590, 9
109, 540.200, 51.590, 9
110, 561.070, 51.590, 9
111, 581.940, 51.590, 9
112, 602.810, 51.590, 9
113, 623.680, 51.590, 9
114, 644.550, 51.590, 9
115, 665.420, 51.590, 9
116, 227.150, 60.090, 8
117, 248.020, 60.090, 8
118, 268.890, 60.090, 8
119, 289.760, 60.090, 8
120, 310.630, 60.090, 8
121, 331.500, 60.090, 8
122, 352.370, 60.090, 8
123, 373.240, 60.090, 8
124, 394.110, 60.090, 8
125, 414.980, 60.090, 8
126, 435.850, 60.090, 8
127, 456.720, 60.090, 9
128, 477.590, 60.090, 9
129, 498.460, 60.090, 9
130, 519.330, 60.090, 9
131, 540.200, 60.090, 9
132, 561.070, 60.090, 9
133, 581.940, 60.090, 9
134, 602.810, 60.090, 9
135, 623.680, 60.090, 9
136, 644.550, 60.090, 9
137, 665.420, 60.090, 9
138, 686.290, 60.090, 9
139, 248.020, 68.590, 8
140, 268.890, 68.590, 8
141, 289.760, 68.590, 8
142, 310.630, 68.590, 8
143, 331.500, 68.590, 8
144, 352.370, 68.590, 8
145, 373.240, 68.590, 8
146, 394.110, 68.590, 8
147, 414.980, 68.590, 8
148, 435.850, 68.590, 8
149, 456.720, 68.590, 9
150, 477.590, 68.590, 9
151, 498.460, 68.590, 9
152, 519.330, 68.590, 9
153, 540.200, 68.590, 9
154, 561.070, 68.590, 9
155, 581.940, 68.590, 9
156, 602.810, 68.590, 9
157, 623.680, 68.590, 9
158, 644.550, 68.590, 9
159, 665.420, 68.590, 9
160, 227.150, 77.090, 8
161, 248.020, 77.090, 8
162, 268.890, 77.090, 8
163, 289.760, 77.090, 8
164, 310.630, 77.090, 8
165, 331.500, 77.090, 8
166, 352.370, 77.090, 8
167, 373.240, 77.090, 8
168, 394.110, 77.090, 8
169, 414.980, 77.090, 8
170, 435.850, 77.090, 8
171, 456.720, 77.090, 9
172, 477.590, 77.090, 9
173, 498.460, 77.090, 9
174, 519.330, 77.090, 9
175, 540.200, 77.090, 9
176, 561.070, 77.090, 9
177, 581.940, 77.090, 9
178, 602.810, 77.090, 9
179, 623.680, 77.090, 9
180, 644.550, 77.090, 9
181, 665.420, 77.090, 9
182, 227.150, 85.590, 8
183, 248.020, 85.590, 8
184, 268.890, 85.590, 8
185, 289.760, 85.590, 8
186, 310.630, 85.590, 8
187, 331.500, 85.590, 8
188, 352.370, 85.590, 8
189, 373.240, 85.590, 8
190, 394.110, 85.590, 8
191, 414.980, 85.590, 8
192, 435.850, 85.590, 8
193, 456.720, 85.590, 9
194, 477.590, 85.590, 9
195, 498.460, 85.590, 9
196, 519.330, 85.590, 9
197, 540.200, 85.590, 9
198, 561.070, 85.590, 9
199, 581.940, 85.590, 9
200, 602.810, 85.590, 9
201, 623.680, 85.590, 9
202, 644.550, 85.590, 9
203, 665.420, 85.590, 9
204, 686.290, 85.590, 9
205, 206.280, 94.090, 4
206, 227.150, 94.090, 8
207, 248.020, 94.090, 8
208, 268.890, 94.090, 8
209, 289.760, 94.090, 8
210, 310.630, 94.090, 8
211, 331.500, 94.090, 8
212, 352.370, 94.090, 8
213, 373.240, 94.090, 8
214, 394.110, 94.090, 8
215, 414.980, 94.090, 8
216, 435.850, 94.090, 8
217, 456.720, 94.090, 9
218, 477.590, 94.090, 9
219, 498.460, 94.090, 9
220, 519.330, 94.090, 7
221, 540.200, 94.090, 7
222, 561.070, 94.090, 7
223, 581.940, 94.090, 7
224, 602.810, 94.090, 7
225, 623.680, 94.090, 7
226, 644.550, 94.090, 7
227, 665.420, 94.090, 7
228, 686.290, 94.090, 7
229, 206.280, 102.590, 4
230, 227.150, 102.590, 4
231, 248.020, 102.590, 4
232, 268.890, 102.590, 4
233, 289.760, 102.590, 4
234, 310.630, 102.590, 4
235, 331.500, 102.590, 4
236, 352.370, 102.590, 4
237, 373.240, 102.590, 4
238, 394.110, 102.590, 4
239, 414.980, 102.590, 4
240, 435.850, 102.590, 4
241, 456.720, 102.590, 4
242, 477.590, 102.590, 7
243, 498.460, 102.590, 7
244, 519.330, 102.590, 7
245, 540.200, 102.590, 7
246, 561.070, 102.590, 7
247, 581.940, 102.590, 7
248, 602.810, 102.590, 7
249, 623.680, 102.590, 7
250, 644.550, 102.590, 7
251, 665.420, 102.590, 7
252, 686.290, 102.590, 7
253, 707.160, 102.590, 7
254, 206.280, 111.090, 4
255, 227.150, 111.090, 4
256, 248.020, 111.090, 4
257, 268.890, 111.090, 4
258, 289.760, 111.090, 4
259, 310.630, 111.090, 4
260, 331.500, 111.090, 4
261, 352.370, 111.090, 4
262, 373.240, 111.090, 4
263, 394.110, 111.090, 4
264, 414.980, 111.090, 4
265, 435.850, 111.090, 4
266, 456.720, 111.090, 4
267, 477.590, 111.090, 7
268, 498.460, 111.090, 7
269, 519.330, 111.090, 7
270, 540.200, 111.090, 7
271, 561.070, 111.090, 7
272, 581.940, 111.090, 7
273, 602.810, 111.090, 7
274, 623.680, 111.090, 7
275, 644.550, 111.090, 7
276, 665.420, 111.090, 7
277, 686.290, 111.090, 7
278, 707.160, 111.090, 7
279, 206.280, 119.590, 4
280, 227.150, 119.590, 4
281, 248.020, 119.590, 4
282, 268.890, 119.590, 4
283, 289.760, 119.590, 4
284, 310.630, 119.590, 4
285, 331.500, 119.590, 4
286, 352.370, 119.590, 4
287, 373.240, 119.590, 4
288, 394.110, 119.590, 4
289, 414.980, 119.590, 4
290, 435.850, 119.590, 4
291, 456.720, 119.590, 4
292, 477.590, 119.590, 7
293, 498.460, 119.590, 7
294, 519.330, 119.590, 7
295, 540.200, 119.590, 7
296, 561.070, 119.590, 7
297, 581.940, 119.590, 7
298, 602.810, 119.590, 7
299, 623.680, 119.590, 7
300, 644.550, 119.590, 7
301, 665.420, 119.590, 7
302, 686.290, 119.590, 7
303, 707.160, 119.590, 7
304, 728.030, 119.590, 7
305, 206.280, 128.090, 4
306, 227.150, 128.090, 4
307, 248.020, 128.090, 4
308, 268.890, 128.090, 4
309, 289.760, 128.090, 4
310, 310.630, 128.090, 4
311, 331.500, 128.090, 4
312, 352.370, 128.090, 4
313, 373.240, 128.090, 4
314, 394.110, 128.090, 4
315, 414.980, 128.090, 4
316, 435.850, 128.090, 4
317, 456.720, 128.090, 4
318, 477.590, 128.090, 7
319, 498.460, 128.090, 7
320, 519.330, 128.090, 7
321, 540.200, 128.090, 7
322, 561.070, 128.090, 7
323, 581.940, 128.090, 7
324, 602.810, 128.090, 7
325, 623.680, 128.090, 7
326, 644.550, 128.090, 7
327, 665.420, 128.090, 7
328, 686.290, 128.090, 7
329, 707.160, 128.090, 7
330, 728.030, 128.090, 7
331, 185.410, 136.590, 4
332, 206.280, 136.590, 4
333, 227.150, 136.590, 4
334, 248.020, 136.590, 4
335, 268.890, 136.590, 4
336, 289.760, 136.590, 4
337, 310.630, 136.590, 4
338, 331.500, 136.590, 4
339, 352.370, 136.590, 4
340, 373.240, 136.590, 4
341, 394.110, 136.590, 4
342, 414.980, 136.590, 4
343, 435.850, 136.590, 4
344, 456.720, 136.590, 4
345, 477.590, 136.590, 7
346, 498.460, 136.590, 7
347, 519.330, 136.590, 7
348, 540.200, 136.590, 7
349, 561.070, 136.590, 7
350, 581.940, 136.590, 7
351, 602.810, 136.590, 7
352, 623.680, 136.590, 7
353, 644.550, 136.590, 7
354, 665.420, 136.590, 7
355, 686.290, 136.590, 7
356, 707.160, 136.590, 7
357, 728.030, 136.590, 7
358, 185.410, 145.090, 4
359, 206.280, 145.090, 4
360, 227.150, 145.090, 4
361, 248.020, 145.090, 4
362, 268.890, 145.090, 4
363, 289.760, 145.090, 4
364, 310.630, 145.090, 4
365, 331.500, 145.090, 4
366, 352.370, 145.090, 4
367, 373.240, 145.090, 4
368, 394.110, 145.090, 4
369, 414.980, 145.090, 4
370, 435.850, 145.090, 4
371, 456.720, 145.090, 4
372, 477.590, 145.090, 7
373, 498.460, 145.090, 7
374, 519.330, 145.090, 7
375, 540.200, 145.090, 7
376, 561.070, 145.090, 7
377, 581.940, 145.090, 7
378, 602.810, 145.090, 7
379, 623.680, 145.090, 7
380, 644.550, 145.090, 7
381, 665.420, 145.090, 7
382, 686.290, 145.090, 7
383, 707.160, 145.090, 7
384, 728.030, 145.090, 7
385, 748.900, 145.090, 7
386, 185.410, 153.590, 4
387, 206.280, 153.590, 4
388, 227.150, 153.590, 4
389, 248.020, 153.590, 4
390, 268.890, 153.590, 4
391, 289.760, 153.590, 4
392, 310.630, 153.590, 4
393, 331.500, 153.590, 4
394, 352.370, 153.590, 4
395, 373.240, 153.590, 4
396, 394.110, 153.590, 4
397, 414.980, 153.590, 4
398, 435.850, 153.590, 4
399, 456.720, 153.590, 4
400, 477.590, 153.590, 7
401, 498.460, 153.590, 7
402, 519.330, 153.590, 7
403, 540.200, 153.590, 7
404, 561.070, 153.590, 7
405, 581.940, 153.590, 7
406, 602.810, 153.590, 7
407, 623.680, 153.590, 7
408, 644.550, 153.590, 7
409, 665.420, 153.590, 7
410, 686.290, 153.590, 7
411, 707.160, 153.590, 7
412, 728.030, 153.590, 7
413, 748.900, 153.590, 7
414, 185.410, 162.090, 4
415, 206.280, 162.090, 4
416, 227.150, 162.090, 4
417, 248.020, 162.090, 4
418, 268.890, 162.090, 4
419, 289.760, 162.090, 4
420, 310.630, 162.090, 4
421, 331.500, 162.090, 4
422, 352.370, 162.090, 4
423, 373.240, 162.090, 4
424, 394.110, 162.090, 4
425, 414.980, 162.090, 4
426, 435.850, 162.090, 4
427, 456.720, 162.090, 4
428, 477.590, 162.090, 7
429, 498.460, 162.090, 7
430, 519.330, 162.090, 7
431, 540.200, 162.090, 7
432, 561.070, 162.090, 7
433, 581.940, 162.090, 7
434, 602.810, 162.090, 7
435, 623.680, 162.090, 7
436, 644.550, 162.090, 7
437, 665.420, 162.090, 10
438, 686.290, 162.090, 10
439, 707.160, 162.090, 10
440, 728.030, 162.090, 10
441, 748.900, 162.090, 10
442, 769.770, 162.090, 10
443, 185.410, 170.590, 1
444, 206.280, 170.590, 1
445, 227.150, 170.590, 1
446, 248.020, 170.590, 1
447, 268.890, 170.590, 1
448, 289.760, 170.590, 1
449, 310.630, 170.590, 1
450, 331.500, 170.590, 1
451, 352.370, 170.590, 1
452, 373.240, 170.590, 1
453, 394.110, 170.590, 6
454, 414.980, 170.590, 6
455, 435.850, 170.590, 6
456, 456.720, 170.590, 6
457, 477.590, 170.590, 6
458, 498.460, 170.590, 6
459, 519.330, 170.590, 6
460, 540.200, 170.590, 6
461, 561.070, 170.590, 6
462, 581.940, 170.590, 6
463, 602.810, 170.590, 10
464, 623.680, 170.590, 10
465, 644.550, 170.590, 10
466, 665.420, 170.590, 10
467, 686.290, 170.590, 10
468, 707.160, 170.590, 10
469, 728.030, 170.590, 10
470, 748.900, 170.590, 10
471, 769.770, 170.590, 10
472, 164.540, 179.090, 1
473, 185.410, 179.090, 1
474, 206.280, 179.090, 1
475, 227.150, 179.090, 1
476, 248.020, 179.090, 1
477, 268.890, 179.090, 1
478, 289.760, 179.090, 1
479, 310.630, 179.090, 1
480, 331.500, 179.090, 1
481, 352.370, 179.090, 1
482, 373.240, 179.090, 1
483, 394.110, 179.090, 6
484, 414.980, 179.090, 6
485, 435.850, 179.090, 6
486, 456.720, 179.090, 6
487, 477.590, 179.090, 6
488, 498.460, 179.090, 6
489, 519.330, 179.090, 6
490, 540.200, 179.090, 6
491, 561.070, 179.090, 6
492, 581.940, 179.090, 6
493, 602.810, 179.090, 10
494, 623.680, 179.090, 10
495, 644.550, 179.090, 10
496, 665.420, 179.090, 10
497, 686.290, 179.090, 10
498, 707.160, 179.090, 10
499, 728.030, 179.090, 10
500, 748.900, 179.090, 10
501, 769.770, 179.090, 10
502, 790.640, 179.090, 10
503, 164.540, 187.590, 1
504, 185.410, 187.590, 1
505, 206.280, 187.590, 1
506, 227.150, 187.590, 1
507, 248.020, 187.590, 1
508, 268.890, 187.590, 1
509, 289.760, 187.590, 1
510, 310.630, 187.590, 1
511, 331.500, 187.590, 1
512, 352.370, 187.590, 1
513, 373.240, 187.590, 1
514, 394.110, 187.590, 6
515, 414.980, 187.590, 6
516, 435.850, 187.590, 6
517, 456.720, 187.590, 6
518, 477.590, 187.590, 6
519, 498.460, 187.590, 6
520, 519.330, 187.590, 6
521, 540.200, 187.590, 6
522, 561.070, 187.590, 6
523, 581.940, 187.590, 6
524, 602.810, 187.590, 6
525, 623.680, 187.590, 10
526, 644.550, 187.590, 10
527, 665.420, 187.590, 10
528, 686.290, 187.590, 10
529, 707.160, 187.590, 10
530, 728.030, 187.590, 10
531, 748.900, 187.590, 10
532, 769.770, 187.590, 10
533, 790.640, 187.590, 10
534, 164.540, 196.090, 1
535, 185.410, 196.090, 1
536, 206.280, 196.090, 1
537, 227.150, 196.090, 1
538, 248.020, 196.090, 1
539, 268.890, 196.090, 1
540, 289.760, 196.090, 1
541, 310.630, 196.090, 1
542, 331.500, 196.090, 1
543, 352.370, 196.090, 1
544, 373.240, 196.090, 1
545, 394.110, 196.090, 6
546, 414.980, 196.090, 6
547, 435.850, 196.090, 6
548, 456.720, 196.090, 6
549, 477.590, 196.090, 6
550, 498.460, 196.090, 6
551, 519.330, 196.090, 6
552, 540.200, 196.090, 6
553, 561.070, 196.090, 6
554, 581.940, 196.090, 6
555, 602.810, 196.090, 6
556, 623.680, 196.090, 10
557, 644.550, 196.090, 10
558, 665.420, 196.090, 10
559, 686.290, 196.090, 10
560, 707.160, 196.090, 10
561, 728.030, 196.090, 10
562, 748.900, 196.090, 10
563, 769.770, 196.090, 10
564, 790.640, 196.090, 10
565, 164.540, 204.590, 1
566, 185.410, 204.590, 1
567, 206.280, 204.590, 1
568, 227.150, 204.590, 1
569, 248.020, 204.590, 1
570, 268.890, 204.590, 1
571, 289.760, 204.590, 1
572, 310.630, 204.590, 1
573, 331.500, 204.590, 1
574, 352.370, 204.590, 1
575, 373.240, 204.590, 1
576, 394.110, 204.590, 6
577, 414.980, 204.590, 6
578, 435.850, 204.590, 6
579, 456.720, 204.590, 6
580, 477.590, 204.590, 6
581, 498.460, 204.590, 6
582, 519.330, 204.590, 6
583, 540.200, 204.590, 6
584, 561.070, 204.590, 6
585, 581.940, 204.590, 6
586, 602.810, 204.590, 6
587, 623.680, 204.590, 10
588, 644.550, 204.590, 10
589, 665.420, 204.590, 10
590, 686.290, 204.590, 10
591, 707.160, 204.590, 10
592, 728.030, 204.590, 10
593, 748.900, 204.590, 10
594, 769.770, 204.590, 10
595, 790.640, 204.590, 10
596, 811.510, 204.590, 10
597, 164.540, 213.090, 1
598, 185.410, 213.090, 1
599, 206.280, 213.090, 1
600, 227.150, 213.090, 1
601, 248.020, 213.090, 1
602, 268.890, 213.090, 1
603, 289.760, 213.090, 1
604, 310.630, 213.090, 1
605, 331.500, 213.090, 1
606, 352.370, 213.090, 1
607, 373.240, 213.090, 1
608, 394.110, 213.090, 6
609, 414.980, 213.090, 6
610, 435.850, 213.090, 6
611, 456.720, 213.090, 6
612, 477.590, 213.090, 6
613, 498.460, 213.090, 6
614, 519.330, 213.090, 6
615, 540.200, 213.090, 6
616, 561.070, 213.090, 6
617, 581.940, 213.090, 6
618, 602.810, 213.090, 6
619, 623.680, 213.090, 10
620, 644.550, 213.090, 10
621, 665.420, 213.090, 10
622, 686.290, 213.090, 10
623, 707.160, 213.090, 10
624, 728.030, 213.090, 10
625, 748.900, 213.090, 10
626, 769.770, 213.090, 10
627, 790.640, 213.090, 10
628, 811.510, 213.090, 10
629, 143.670, 221.590, 1
630, 164.540, 221.590, 1
631, 185.410, 221.590, 1
632, 206.280, 221.590, 1
633, 227.150, 221.590, 1
634, 248.020, 221.590, 1
635, 268.890, 221.590, 1
636, 289.760, 221.590, 1
637, 310.630, 221.590, 1
638, 331.500, 221.590, 1
639, 352.370, 221.590, 1
640, 373.240, 221.590, 6
641, 394.110, 221.590, 6
642, 414.980, 221.590, 6
643, 435.850, 221.590, 6
644, 456.720, 221.590, 6
645, 477.590, 221.590, 6
646, 498.460, 221.590, 6
647, 519.330, 221.590, 6
648, 540.200, 221.590, 6
649, 561.070, 221.590, 6
650, 581.940, 221.590, 6
651, 602.810, 221.590, 6
652, 623.680, 221.590, 10
653, 644.550, 221.590, 10
654, 665.420, 221.590, 10
655, 686.290, 221.590, 10
656, 707.160, 221.590, 10
657, 728.030, 221.590, 10
658, 748.900, 221.590, 10
659, 769.770, 221.590, 10
660, 790.640, 221.590, 10
661, 811.510, 221.590, 10
662, 832.380, 221.590, 10
663, 143.670, 230.090, 1
664, 164.540, 230.090, 1
665, 185.410, 230.090, 1
666, 206.280, 230.090, 1
667, 227.150, 230.090, 1
668, 248.020, 230.090, 1
669, 268.890, 230.090, 1
670, 289.760, 230.090, 1
671, 310.630, 230.090, 1
672, 331.500, 230.090, 1
673, 352.370, 230.090, 1
674, 373.240, 230.090, 6
675, 394.110, 230.090, 6
676, 414.980, 230.090, 6
677, 435.850, 230.090, 6
678, 456.720, 230.090, 6
679, 477.590, 230.090, 6
680, 498.460, 230.090, 6
681, 519.330, 230.090, 6
682, 540.200, 230.090, 6
683, 561.070, 230.090, 6
684, 581.940, 230.090, 6
685, 602.810, 230.090, 6
686, 623.680, 230.090, 10
687, 644.550, 230.090, 10
688, 665.420, 230.090, 10
689, 686.290, 230.090, 10
690, 707.160, 230.090, 10
691, 728.030, 230.090, 10
692, 748.900, 230.090, 10
693, 769.770, 230.090, 10
694, 790.640, 230.090, 10
695, 811.510, 230.090, 10
696, 832.380, 230.090, 10
697, 143.670, 238.590, 1
698, 164.540, 238.590, 1
699, 185.410, 238.590, 1
700, 206.280, 238.590, 1
701, 227.150, 238.590, 1
702, 248.020, 238.590, 1
703, 268.890, 238.590, 1
704, 289.760, 238.590, 1
705, 310.630, 238.590, 1
706, 331.500, 238.590, 1
707, 352.370, 238.590, 1
708, 373.240, 238.590, 6
709, 394.110, 238.590, 6
710, 414.980, 238.590, 6
711, 435.850, 238.590, 6
712, 456.720, 238.590, 6
713, 477.590, 238.590, 6
714, 498.460, 238.590, 6
715, 519.330, 238.590, 6
716, 540.200, 238.590, 6
717, 561.070, 238.590, 6
718, 581.940, 238.590, 6
719, 602.810, 238.590, 6
720, 623.680, 238.590, 10
721, 644.550, 238.590, 10
722, 665.420, 238.590, 10
723, 686.290, 238.590, 10
724, 707.160, 238.590, 10
725, 728.030, 238.590, 10
726, 748.900, 238.590, 10
727, 769.770, 238.590, 10
728, 790.640, 238.590, 10
729, 811.510, 238.590, 10
730, 832.380, 238.590, 10
731, 853.250, 238.590, 10
732, 143.670, 247.090, 1
733, 164.540, 247.090, 1
734, 185.410, 247.090, 1
735, 206.280, 247.090, 1
736, 227.150, 247.090, 1
737, 248.020, 247.090, 1
738, 268.890, 247.090, 1
739, 289.760, 247.090, 1
740, 310.630, 247.090, 1
741, 331.500, 247.090, 1
742, 352.370, 247.090, 1
743, 373.240, 247.090, 6
744, 394.110, 247.090, 6
745, 414.980, 247.090, 6
746, 435.850, 247.090, 6
747, 456.720, 247.090, 6
748, 477.590, 247.090, 6
749, 498.460, 247.090, 6
750, 519.330, 247.090, 6
751, 540.200, 247.090, 6
752, 561.070, 247.090, 3
753, 581.940, 247.090, 3
754, 602.810, 247.090, 3
755, 623.680, 247.090, 10
756, 644.550, 247.090, 10
757, 665.420, 247.090, 10
758, 686.290, 247.090, 10
759, 707.160, 247.090, 10
760, 728.030, 247.090, 10
761, 748.900, 247.090, 10
762, 769.770, 247.090, 10
763, 790.640, 247.090, 10
764, 811.510, 247.090, 10
765, 832.380, 247.090, 10
766, 853.250, 247.090, 10
767, 143.670, 255.590, 5
768, 164.540, 255.590, 5
769, 185.410, 255.590, 5
770, 206.280, 255.590, 5
771, 227.150, 255.590, 5
772, 248.020, 255.590, 5
773, 268.890, 255.590, 5
774, 289.760, 255.590, 5
775, 310.630, 255.590, 5
776, 331.500, 255.590, 5
777, 352.370, 255.590, 5
778, 373.240, 255.590, 3
779, 394.110, 255.590, 3
780, 414.980, 255.590, 3
781, 435.850, 255.590, 3
782, 456.720, 255.590, 3
783, 477.590, 255.590, 3
784, 498.460, 255.590, 3
785, 519.330, 255.590, 3
786, 540.200, 255.590, 3
787, 561.070, 255.590, 3
788, 581.940, 255.590, 3
789, 602.810, 255.590, 3
790, 623.680, 255.590, 2
791, 644.550, 255.590, 2
792, 665.420, 255.590, 2
793, 686.290, 255.590, 2
794, 707.160, 255.590, 2
795, 728.030, 255.590, 2
796, 748.900, 255.590, 2
797, 769.770, 255.590, 2
798, 790.640, 255.590, 2
799, 811.510, 255.590, 2
800, 832.380, 255.590, 2
801, 853.250, 255.590, 2
802, 122.800, 264.090, 5
803, 143.670, 264.090, 5
804, 164.540, 264.090, 5
805, 185.410, 264.090, 5
806, 206.280, 264.090, 5
807, 227.150, 264.090, 5
808, 248.020, 264.090, 5
809, 268.890, 264.090, 5
810, 289.760, 264.090, 5
811, 310.630, 264.090, 5
812, 331.500, 264.090, 5
813, 352.370, 264.090, 5
814, 373.240, 264.090, 3
815, 394.110, 264.090, 3
816, 414.980, 264.090, 3
817, 435.850, 264.090, 3
818, 456.720, 264.090, 3
819, 477.590, 264.090, 3
820, 498.460, 264.090, 3
821, 519.330, 264.090, 3
822, 540.200, 264.090, 3
823, 561.070, 264.090, 3
824, 581.940, 264.090, 3
825, 602.810, 264.090, 3
826, 623.680, 264.090, 2
827, 644.550, 264.090, 2
828, 665.420, 264.090, 2
829, 686.290, 264.090, 2
830, 707.160, 264.090, 2
831, 728.030, 264.090, 2
832, 748.900, 264.090, 2
833, 769.770, 264.090, 2
834, 790.640, 264.090, 2
835, 811.510, 264.090, 2
836, 832.380, 264.090, 2
837, 853.250, 264.090, 2
838, 874.120, 264.090, 2
839, 122.800, 272.590, 5
840, 143.670, 272.590, 5
841, 164.540, 272.590, 5
842, 185.410, 272.590, 5
843, 206.280, 272.590, 5
844, 227.150, 272.590, 5
845, 248.020, 272.590, 5
846, 268.890, 272.590, 5
847, 289.760, 272.590, 5
848, 310.630, 272.590, 5
849, 331.500, 272.590, 5
850, 352.370, 272.590, 5
851, 373.240, 272.590, 3
852, 394.110, 272.590, 3
853, 414.980, 272.590, 3
854, 435.850, 272.590, 3
855, 456.720, 272.590, 3
856, 477.590, 272.590, 3
857, 498.460, 272.590, 3
858, 519.330, 272.590, 3
859, 540.200, 272.590, 3
860, 561.070, 272.590, 3
861, 581.940, 272.590, 3
862, 602.810, 272.590, 3
863, 623.680, 272.590, 2
864, 644.550, 272.590, 2
865, 665.420, 272.590, 2
866, 686.290, 272.590, 2
867, 707.160, 272.590, 2
868, 728.030, 272.590, 2
869, 748.900, 272.590, 2
870, 769.770, 272.590, 2
871, 790.640, 272.590, 2
872, 811.510, 272.590, 2
873, 832.380, 272.590, 2
874, 853.250, 272.590, 2
875, 874.120, 272.590, 2
876, 122.800, 281.090, 5
877, 143.670, 281.090, 5
878, 164.540, 281.090, 5
879, 185.410, 281.090, 5
880, 206.280, 281.090, 5
881, 227.150, 281.090, 5
882, 248.020, 281.090, 5
883, 268.890, 281.090, 5
884, 289.760, 281.090, 5
885, 310.630, 281.090, 5
886, 331.500, 281.090, 5
887, 352.370, 281.090, 5
888, 373.240, 281.090, 3
889, 394.110, 281.090, 3
890, 414.980, 281.090, 3
891, 435.850, 281.090, 3
892, 456.720, 281.090, 3
893, 477.590, 281.090, 3
894, 498.460, 281.090, 3
895, 519.330, 281.090, 3
896, 540.200, 281.090, 3
897, 561.070, 281.090, 3
898, 581.940, 281.090, 3
899, 602.810, 281.090, 3
900, 623.680, 281.090, 2
901, 644.550, 281.090, 2
902, 665.420, 281.090, 2
903, 686.290, 281.090, 2
904, 707.160, 281.090, 2
905, 728.030, 281.090, 2
906, 748.900, 281.090, 2
907, 769.770, 281.090, 2
908, 790.640, 281.090, 2
909, 811.510, 281.090, 2
910, 832.380, 281.090, 2
911, 853.250, 281.090, 2
912, 874.120, 281.090, 2
913, 894.990, 281.090, 2
914, 122.800, 289.590, 5
915, 143.670, 289.590, 5
916, 164.540, 289.590, 5
917, 185.410, 289.590, 5
918, 206.280, 289.590, 5
919, 227.150, 289.590, 5
920, 248.020, 289.590, 5
921, 268.890, 289.590, 5
922, 289.760, 289.590, 5
923, 310.630, 289.590, 5
924, 331.500, 289.590, 5
925, 352.370, 289.590, 5
926, 373.240, 289.590, 5
927, 394.110, 289.590, 3
928, 414.980, 289.590, 3
929, 435.850, 289.590, 3
930, 456.720, 289.590, 3
931, 477.590, 289.590, 3
932, 498.460, 289.590, 3
933, 519.330, 289.590, 3
934, 540.200, 289.590, 3
935, 561.070, 289.590, 3
936, 581.940, 289.590, 3
937, 602.810, 289.590, 3
938, 623.680, 289.590, 2
939, 644.550, 289.590, 2
940, 665.420, 289.590, 2
941, 686.290, 289.590, 2
942, 707.160, 289.590, 2
943, 728.030, 289.590, 2
944, 748.900, 289.590, 2
945, 769.770, 289.590, 2
946, 790.640, 289.590, 2
947, 811.510, 289.590, 2
948, 832.380, 289.590, 2
949, 853.250, 289.590, 2
950, 874.120, 289.590, 2
951, 894.990, 289.590, 2
952, 122.800, 298.090, 5
953, 143.670, 298.090, 5
954, 164.540, 298.090, 5
955, 185.410, 298.090, 5
956, 206.280, 298.090, 5
957, 227.150, 298.090, 5
958, 248.020, 298.090, 5
959, 268.890, 298.090, 5
960, 289.760, 298.090, 5
961, 310.630, 298.090, 5
962, 331.500, 298.090, 5
963, 352.370, 298.090, 5
964, 373.240, 298.090, 5
965, 394.110, 298.090, 3
966, 414.980, 298.090, 3
967, 435.850, 298.090, 3
968, 456.720, 298.090, 3
969, 477.590, 298.090, 3
970, 498.460, 298.090, 3
971, 519.330, 298.090, 3
972, 540.200, 298.090, 3
973, 561.070, 298.090, 3
974, 581.940, 298.090, 3
975, 602.810, 298.090, 3
976, 623.680, 298.090, 3
977, 644.550, 298.090, 2
978, 665.420, 298.090, 2
979, 686.290, 298.090, 2
980, 707.160, 298.090, 2
981, 728.030, 298.090, 2
982, 748.900, 298.090, 2
983, 769.770, 298.090, 2
984, 790.640, 298.090, 2
985, 811.510, 298.090, 2
986, 832.380, 298.090, 2
987, 853.250, 298.090, 2
988, 874.120, 298.090, 2
989, 894.990, 298.090, 2
990, 915.860, 298.090, 2
991, 101.930, 306.590, 5
992, 122.800, 306.590, 5
993, 143.670, 306.590, 5
994, 164.540, 306.590, 5
995, 185.410, 306.590, 5
996, 206.280, 306.590, 5
997, 227.150, 306.590, 5
998, 248.020, 306.590, 5
999, 268.890, 306.590, 5
1000, 289.760, 306.590, 5
1001, 310.630, 306.590, 5
1002, 331.500, 306.590, 5
1003, 352.370, 306.590, 5
1004, 373.240, 306.590, 5
1005, 394.110, 306.590, 3
1006, 414.980, 306.590, 3
1007, 435.850, 306.590, 3
1008, 456.720, 306.590, 3
1009, 477.590, 306.590, 3
1010, 498.460, 306.590, 3
1011, 519.330, 306.590, 3
1012, 540.200, 306.590, 3
1013, 561.070, 306.590, 3
1014, 581.940, 306.590, 3
1015, 602.810, 306.590, 3
1016, 623.680, 306.590, 3
1017, 644.550, 306.590, 2
1018, 665.420, 306.590, 2
1019, 686.290, 306.590, 2
1020, 707.160, 306.590, 2
1021, 728.030, 306.590, 2
1022, 748.900, 306.590, 2
1023, 769.770, 306.590, 2
1024, 790.640, 306.590, 2
1025, 811.510, 306.590, 2
1026, 832.380, 306.590, 2
1027, 853.250, 306.590, 2
1028, 874.120, 306.590, 2
1029, 894.990, 306.590, 2
1030, 915.860, 306.590, 2
1031, 122.800, 315.090, 5
1032, 143.670, 315.090, 5
1033, 164.540, 315.090, 5
1034, 185.410, 315.090, 5
1035, 206.280, 315.090, 5
1036, 227.150, 315.090, 5
1037, 248.020, 315.090, 5
1038, 268.890, 315.090, 5
1039, 289.760, 315.090, 5
1040, 310.630, 315.090, 5
1041, 331.500, 315.090, 5
1042, 352.370, 315.090, 5
1043, 373.240, 315.090, 5
1044, 394.110, 315.090, 3
1045, 414.980, 315.090, 3
1046, 435.850, 315.090, 3
1047, 456.720, 315.090, 3
1048, 477.590, 315.090, 3
1049, 498.460, 315.090, 3
1050, 519.330, 315.090, 3
1051, 540.200, 315.090, 3
1052, 561.070, 315.090, 3
1053, 581.940, 315.090, 3
1054, 602.810, 315.090, 3
1055, 623.680, 315.090, 3
1056, 644.550, 315.090, 2
1057, 665.420, 315.090, 2
1058, 686.290, 315.090, 2
1059, 707.160, 315.090, 2
1060, 728.030, 315.090, 2
1061, 748.900, 315.090, 2
1062, 769.770, 315.090, 2
1063, 790.640, 315.090, 2
1064, 811.510, 315.090, 2
1065, 832.380, 315.090, 2
1066, 853.250, 315.090, 2
1067, 874.120, 315.090, 2
1068, 894.990, 315.090, 2
1069, 915.860, 315.090, 2
1070, 936.730, 315.090, 2
1071, 206.280, 323.590, 5
1072, 227.150, 323.590, 5
1073, 248.020, 323.590, 5
1074, 268.890, 323.590, 5
1075, 289.760, 323.590, 5
1076, 310.630, 323.590, 5
1077, 331.500, 323.590, 5
1078, 352.370, 323.590, 5
1079, 373.240, 323.590, 5
1080, 394.110, 323.590, 3
1081, 414.980, 323.590, 3
1082, 435.850, 323.590, 3
1083, 456.720, 323.590, 3
1084, 477.590, 323.590, 3
1085, 498.460, 323.590, 3
1086, 519.330, 323.590, 3
1087, 540.200, 323.590, 3
1088, 561.070, 323.590, 3
1089, 581.940, 323.590, 3
1090, 602.810, 323.590, 3
