1, 131.940, 372.490, 27
2, 131.940, 380.990, 27
3, 131.940, 389.490, 27
4, 131.940, 397.990, 27
5, 131.940, 406.490, 27
6, 131.940, 414.990, 27
7, 131.940, 423.490, 27
8, 131.940, 431.990, 27
9, 131.940, 440.490, 12
10, 131.940, 448.990, 12
11, 131.940, 457.490, 12
12, 131.940, 465.990, 12
13, 131.940, 474.490, 12
14, 152.810, 346.990, 27
15, 152.810, 355.490, 27
16, 152.810, 363.990, 27
17, 152.810, 372.490, 27
18, 152.810, 380.990, 27
19, 152.810, 389.490, 27
20, 152.810, 397.990, 27
21, 152.810, 406.490, 27
22, 152.810, 414.990, 27
23, 152.810, 423.490, 27
24, 152.810, 431.990, 27
25, 152.810, 440.490, 12
26, 152.810, 448.990, 12
27, 152.810, 457.490, 12
28, 152.810, 465.990, 12
29, 152.810, 474.490, 12
30, 152.810, 482.990, 12
31, 152.810, 491.490, 12
32, 152.810, 499.990, 12
33, 152.810, 508.490, 12
34, 152.810, 516.990, 26
35, 152.810, 525.490, 26
36, 152.810, 533.990, 26
37, 152.810, 542.490, 26
38, 152.810, 550.990, 26
39, 173.680, 329.990, 23
40, 173.680, 338.490, 23
41, 173.680, 346.990, 27
42, 173.680, 355.490, 27
43, 173.680, 363.990, 27
44, 173.680, 372.490, 27
45, 173.680, 380.990, 27
46, 173.680, 389.490, 27
47, 173.680, 397.990, 27
48, 173.680, 406.490, 27
49, 173.680, 414.990, 27
50, 173.680, 423.490, 27
51, 173.680, 431.990, 27
52, 173.680, 440.490, 12
53, 173.680, 448.990, 12
54, 173.680, 457.490, 12
55, 173.680, 465.990, 12
56, 173.680, 474.490, 12
57, 173.680, 482.990, 12
58, 173.680, 491.490, 12
59, 173.680, 499.990, 12
60, 173.680, 508.490, 12
61, 173.680, 516.990, 26
62, 173.680, 525.490, 26
63, 173.680, 533.990, 26
64, 173.680, 542.490, 26
65, 173.680, 550.990, 26
66, 194.550, 304.490, 23
67, 194.550, 312.990, 23
68, 194.550, 321.490, 23
69, 194.550, 329.990, 23
70, 194.550, 338.490, 23
71, 194.550, 346.990, 27
72, 194.550, 355.490, 27
73, 194.550, 363.990, 27
74, 194.550, 372.490, 27
75, 194.550, 380.990, 27
76, 194.550, 389.490, 27
77, 194.550, 397.990, 27
78, 194.550, 406.490, 27
79, 194.550, 414.990, 27
80, 194.550, 423.490, 27
81, 194.550, 431.990, 27
82, 194.550, 440.490, 12
83, 194.550, 448.990, 12
84, 194.550, 457.490, 12
85, 194.550, 465.990, 12
86, 194.550, 474.490, 12
87, 194.550, 482.990, 12
88, 194.550, 491.490, 12
89, 194.550, 499.990, 12
90, 194.550, 508.490, 12
91, 194.550, 516.990, 26
92, 194.550, 525.490, 26
93, 194.550, 533.990, 26
94, 194.550, 542.490, 26
95, 194.550, 550.990, 26
96, 194.550, 559.490, 26
97, 215.420, 287.490, 23
98, 215.420, 295.990, 23
99, 215.420, 304.490, 23
100, 215.420, 312.990, 23
101, 215.420, 321.490, 23
102, 215.420, 329.990, 23
103, 215.420, 338.490, 23
104, 215.420, 346.990, 27
105, 215.420, 355.490, 27
106, 215.420, 363.990, 27
107, 215.420, 372.490, 27
108, 215.420, 380.990, 27
109, 215.420, 389.490, 27
110, 215.420, 397.990, 27
111, 215.420, 406.490, 27
112, 215.420, 414.990, 27
113, 215.420, 423.490, 27
114, 215.420, 431.990, 27
115, 215.420, 440.490, 12
116, 215.420, 448.990, 12
117, 215.420, 457.490, 12
118, 215.420, 465.990, 12
119, 215.420, 474.490, 12
120, 215.420, 482.990, 12
121, 215.420, 491.490, 12
122, 215.420, 499.990, 12
123, 215.420, 508.490, 12
124, 215.420, 516.990, 26
125, 215.420, 525.490, 26
126, 215.420, 533.990, 26
127, 215.420, 542.490, 26
128, 215.420, 550.990, 26
129, 215.420, 559.490, 26
130, 215.420, 567.990, 26
131, 236.290, 261.990, 8
132, 236.290, 270.490, 8
133, 236.290, 278.990, 23
134, 236.290, 287.490, 23
135, 236.290, 295.990, 23
136, 236.290, 304.490, 23
137, 236.290, 312.990, 23
138, 236.290, 321.490, 23
139, 236.290, 329.990, 23
140, 236.290, 338.490, 23
141, 236.290, 346.990, 27
142, 236.290, 355.490, 27
143, 236.290, 363.990, 27
144, 236.290, 372.490, 27
145, 236.290, 380.990, 27
146, 236.290, 389.490, 27
147, 236.290, 397.990, 27
148, 236.290, 406.490, 27
149, 236.290, 414.990, 27
150, 236.290, 423.490, 27
151, 236.290, 431.990, 27
152, 236.290, 440.490, 12
153, 236.290, 448.990, 12
154, 236.290, 457.490, 12
155, 236.290, 465.990, 12
156, 236.290, 474.490, 12
157, 236.290, 482.990, 12
158, 236.290, 491.490, 12
159, 236.290, 499.990, 12
160, 236.290, 508.490, 12
161, 236.290, 516.990, 26
162, 236.290, 525.490, 26
163, 236.290, 533.990, 26
164, 236.290, 542.490, 26
165, 236.290, 550.990, 26
166, 236.290, 559.490, 26
167, 236.290, 567.990, 26
168, 257.160, 244.990, 8
169, 257.160, 253.490, 8
170, 257.160, 261.990, 8
171, 257.160, 270.490, 8
172, 257.160, 278.990, 23
173, 257.160, 287.490, 23
174, 257.160, 295.990, 23
175, 257.160, 304.490, 23
176, 257.160, 312.990, 23
177, 257.160, 321.490, 23
178, 257.160, 329.990, 23
179, 257.160, 338.490, 23
180, 257.160, 346.990, 27
181, 257.160, 355.490, 27
182, 257.160, 363.990, 27
183, 257.160, 372.490, 27
184, 257.160, 380.990, 27
185, 257.160, 389.490, 27
186, 257.160, 397.990, 27
187, 257.160, 406.490, 27
188, 257.160, 414.990, 27
189, 257.160, 423.490, 27
190, 257.160, 431.990, 27
191, 257.160, 440.490, 12
192, 257.160, 448.990, 12
193, 257.160, 457.490, 12
194, 257.160, 465.990, 12
195, 257.160, 474.490, 12
196, 257.160, 482.990, 12
197, 257.160, 491.490, 12
198, 257.160, 499.990, 12
199, 257.160, 508.490, 12
200, 257.160, 516.990, 26
201, 257.160, 525.490, 26
202, 257.160, 533.990, 26
203, 257.160, 542.490, 26
204, 257.160, 550.990, 26
205, 257.160, 559.490, 26
206, 257.160, 567.990, 26
207, 257.160, 576.490, 26
208, 278.030, 219.490, 8
209, 278.030, 227.990, 8
210, 278.030, 236.490, 8
211, 278.030, 244.990, 8
212, 278.030, 253.490, 8
213, 278.030, 261.990, 8
214, 278.030, 270.490, 8
215, 278.030, 278.990, 23
216, 278.030, 287.490, 23
217, 278.030, 295.990, 23
218, 278.030, 304.490, 23
219, 278.030, 312.990, 23
220, 278.030, 321.490, 23
221, 278.030, 329.990, 23
222, 278.030, 338.490, 23
223, 278.030, 346.990, 27
224, 278.030, 355.490, 27
225, 278.030, 363.990, 27
226, 278.030, 372.490, 27
227, 278.030, 380.990, 27
228, 278.030, 389.490, 27
229, 278.030, 397.990, 27
230, 278.030, 406.490, 27
231, 278.030, 414.990, 27
232, 278.030, 423.490, 27
233, 278.030, 431.990, 27
234, 278.030, 440.490, 12
235, 278.030, 448.990, 12
236, 278.030, 457.490, 12
237, 278.030, 465.990, 12
238, 278.030, 474.490, 12
239, 278.030, 482.990, 12
240, 278.030, 491.490, 12
241, 278.030, 499.990, 12
242, 278.030, 508.490, 12
243, 278.030, 516.990, 26
244, 278.030, 525.490, 26
245, 278.030, 533.990, 26
246, 278.030, 542.490, 26
247, 278.030, 550.990, 26
248, 278.030, 559.490, 26
249, 278.030, 567.990, 26
250, 278.030, 576.490, 26
251, 278.030, 584.990, 26
252, 298.900, 202.490, 8
253, 298.900, 210.990, 8
254, 298.900, 219.490, 8
255, 298.900, 227.990, 8
256, 298.900, 236.490, 8
257, 298.900, 244.990, 8
258, 298.900, 253.490, 8
259, 298.900, 261.990, 8
260, 298.900, 270.490, 8
261, 298.900, 278.990, 23
262, 298.900, 287.490, 23
263, 298.900, 295.990, 23
264, 298.900, 304.490, 23
265, 298.900, 312.990, 23
266, 298.900, 321.490, 23
267, 298.900, 329.990, 23
268, 298.900, 338.490, 23
269, 298.900, 346.990, 27
270, 298.900, 355.490, 27
271, 298.900, 363.990, 27
272, 298.900, 372.490, 27
273, 298.900, 380.990, 27
274, 298.900, 389.490, 27
275, 298.900, 397.990, 27
276, 298.900, 406.490, 27
277, 298.900, 414.990, 27
278, 298.900, 423.490, 27
279, 298.900, 431.990, 27
280, 298.900, 440.490, 12
281, 298.900, 448.990, 12
282, 298.900, 457.490, 12
283, 298.900, 465.990, 12
284, 298.900, 474.490, 12
285, 298.900, 482.990, 12
286, 298.900, 491.490, 12
287, 298.900, 499.990, 12
288, 298.900, 508.490, 12
289, 298.900, 516.990, 26
290, 298.900, 525.490, 26
291, 298.900, 533.990, 26
292, 298.900, 542.490, 26
293, 298.900, 550.990, 26
294, 298.900, 559.490, 26
295, 298.900, 567.990, 26
296, 298.900, 576.490, 26
297, 298.900, 584.990, 26
298, 319.770, 185.490, 8
299, 319.770, 193.990, 8
300, 319.770, 202.490, 8
301, 319.770, 210.990, 8
302, 319.770, 219.490, 8
303, 319.770, 227.990, 8
304, 319.770, 236.490, 8
305, 319.770, 244.990, 8
306, 319.770, 253.490, 8
307, 319.770, 261.990, 8
308, 319.770, 270.490, 8
309, 319.770, 278.990, 23
310, 319.770, 287.490, 23
311, 319.770, 295.990, 23
312, 319.770, 304.490, 23
313, 319.770, 312.990, 23
314, 319.770, 321.490, 23
315, 319.770, 329.990, 23
316, 319.770, 338.490, 23
317, 319.770, 346.990, 23
318, 319.770, 355.490, 27
319, 319.770, 363.990, 27
320, 319.770, 372.490, 27
321, 319.770, 380.990, 27
322, 319.770, 389.490, 27
323, 319.770, 397.990, 27
324, 319.770, 406.490, 27
325, 319.770, 414.990, 27
326, 319.770, 423.490, 27
327, 319.770, 431.990, 27
328, 319.770, 440.490, 12
329, 319.770, 448.990, 12
330, 319.770, 457.490, 12
331, 319.770, 465.990, 12
332, 319.770, 474.490, 12
333, 319.770, 482.990, 12
334, 319.770, 491.490, 12
335, 319.770, 499.990, 12
336, 319.770, 508.490, 12
337, 319.770, 516.990, 26
338, 319.770, 525.490, 26
339, 319.770, 533.990, 26
340, 319.770, 542.490, 26
341, 319.770, 550.990, 26
342, 319.770, 559.490, 26
343, 319.770, 567.990, 26
344, 319.770, 576.490, 26
345, 319.770, 584.990, 26
346, 340.640, 159.990, 17
347, 340.640, 168.490, 17
348, 340.640, 176.990, 8
349, 340.640, 185.490, 8
350, 340.640, 193.990, 8
351, 340.640, 202.490, 8
352, 340.640, 210.990, 8
353, 340.640, 219.490, 8
354, 340.640, 227.990, 8
355, 340.640, 236.490, 8
356, 340.640, 244.990, 8
357, 340.640, 253.490, 8
358, 340.640, 261.990, 8
359, 340.640, 270.490, 8
360, 340.640, 278.990, 23
361, 340.640, 287.490, 23
362, 340.640, 295.990, 23
363, 340.640, 304.490, 23
364, 340.640, 312.990, 23
365, 340.640, 321.490, 23
366, 340.640, 329.990, 23
367, 340.640, 338.490, 23
368, 340.640, 346.990, 23
369, 340.640, 355.490, 27
370, 340.640, 363.990, 27
371, 340.640, 372.490, 27
372, 340.640, 380.990, 22
373, 340.640, 389.490, 22
374, 340.640, 397.990, 22
375, 340.640, 406.490, 22
376, 340.640, 414.990, 22
377, 340.640, 423.490, 22
378, 340.640, 431.990, 22
379, 340.640, 440.490, 12
380, 340.640, 448.990, 12
381, 340.640, 457.490, 12
382, 340.640, 465.990, 12
383, 340.640, 474.490, 12
384, 340.640, 482.990, 12
385, 340.640, 491.490, 12
386, 340.640, 499.990, 12
387, 340.640, 508.490, 12
388, 340.640, 516.990, 26
389, 340.640, 525.490, 26
390, 340.640, 533.990, 26
391, 340.640, 542.490, 26
392, 340.640, 550.990, 26
393, 340.640, 559.490, 26
394, 340.640, 567.990, 26
395, 340.640, 576.490, 26
396, 340.640, 584.990, 26
397, 340.640, 593.490, 26
398, 361.510, 142.990, 17
399, 361.510, 151.490, 17
400, 361.510, 159.990, 17
401, 361.510, 168.490, 17
402, 361.510, 176.990, 8
403, 361.510, 185.490, 8
404, 361.510, 193.990, 8
405, 361.510, 202.490, 8
406, 361.510, 210.990, 8
407, 361.510, 219.490, 8
408, 361.510, 227.990, 8
409, 361.510, 236.490, 8
410, 361.510, 244.990, 8
411, 361.510, 253.490, 8
412, 361.510, 261.990, 8
413, 361.510, 270.490, 8
414, 361.510, 278.990, 8
415, 361.510, 287.490, 23
416, 361.510, 295.990, 23
417, 361.510, 304.490, 23
418, 361.510, 312.990, 23
419, 361.510, 321.490, 23
420, 361.510, 329.990, 23
421, 361.510, 338.490, 23
422, 361.510, 346.990, 23
423, 361.510, 355.490, 23
424, 361.510, 363.990, 22
425, 361.510, 372.490, 22
426, 361.510, 380.990, 22
427, 361.510, 389.490, 22
428, 361.510, 397.990, 22
429, 361.510, 406.490, 22
430, 361.510, 414.990, 22
431, 361.510, 423.490, 22
432, 361.510, 431.990, 22
433, 361.510, 440.490, 22
434, 361.510, 448.990, 12
435, 361.510, 457.490, 12
436, 361.510, 465.990, 12
437, 361.510, 474.490, 12
438, 361.510, 482.990, 12
439, 361.510, 491.490, 12
440, 361.510, 499.990, 12
441, 361.510, 508.490, 12
442, 361.510, 516.990, 26
443, 361.510, 525.490, 26
444, 361.510, 533.990, 26
445, 361.510, 542.490, 26
446, 361.510, 550.990, 26
447, 361.510, 559.490, 26
448, 361.510, 567.990, 26
449, 361.510, 576.490, 26
450, 361.510, 584.990, 26
451, 361.510, 593.490, 26
452, 382.380, 117.490, 17
453, 382.380, 125.990, 17
454, 382.380, 134.490, 17
455, 382.380, 142.990, 17
456, 382.380, 151.490, 17
457, 382.380, 159.990, 17
458, 382.380, 168.490, 17
459, 382.380, 176.990, 8
460, 382.380, 185.490, 8
461, 382.380, 193.990, 8
462, 382.380, 202.490, 8
463, 382.380, 210.990, 8
464, 382.380, 219.490, 8
465, 382.380, 227.990, 8
466, 382.380, 236.490, 8
467, 382.380, 244.990, 8
468, 382.380, 253.490, 8
469, 382.380, 261.990, 8
470, 382.380, 270.490, 8
471, 382.380, 278.990, 8
472, 382.380, 287.490, 23
473, 382.380, 295.990, 23
474, 382.380, 304.490, 23
475, 382.380, 312.990, 23
476, 382.380, 321.490, 23
477, 382.380, 329.990, 23
478, 382.380, 338.490, 23
479, 382.380, 346.990, 23
480, 382.380, 355.490, 23
481, 382.380, 363.990, 22
482, 382.380, 372.490, 22
483, 382.380, 380.990, 22
484, 382.380, 389.490, 22
485, 382.380, 397.990, 22
486, 382.380, 406.490, 22
487, 382.380, 414.990, 22
488, 382.380, 423.490, 22
489, 382.380, 431.990, 22
490, 382.380, 440.490, 22
491, 382.380, 448.990, 22
492, 382.380, 457.490, 12
493, 382.380, 465.990, 12
494, 382.380, 474.490, 12
495, 382.380, 482.990, 12
496, 382.380, 491.490, 12
497, 382.380, 499.990, 12
498, 382.380, 508.490, 24
499, 382.380, 516.990, 24
500, 382.380, 525.490, 26
501, 382.380, 533.990, 26
502, 382.380, 542.490, 26
503, 382.380, 550.990, 26
504, 382.380, 559.490, 26
505, 382.380, 567.990, 26
506, 382.380, 576.490, 26
507, 382.380, 584.990, 26
508, 382.380, 593.490, 26
509, 382.380, 601.990, 26
510, 403.250, 100.490, 17
511, 403.250, 108.990, 17
512, 403.250, 117.490, 17
513, 403.250, 125.990, 17
514, 403.250, 134.490, 17
515, 403.250, 142.990, 17
516, 403.250, 151.490, 17
517, 403.250, 159.990, 17
518, 403.250, 168.490, 17
519, 403.250, 176.990, 8
520, 403.250, 185.490, 8
521, 403.250, 193.990, 8
522, 403.250, 202.490, 8
523, 403.250, 210.990, 8
524, 403.250, 219.490, 8
525, 403.250, 227.990, 8
526, 403.250, 236.490, 8
527, 403.250, 244.990, 8
528, 403.250, 253.490, 8
529, 403.250, 261.990, 8
530, 403.250, 270.490, 8
531, 403.250, 278.990, 8
532, 403.250, 287.490, 23
533, 403.250, 295.990, 23
534, 403.250, 304.490, 23
535, 403.250, 312.990, 23
536, 403.250, 321.490, 23
537, 403.250, 329.990, 23
538, 403.250, 338.490, 23
539, 403.250, 346.990, 23
540, 403.250, 355.490, 23
541, 403.250, 363.990, 22
542, 403.250, 372.490, 22
543, 403.250, 380.990, 22
544, 403.250, 389.490, 22
545, 403.250, 397.990, 22
546, 403.250, 406.490, 22
547, 403.250, 414.990, 22
548, 403.250, 423.490, 22
549, 403.250, 431.990, 22
550, 403.250, 440.490, 22
551, 403.250, 448.990, 22
552, 403.250, 457.490, 24
553, 403.250, 465.990, 24
554, 403.250, 474.490, 24
555, 403.250, 482.990, 24
556, 403.250, 491.490, 24
557, 403.250, 499.990, 24
558, 403.250, 508.490, 24
559, 403.250, 516.990, 24
560, 403.250, 525.490, 26
561, 403.250, 533.990, 26
562, 403.250, 542.490, 26
563, 403.250, 550.990, 26
564, 403.250, 559.490, 26
565, 403.250, 567.990, 26
566, 403.250, 576.490, 26
567, 403.250, 584.990, 26
568, 403.250, 593.490, 26
569, 403.250, 601.990, 26
570, 424.120, 74.990, 17
571, 424.120, 83.490, 17
572, 424.120, 91.990, 17
573, 424.120, 100.490, 17
574, 424.120, 108.990, 17
575, 424.120, 117.490, 17
576, 424.120, 125.990, 17
577, 424.120, 134.490, 17
578, 424.120, 142.990, 17
579, 424.120, 151.490, 17
580, 424.120, 159.990, 17
581, 424.120, 168.490, 17
582, 424.120, 176.990, 8
583, 424.120, 185.490, 8
584, 424.120, 193.990, 8
585, 424.120, 202.490, 8
586, 424.120, 210.990, 8
587, 424.120, 219.490, 8
588, 424.120, 227.990, 8
589, 424.120, 236.490, 8
590, 424.120, 244.990, 8
591, 424.120, 253.490, 8
592, 424.120, 261.990, 8
593, 424.120, 270.490, 8
594, 424.120, 278.990, 8
595, 424.120, 287.490, 23
596, 424.120, 295.990, 23
597, 424.120, 304.490, 23
598, 424.120, 312.990, 23
599, 424.120, 321.490, 23
600, 424.120, 329.990, 23
601, 424.120, 338.490, 23
602, 424.120, 346.990, 23
603, 424.120, 355.490, 23
604, 424.120, 363.990, 22
605, 424.120, 372.490, 22
606, 424.120, 380.990, 22
607, 424.120, 389.490, 22
608, 424.120, 397.990, 22
609, 424.120, 406.490, 22
610, 424.120, 414.990, 22
611, 424.120, 423.490, 22
612, 424.120, 431.990, 22
613, 424.120, 440.490, 22
614, 424.120, 448.990, 22
615, 424.120, 457.490, 24
616, 424.120, 465.990, 24
617, 424.120, 474.490, 24
618, 424.120, 482.990, 24
619, 424.120, 491.490, 24
620, 424.120, 499.990, 24
621, 424.120, 508.490, 24
622, 424.120, 516.990, 24
623, 424.120, 525.490, 24
624, 424.120, 533.990, 26
625, 424.120, 542.490, 26
626, 424.120, 550.990, 26
627, 424.120, 559.490, 26
628, 424.120, 567.990, 6
629, 424.120, 576.490, 6
630, 424.120, 584.990, 6
631, 424.120, 593.490, 6
632, 424.120, 601.990, 6
633, 424.120, 610.490, 6
634, 444.990, 49.490, 17
635, 444.990, 57.990, 17
636, 444.990, 66.490, 17
637, 444.990, 74.990, 17
638, 444.990, 83.490, 17
639, 444.990, 91.990, 17
640, 444.990, 100.490, 17
641, 444.990, 108.990, 17
642, 444.990, 117.490, 17
643, 444.990, 125.990, 17
644, 444.990, 134.490, 17
645, 444.990, 142.990, 17
646, 444.990, 151.490, 17
647, 444.990, 159.990, 17
648, 444.990, 168.490, 17
649, 444.990, 176.990, 18
650, 444.990, 185.490, 18
651, 444.990, 193.990, 18
652, 444.990, 202.490, 18
653, 444.990, 210.990, 18
654, 444.990, 219.490, 18
655, 444.990, 227.990, 18
656, 444.990, 236.490, 8
657, 444.990, 244.990, 8
658, 444.990, 253.490, 8
659, 444.990, 261.990, 8
660, 444.990, 270.490, 8
661, 444.990, 278.990, 8
662, 444.990, 287.490, 23
663, 444.990, 295.990, 23
664, 444.990, 304.490, 23
665, 444.990, 312.990, 23
666, 444.990, 321.490, 23
667, 444.990, 329.990, 23
668, 444.990, 338.490, 23
669, 444.990, 346.990, 23
670, 444.990, 355.490, 23
671, 444.990, 363.990, 22
672, 444.990, 372.490, 22
673, 444.990, 380.990, 22
674, 444.990, 389.490, 22
675, 444.990, 397.990, 22
676, 444.990, 406.490, 22
677, 444.990, 414.990, 22
678, 444.990, 423.490, 22
679, 444.990, 431.990, 22
680, 444.990, 440.490, 22
681, 444.990, 448.990, 22
682, 444.990, 457.490, 24
683, 444.990, 465.990, 24
684, 444.990, 474.490, 24
685, 444.990, 482.990, 24
686, 444.990, 491.490, 24
687, 444.990, 499.990, 24
688, 444.990, 508.490, 24
689, 444.990, 516.990, 24
690, 444.990, 525.490, 24
691, 444.990, 533.990, 6
692, 444.990, 542.490, 6
693, 444.990, 550.990, 6
694, 444.990, 559.490, 6
695, 444.990, 567.990, 6
696, 444.990, 576.490, 6
697, 444.990, 584.990, 6
698, 444.990, 593.490, 6
699, 444.990, 601.990, 6
700, 444.990, 610.490, 6
701, 444.990, 618.990, 6
702, 465.860, 57.990, 17
703, 465.860, 66.490, 17
704, 465.860, 74.990, 17
705, 465.860, 83.490, 17
706, 465.860, 91.990, 17
707, 465.860, 100.490, 17
708, 465.860, 108.990, 17
709, 465.860, 117.490, 17
710, 465.860, 125.990, 17
711, 465.860, 134.490, 17
712, 465.860, 142.990, 17
713, 465.860, 151.490, 17
714, 465.860, 159.990, 18
715, 465.860, 168.490, 18
716, 465.860, 176.990, 18
717, 465.860, 185.490, 18
718, 465.860, 193.990, 18
719, 465.860, 202.490, 18
720, 465.860, 210.990, 18
721, 465.860, 219.490, 18
722, 465.860, 227.990, 18
723, 465.860, 236.490, 8
724, 465.860, 244.990, 8
725, 465.860, 253.490, 8
726, 465.860, 261.990, 8
727, 465.860, 270.490, 8
728, 465.860, 278.990, 8
729, 465.860, 287.490, 11
730, 465.860, 295.990, 11
731, 465.860, 304.490, 11
732, 465.860, 312.990, 11
733, 465.860, 321.490, 11
734, 465.860, 329.990, 11
735, 465.860, 338.490, 11
736, 465.860, 346.990, 11
737, 465.860, 355.490, 11
738, 465.860, 363.990, 11
739, 465.860, 372.490, 22
740, 465.860, 380.990, 22
741, 465.860, 389.490, 22
742, 465.860, 397.990, 22
743, 465.860, 406.490, 22
744, 465.860, 414.990, 22
745, 465.860, 423.490, 22
746, 465.860, 431.990, 22
747, 465.860, 440.490, 22
748, 465.860, 448.990, 22
749, 465.860, 457.490, 24
750, 465.860, 465.990, 24
751, 465.860, 474.490, 24
752, 465.860, 482.990, 24
753, 465.860, 491.490, 24
754, 465.860, 499.990, 24
755, 465.860, 508.490, 24
756, 465.860, 516.990, 24
757, 465.860, 525.490, 24
758, 465.860, 533.990, 6
759, 465.860, 542.490, 6
760, 465.860, 550.990, 6
761, 465.860, 559.490, 6
762, 465.860, 567.990, 6
763, 465.860, 576.490, 6
764, 465.860, 584.990, 6
765, 465.860, 593.490, 6
766, 465.860, 601.990, 6
767, 465.860, 610.490, 6
768, 465.860, 618.990, 6
769, 486.730, 57.990, 17
770, 486.730, 66.490, 17
771, 486.730, 74.990, 17
772, 486.730, 83.490, 17
773, 486.730, 91.990, 17
774, 486.730, 100.490, 17
775, 486.730, 108.990, 17
776, 486.730, 117.490, 17
777, 486.730, 125.990, 17
778, 486.730, 134.490, 17
779, 486.730, 142.990, 17
780, 486.730, 151.490, 17
781, 486.730, 159.990, 18
782, 486.730, 168.490, 18
783, 486.730, 176.990, 18
784, 486.730, 185.490, 18
785, 486.730, 193.990, 18
786, 486.730, 202.490, 18
787, 486.730, 210.990, 18
788, 486.730, 219.490, 18
789, 486.730, 227.990, 18
790, 486.730, 236.490, 14
791, 486.730, 244.990, 14
792, 486.730, 253.490, 14
793, 486.730, 261.990, 14
794, 486.730, 270.490, 14
795, 486.730, 278.990, 14
796, 486.730, 287.490, 11
797, 486.730, 295.990, 11
798, 486.730, 304.490, 11
799, 486.730, 312.990, 11
800, 486.730, 321.490, 11
801, 486.730, 329.990, 11
802, 486.730, 338.490, 11
803, 486.730, 346.990, 11
804, 486.730, 355.490, 11
805, 486.730, 363.990, 11
806, 486.730, 372.490, 22
807, 486.730, 380.990, 22
808, 486.730, 389.490, 22
809, 486.730, 397.990, 22
810, 486.730, 406.490, 22
811, 486.730, 414.990, 22
812, 486.730, 423.490, 22
813, 486.730, 431.990, 22
814, 486.730, 440.490, 22
815, 486.730, 448.990, 22
816, 486.730, 457.490, 24
817, 486.730, 465.990, 24
818, 486.730, 474.490, 24
819, 486.730, 482.990, 24
820, 486.730, 491.490, 24
821, 486.730, 499.990, 24
822, 486.730, 508.490, 24
823, 486.730, 516.990, 24
824, 486.730, 525.490, 24
825, 486.730, 533.990, 6
826, 486.730, 542.490, 6
827, 486.730, 550.990, 6
828, 486.730, 559.490, 6
829, 486.730, 567.990, 6
830, 486.730, 576.490, 6
831, 486.730, 584.990, 6
832, 486.730, 593.490, 6
833, 486.730, 601.990, 6
834, 486.730, 610.490, 6
835, 486.730, 618.990, 6
836, 507.600, 57.990, 17
837, 507.600, 66.490, 17
838, 507.600, 74.990, 17
839, 507.600, 83.490, 17
840, 507.600, 91.990, 17
841, 507.600, 100.490, 17
842, 507.600, 108.990, 17
843, 507.600, 117.490, 17
844, 507.600, 125.990, 17
845, 507.600, 134.490, 17
846, 507.600, 142.990, 17
847, 507.600, 151.490, 17
848, 507.600, 159.990, 18
849, 507.600, 168.490, 18
850, 507.600, 176.990, 18
851, 507.600, 185.490, 18
852, 507.600, 193.990, 18
853, 507.600, 202.490, 18
854, 507.600, 210.990, 18
855, 507.600, 219.490, 18
856, 507.600, 227.990, 18
857, 507.600, 236.490, 14
858, 507.600, 244.990, 14
859, 507.600, 253.490, 14
860, 507.600, 261.990, 14
861, 507.600, 270.490, 14
862, 507.600, 278.990, 14
863, 507.600, 287.490, 11
864, 507.600, 295.990, 11
865, 507.600, 304.490, 11
866, 507.600, 312.990, 11
867, 507.600, 321.490, 11
868, 507.600, 329.990, 11
869, 507.600, 338.490, 11
870, 507.600, 346.990, 11
871, 507.600, 355.490, 11
872, 507.600, 363.990, 11
873, 507.600, 372.490, 22
874, 507.600, 380.990, 22
875, 507.600, 389.490, 22
876, 507.600, 397.990, 22
877, 507.600, 406.490, 22
878, 507.600, 414.990, 22
879, 507.600, 423.490, 22
880, 507.600, 431.990, 22
881, 507.600, 440.490, 22
882, 507.600, 448.990, 22
883, 507.600, 457.490, 24
884, 507.600, 465.990, 24
885, 507.600, 474.490, 24
886, 507.600, 482.990, 24
887, 507.600, 491.490, 24
888, 507.600, 499.990, 24
889, 507.600, 508.490, 24
890, 507.600, 516.990, 24
891, 507.600, 525.490, 24
892, 507.600, 533.990, 6
893, 507.600, 542.490, 6
894, 507.600, 550.990, 6
895, 507.600, 559.490, 6
896, 507.600, 567.990, 6
897, 507.600, 576.490, 6
898, 507.600, 584.990, 6
899, 507.600, 593.490, 6
900, 507.600, 601.990, 6
901, 507.600, 610.490, 6
902, 507.600, 618.990, 6
903, 528.470, 57.990, 17
904, 528.470, 66.490, 17
905, 528.470, 74.990, 17
906, 528.470, 83.490, 17
907, 528.470, 91.990, 17
908, 528.470, 100.490, 17
909, 528.470, 108.990, 17
910, 528.470, 117.490, 17
911, 528.470, 125.990, 17
912, 528.470, 134.490, 17
913, 528.470, 142.990, 17
914, 528.470, 151.490, 17
915, 528.470, 159.990, 18
916, 528.470, 168.490, 18
917, 528.470, 176.990, 18
918, 528.470, 185.490, 18
919, 528.470, 193.990, 18
920, 528.470, 202.490, 18
921, 528.470, 210.990, 18
922, 528.470, 219.490, 18
923, 528.470, 227.990, 18
924, 528.470, 236.490, 14
925, 528.470, 244.990, 14
926, 528.470, 253.490, 14
927, 528.470, 261.990, 14
928, 528.470, 270.490, 14
929, 528.470, 278.990, 14
930, 528.470, 287.490, 11
931, 528.470, 295.990, 11
932, 528.470, 304.490, 11
933, 528.470, 312.990, 11
934, 528.470, 321.490, 11
935, 528.470, 329.990, 11
936, 528.470, 338.490, 11
937, 528.470, 346.990, 11
938, 528.470, 355.490, 11
939, 528.470, 363.990, 11
940, 528.470, 372.490, 22
941, 528.470, 380.990, 22
942, 528.470, 389.490, 22
943, 528.470, 397.990, 22
944, 528.470, 406.490, 22
945, 528.470, 414.990, 22
946, 528.470, 423.490, 22
947, 528.470, 431.990, 22
948, 528.470, 440.490, 22
949, 528.470, 448.990, 22
950, 528.470, 457.490, 24
951, 528.470, 465.990, 24
952, 528.470, 474.490, 24
953, 528.470, 482.990, 24
954, 528.470, 491.490, 24
955, 528.470, 499.990, 24
956, 528.470, 508.490, 24
957, 528.470, 516.990, 24
958, 528.470, 525.490, 24
959, 528.470, 533.990, 6
960, 528.470, 542.490, 6
961, 528.470, 550.990, 6
962, 528.470, 559.490, 6
963, 528.470, 567.990, 6
964, 528.470, 576.490, 6
965, 528.470, 584.990, 6
966, 528.470, 593.490, 6
967, 528.470, 601.990, 6
968, 528.470, 610.490, 6
969, 549.340, 57.990, 17
970, 549.340, 66.490, 17
971, 549.340, 74.990, 17
972, 549.340, 83.490, 17
973, 549.340, 91.990, 17
974, 549.340, 100.490, 17
975, 549.340, 108.990, 17
976, 549.340, 117.490, 17
977, 549.340, 125.990, 17
978, 549.340, 134.490, 17
979, 549.340, 142.990, 17
980, 549.340, 151.490, 17
981, 549.340, 159.990, 18
982, 549.340, 168.490, 18
983, 549.340, 176.990, 18
984, 549.340, 185.490, 18
985, 549.340, 193.990, 18
986, 549.340, 202.490, 18
987, 549.340, 210.990, 18
988, 549.340, 219.490, 18
989, 549.340, 227.990, 18
990, 549.340, 236.490, 14
991, 549.340, 244.990, 14
992, 549.340, 253.490, 14
993, 549.340, 261.990, 14
994, 549.340, 270.490, 14
995, 549.340, 278.990, 14
996, 549.340, 287.490, 11
997, 549.340, 295.990, 11
998, 549.340, 304.490, 11
999, 549.340, 312.990, 11
1000, 549.340, 321.490, 11
1001, 549.340, 329.990, 11
1002, 549.340, 338.490, 11
1003, 549.340, 346.990, 11
1004, 549.340, 355.490, 11
1005, 549.340, 363.990, 11
1006, 549.340, 372.490, 11
1007, 549.340, 380.990, 11
1008, 549.340, 389.490, 22
1009, 549.340, 397.990, 22
1010, 549.340, 406.490, 22
1011, 549.340, 414.990, 22
1012, 549.340, 423.490, 22
1013, 549.340, 431.990, 22
1014, 549.340, 440.490, 22
1015, 549.340, 448.990, 22
1016, 549.340, 457.490, 24
1017, 549.340, 465.990, 24
1018, 549.340, 474.490, 24
1019, 549.340, 482.990, 24
1020, 549.340, 491.490, 24
1021, 549.340, 499.990, 24
1022, 549.340, 508.490, 24
1023, 549.340, 516.990, 24
1024, 549.340, 525.490, 24
1025, 549.340, 533.990, 6
1026, 549.340, 542.490, 6
1027, 549.340, 550.990, 6
1028, 549.340, 559.490, 6
1029, 549.340, 567.990, 6
1030, 549.340, 576.490, 6
1031, 549.340, 584.990, 6
1032, 549.340, 593.490, 6
1033, 549.340, 601.990, 6
1034, 549.340, 610.490, 6
1035, 570.210, 66.490, 19
1036, 570.210, 74.990, 19
1037, 570.210, 83.490, 19
1038, 570.210, 91.990, 19
1039, 570.210, 100.490, 19
1040, 570.210, 108.990, 19
1041, 570.210, 117.490, 19
1042, 570.210, 125.990, 19
1043, 570.210, 134.490, 19
1044, 570.210, 142.990, 19
1045, 570.210, 151.490, 19
1046, 570.210, 159.990, 18
1047, 570.210, 168.490, 18
1048, 570.210, 176.990, 18
1049, 570.210, 185.490, 18
1050, 570.210, 193.990, 18
1051, 570.210, 202.490, 18
1052, 570.210, 210.990, 18
1053, 570.210, 219.490, 18
1054, 570.210, 227.990, 18
1055, 570.210, 236.490, 14
1056, 570.210, 244.990, 14
1057, 570.210, 253.490, 14
1058, 570.210, 261.990, 14
1059, 570.210, 270.490, 14
1060, 570.210, 278.990, 14
1061, 570.210, 287.490, 11
1062, 570.210, 295.990, 11
1063, 570.210, 304.490, 11
1064, 570.210, 312.990, 11
1065, 570.210, 321.490, 11
1066, 570.210, 329.990, 11
1067, 570.210, 338.490, 11
1068, 570.210, 346.990, 11
1069, 570.210, 355.490, 11
1070, 570.210, 363.990, 11
1071, 570.210, 372.490, 11
1072, 570.210, 380.990, 11
1073, 570.210, 389.490, 16
1074, 570.210, 397.990, 16
1075, 570.210, 406.490, 16
1076, 570.210, 414.990, 16
1077, 570.210, 423.490, 16
1078, 570.210, 431.990, 16
1079, 570.210, 440.490, 16
1080, 570.210, 448.990, 16
1081, 570.210, 457.490, 24
1082, 570.210, 465.990, 24
1083, 570.210, 474.490, 24
1084, 570.210, 482.990, 24
1085, 570.210, 491.490, 24
1086, 570.210, 499.990, 24
1087, 570.210, 508.490, 24
1088, 570.210, 516.990, 24
1089, 570.210, 525.490, 24
1090, 570.210, 533.990, 6
1091, 570.210, 542.490, 6
1092, 570.210, 550.990, 6
1093, 570.210, 559.490, 6
1094, 570.210, 567.990, 6
1095, 570.210, 576.490, 6
1096, 570.210, 584.990, 6
1097, 570.210, 593.490, 6
1098, 570.210, 601.990, 6
1099, 570.210, 610.490, 6
1100, 591.080, 66.490, 19
1101, 591.080, 74.990, 19
1102, 591.080, 83.490, 19
1103, 591.080, 91.990, 19
1104, 591.080, 100.490, 19
1105, 591.080, 108.990, 19
1106, 591.080, 117.490, 19
1107, 591.080, 125.990, 19
1108, 591.080, 134.490, 19
1109, 591.080, 142.990, 19
1110, 591.080, 151.490, 19
1111, 591.080, 159.990, 19
1112, 591.080, 168.490, 18
1113, 591.080, 176.990, 18
1114, 591.080, 185.490, 18
1115, 591.080, 193.990, 18
1116, 591.080, 202.490, 18
1117, 591.080, 210.990, 18
1118, 591.080, 219.490, 18
1119, 591.080, 227.990, 18
1120, 591.080, 236.490, 14
1121, 591.080, 244.990, 14
1122, 591.080, 253.490, 14
1123, 591.080, 261.990, 14
1124, 591.080, 270.490, 14
1125, 591.080, 278.990, 14
1126, 591.080, 287.490, 11
1127, 591.080, 295.990, 11
1128, 591.080, 304.490, 11
1129, 591.080, 312.990, 11
1130, 591.080, 321.490, 11
1131, 591.080, 329.990, 11
1132, 591.080, 338.490, 11
1133, 591.080, 346.990, 11
1134, 591.080, 355.490, 11
1135, 591.080, 363.990, 11
1136, 591.080, 372.490, 11
1137, 591.080, 380.990, 11
1138, 591.080, 389.490, 16
1139, 591.080, 397.990, 16
1140, 591.080, 406.490, 16
1141, 591.080, 414.990, 16
1142, 591.080, 423.490, 16
1143, 591.080, 431.990, 16
1144, 591.080, 440.490, 16
1145, 591.080, 448.990, 16
1146, 591.080, 457.490, 24
1147, 591.080, 465.990, 24
1148, 591.080, 474.490, 24
1149, 591.080, 482.990, 24
1150, 591.080, 491.490, 24
1151, 591.080, 499.990, 24
1152, 591.080, 508.490, 24
1153, 591.080, 516.990, 24
1154, 591.080, 525.490, 24
1155, 591.080, 533.990, 6
1156, 591.080, 542.490, 6
1157, 591.080, 550.990, 6
1158, 591.080, 559.490, 6
1159, 591.080, 567.990, 6
1160, 591.080, 576.490, 6
1161, 591.080, 584.990, 6
1162, 591.080, 593.490, 6
1163, 591.080, 601.990, 6
1164, 591.080, 610.490, 6
1165, 611.950, 66.490, 19
1166, 611.950, 74.990, 19
1167, 611.950, 83.490, 19
1168, 611.950, 91.990, 19
1169, 611.950, 100.490, 19
1170, 611.950, 108.990, 19
1171, 611.950, 117.490, 19
1172, 611.950, 125.990, 19
1173, 611.950, 134.490, 19
1174, 611.950, 142.990, 19
1175, 611.950, 151.490, 19
1176, 611.950, 159.990, 19
1177, 611.950, 168.490, 18
1178, 611.950, 176.990, 18
1179, 611.950, 185.490, 18
1180, 611.950, 193.990, 18
1181, 611.950, 202.490, 18
1182, 611.950, 210.990, 18
1183, 611.950, 219.490, 18
1184, 611.950, 227.990, 18
1185, 611.950, 236.490, 14
1186, 611.950, 244.990, 14
1187, 611.950, 253.490, 14
1188, 611.950, 261.990, 14
1189, 611.950, 270.490, 14
1190, 611.950, 278.990, 14
1191, 611.950, 287.490, 11
1192, 611.950, 295.990, 11
1193, 611.950, 304.490, 11
1194, 611.950, 312.990, 11
1195, 611.950, 321.490, 11
1196, 611.950, 329.990, 11
1197, 611.950, 338.490, 11
1198, 611.950, 346.990, 11
1199, 611.950, 355.490, 11
1200, 611.950, 363.990, 11
1201, 611.950, 372.490, 11
1202, 611.950, 380.990, 11
1203, 611.950, 389.490, 16
1204, 611.950, 397.990, 16
1205, 611.950, 406.490, 16
1206, 611.950, 414.990, 16
1207, 611.950, 423.490, 16
1208, 611.950, 431.990, 16
1209, 611.950, 440.490, 16
1210, 611.950, 448.990, 16
1211, 611.950, 457.490, 24
1212, 611.950, 465.990, 24
1213, 611.950, 474.490, 24
1214, 611.950, 482.990, 24
1215, 611.950, 491.490, 24
1216, 611.950, 499.990, 24
1217, 611.950, 508.490, 24
1218, 611.950, 516.990, 24
1219, 611.950, 525.490, 24
1220, 611.950, 533.990, 6
1221, 611.950, 542.490, 6
1222, 611.950, 550.990, 6
1223, 611.950, 559.490, 6
1224, 611.950, 567.990, 6
1225, 611.950, 576.490, 6
1226, 611.950, 584.990, 6
1227, 611.950, 593.490, 6
1228, 611.950, 601.990, 6
1229, 611.950, 610.490, 6
1230, 632.820, 66.490, 19
1231, 632.820, 74.990, 19
1232, 632.820, 83.490, 19
1233, 632.820, 91.990, 19
1234, 632.820, 100.490, 19
1235, 632.820, 108.990, 19
1236, 632.820, 117.490, 19
1237, 632.820, 125.990, 19
1238, 632.820, 134.490, 19
1239, 632.820, 142.990, 19
1240, 632.820, 151.490, 19
1241, 632.820, 159.990, 19
1242, 632.820, 168.490, 18
1243, 632.820, 176.990, 18
1244, 632.820, 185.490, 18
1245, 632.820, 193.990, 18
1246, 632.820, 202.490, 18
1247, 632.820, 210.990, 18
1248, 632.820, 219.490, 18
1249, 632.820, 227.990, 18
1250, 632.820, 236.490, 14
1251, 632.820, 244.990, 14
1252, 632.820, 253.490, 14
1253, 632.820, 261.990, 14
1254, 632.820, 270.490, 14
1255, 632.820, 278.990, 14
1256, 632.820, 287.490, 14
1257, 632.820, 295.990, 11
1258, 632.820, 304.490, 11
1259, 632.820, 312.990, 11
1260, 632.820, 321.490, 11
1261, 632.820, 329.990, 11
1262, 632.820, 338.490, 11
1263, 632.820, 346.990, 11
1264, 632.820, 355.490, 11
1265, 632.820, 363.990, 11
1266, 632.820, 372.490, 11
1267, 632.820, 380.990, 11
1268, 632.820, 389.490, 16
1269, 632.820, 397.990, 16
1270, 632.820, 406.490, 16
1271, 632.820, 414.990, 16
1272, 632.820, 423.490, 16
1273, 632.820, 431.990, 16
1274, 632.820, 440.490, 16
1275, 632.820, 448.990, 16
1276, 632.820, 457.490, 24
1277, 632.820, 465.990, 24
1278, 632.820, 474.490, 24
1279, 632.820, 482.990, 24
1280, 632.820, 491.490, 24
1281, 632.820, 499.990, 24
1282, 632.820, 508.490, 24
1283, 632.820, 516.990, 24
1284, 632.820, 525.490, 24
1285, 632.820, 533.990, 6
1286, 632.820, 542.490, 6
1287, 632.820, 550.990, 6
1288, 632.820, 559.490, 6
1289, 632.820, 567.990, 6
1290, 632.820, 576.490, 6
1291, 632.820, 584.990, 6
1292, 632.820, 593.490, 6
1293, 632.820, 601.990, 6
1294, 653.690, 66.490, 19
1295, 653.690, 74.990, 19
1296, 653.690, 83.490, 19
1297, 653.690, 91.990, 19
1298, 653.690, 100.490, 19
1299, 653.690, 108.990, 19
1300, 653.690, 117.490, 19
1301, 653.690, 125.990, 19
1302, 653.690, 134.490, 19
1303, 653.690, 142.990, 19
1304, 653.690, 151.490, 19
1305, 653.690, 159.990, 19
1306, 653.690, 168.490, 18
1307, 653.690, 176.990, 18
1308, 653.690, 185.490, 18
1309, 653.690, 193.990, 18
1310, 653.690, 202.490, 18
1311, 653.690, 210.990, 18
1312, 653.690, 219.490, 18
1313, 653.690, 227.990, 18
1314, 653.690, 236.490, 14
1315, 653.690, 244.990, 14
1316, 653.690, 253.490, 14
1317, 653.690, 261.990, 14
1318, 653.690, 270.490, 14
1319, 653.690, 278.990, 14
1320, 653.690, 287.490, 14
1321, 653.690, 295.990, 14
1322, 653.690, 304.490, 11
1323, 653.690, 312.990, 11
1324, 653.690, 321.490, 11
1325, 653.690, 329.990, 11
1326, 653.690, 338.490, 11
1327, 653.690, 346.990, 11
1328, 653.690, 355.490, 11
1329, 653.690, 363.990, 11
1330, 653.690, 372.490, 11
1331, 653.690, 380.990, 11
1332, 653.690, 389.490, 16
1333, 653.690, 397.990, 16
1334, 653.690, 406.490, 16
1335, 653.690, 414.990, 16
1336, 653.690, 423.490, 16
1337, 653.690, 431.990, 16
1338, 653.690, 440.490, 16
1339, 653.690, 448.990, 16
1340, 653.690, 457.490, 20
1341, 653.690, 465.990, 20
1342, 653.690, 474.490, 20
1343, 653.690, 482.990, 20
1344, 653.690, 491.490, 20
1345, 653.690, 499.990, 20
1346, 653.690, 508.490, 20
1347, 653.690, 516.990, 13
1348, 653.690, 525.490, 13
1349, 653.690, 533.990, 13
1350, 653.690, 542.490, 13
1351, 653.690, 550.990, 13
1352, 653.690, 559.490, 13
1353, 653.690, 567.990, 13
1354, 653.690, 576.490, 13
1355, 653.690, 584.990, 13
1356, 653.690, 593.490, 13
1357, 653.690, 601.990, 13
1358, 674.560, 66.490, 19
1359, 674.560, 74.990, 19
1360, 674.560, 83.490, 19
1361, 674.560, 91.990, 19
1362, 674.560, 100.490, 19
1363, 674.560, 108.990, 19
1364, 674.560, 117.490, 19
1365, 674.560, 125.990, 19
1366, 674.560, 134.490, 19
1367, 674.560, 142.990, 19
1368, 674.560, 151.490, 19
1369, 674.560, 159.990, 19
1370, 674.560, 168.490, 18
1371, 674.560, 176.990, 18
1372, 674.560, 185.490, 18
1373, 674.560, 193.990, 18
1374, 674.560, 202.490, 18
1375, 674.560, 210.990, 18
1376, 674.560, 219.490, 18
1377, 674.560, 227.990, 18
1378, 674.560, 236.490, 14
1379, 674.560, 244.990, 14
1380, 674.560, 253.490, 14
1381, 674.560, 261.990, 14
1382, 674.560, 270.490, 14
1383, 674.560, 278.990, 14
1384, 674.560, 287.490, 14
1385, 674.560, 295.990, 14
1386, 674.560, 304.490, 2
1387, 674.560, 312.990, 2
1388, 674.560, 321.490, 2
1389, 674.560, 329.990, 2
1390, 674.560, 338.490, 2
1391, 674.560, 346.990, 2
1392, 674.560, 355.490, 2
1393, 674.560, 363.990, 2
1394, 674.560, 372.490, 2
1395, 674.560, 380.990, 2
1396, 674.560, 389.490, 16
1397, 674.560, 397.990, 16
1398, 674.560, 406.490, 16
1399, 674.560, 414.990, 16
1400, 674.560, 423.490, 16
1401, 674.560, 431.990, 16
1402, 674.560, 440.490, 16
1403, 674.560, 448.990, 16
1404, 674.560, 457.490, 20
1405, 674.560, 465.990, 20
1406, 674.560, 474.490, 20
1407, 674.560, 482.990, 20
1408, 674.560, 491.490, 20
1409, 674.560, 499.990, 20
1410, 674.560, 508.490, 20
1411, 674.560, 516.990, 13
1412, 674.560, 525.490, 13
1413, 674.560, 533.990, 13
1414, 674.560, 542.490, 13
1415, 674.560, 550.990, 13
1416, 674.560, 559.490, 13
1417, 674.560, 567.990, 13
1418, 674.560, 576.490, 13
1419, 674.560, 584.990, 13
1420, 674.560, 593.490, 13
1421, 674.560, 601.990, 13
1422, 695.430, 74.990, 19
1423, 695.430, 83.490, 19
1424, 695.430, 91.990, 19
1425, 695.430, 100.490, 19
1426, 695.430, 108.990, 19
1427, 695.430, 117.490, 19
1428, 695.430, 125.990, 19
1429, 695.430, 134.490, 19
1430, 695.430, 142.990, 19
1431, 695.430, 151.490, 19
1432, 695.430, 159.990, 19
1433, 695.430, 168.490, 18
1434, 695.430, 176.990, 18
1435, 695.430, 185.490, 18
1436, 695.430, 193.990, 18
1437, 695.430, 202.490, 18
1438, 695.430, 210.990, 18
1439, 695.430, 219.490, 18
1440, 695.430, 227.990, 18
1441, 695.430, 236.490, 14
1442, 695.430, 244.990, 14
1443, 695.430, 253.490, 14
1444, 695.430, 261.990, 14
1445, 695.430, 270.490, 14
1446, 695.430, 278.990, 14
1447, 695.430, 287.490, 14
1448, 695.430, 295.990, 14
1449, 695.430, 304.490, 2
1450, 695.430, 312.990, 2
1451, 695.430, 321.490, 2
1452, 695.430, 329.990, 2
1453, 695.430, 338.490, 2
1454, 695.430, 346.990, 2
1455, 695.430, 355.490, 2
1456, 695.430, 363.990, 2
1457, 695.430, 372.490, 2
1458, 695.430, 380.990, 2
1459, 695.430, 389.490, 16
1460, 695.430, 397.990, 16
1461, 695.430, 406.490, 16
1462, 695.430, 414.990, 16
1463, 695.430, 423.490, 16
1464, 695.430, 431.990, 16
1465, 695.430, 440.490, 16
1466, 695.430, 448.990, 16
1467, 695.430, 457.490, 20
1468, 695.430, 465.990, 20
1469, 695.430, 474.490, 20
1470, 695.430, 482.990, 20
1471, 695.430, 491.490, 20
1472, 695.430, 499.990, 20
1473, 695.430, 508.490, 20
1474, 695.430, 516.990, 13
1475, 695.430, 525.490, 13
1476, 695.430, 533.990, 13
1477, 695.430, 542.490, 13
1478, 695.430, 550.990, 13
1479, 695.430, 559.490, 13
1480, 695.430, 567.990, 13
1481, 695.430, 576.490, 13
1482, 695.430, 584.990, 13
1483, 695.430, 593.490, 13
1484, 695.430, 601.990, 13
1485, 716.300, 74.990, 19
1486, 716.300, 83.490, 19
1487, 716.300, 91.990, 19
1488, 716.300, 100.490, 19
1489, 716.300, 108.990, 19
1490, 716.300, 117.490, 19
1491, 716.300, 125.990, 19
1492, 716.300, 134.490, 19
1493, 716.300, 142.990, 19
1494, 716.300, 151.490, 19
1495, 716.300, 159.990, 19
1496, 716.300, 168.490, 25
1497, 716.300, 176.990, 25
1498, 716.300, 185.490, 25
1499, 716.300, 193.990, 25
1500, 716.300, 202.490, 14
1501, 716.300, 210.990, 14
1502, 716.300, 219.490, 14
1503, 716.300, 227.990, 14
1504, 716.300, 236.490, 14
1505, 716.300, 244.990, 14
1506, 716.300, 253.490, 14
1507, 716.300, 261.990, 14
1508, 716.300, 270.490, 14
1509, 716.300, 278.990, 14
1510, 716.300, 287.490, 14
1511, 716.300, 295.990, 14
1512, 716.300, 304.490, 2
1513, 716.300, 312.990, 2
1514, 716.300, 321.490, 2
1515, 716.300, 329.990, 2
1516, 716.300, 338.490, 2
1517, 716.300, 346.990, 2
1518, 716.300, 355.490, 2
1519, 716.300, 363.990, 2
1520, 716.300, 372.490, 2
1521, 716.300, 380.990, 2
1522, 716.300, 389.490, 16
1523, 716.300, 397.990, 16
1524, 716.300, 406.490, 16
1525, 716.300, 414.990, 16
1526, 716.300, 423.490, 16
1527, 716.300, 431.990, 16
1528, 716.300, 440.490, 16
1529, 716.300, 448.990, 16
1530, 716.300, 457.490, 20
1531, 716.300, 465.990, 20
1532, 716.300, 474.490, 20
1533, 716.300, 482.990, 20
1534, 716.300, 491.490, 20
1535, 716.300, 499.990, 20
1536, 716.300, 508.490, 20
1537, 716.300, 516.990, 13
1538, 716.300, 525.490, 13
1539, 716.300, 533.990, 13
1540, 716.300, 542.490, 13
1541, 716.300, 550.990, 13
1542, 716.300, 559.490, 13
1543, 716.300, 567.990, 13
1544, 716.300, 576.490, 13
1545, 716.300, 584.990, 13
1546, 716.300, 593.490, 13
1547, 716.300, 601.990, 13
1548, 737.170, 83.490, 19
1549, 737.170, 91.990, 19
1550, 737.170, 100.490, 19
1551, 737.170, 108.990, 19
1552, 737.170, 117.490, 19
1553, 737.170, 125.990, 19
1554, 737.170, 134.490, 19
1555, 737.170, 142.990, 19
1556, 737.170, 151.490, 25
1557, 737.170, 159.990, 25
1558, 737.170, 168.490, 25
1559, 737.170, 176.990, 25
1560, 737.170, 185.490, 25
1561, 737.170, 193.990, 25
1562, 737.170, 202.490, 14
1563, 737.170, 210.990, 14
1564, 737.170, 219.490, 14
1565, 737.170, 227.990, 14
1566, 737.170, 236.490, 14
1567, 737.170, 244.990, 14
1568, 737.170, 253.490, 14
1569, 737.170, 261.990, 14
1570, 737.170, 270.490, 14
1571, 737.170, 278.990, 14
1572, 737.170, 287.490, 14
1573, 737.170, 295.990, 14
1574, 737.170, 304.490, 2
1575, 737.170, 312.990, 2
1576, 737.170, 321.490, 2
1577, 737.170, 329.990, 2
1578, 737.170, 338.490, 2
1579, 737.170, 346.990, 2
1580, 737.170, 355.490, 2
1581, 737.170, 363.990, 2
1582, 737.170, 372.490, 2
1583, 737.170, 380.990, 2
1584, 737.170, 389.490, 16
1585, 737.170, 397.990, 16
1586, 737.170, 406.490, 16
1587, 737.170, 414.990, 16
1588, 737.170, 423.490, 16
1589, 737.170, 431.990, 16
1590, 737.170, 440.490, 16
1591, 737.170, 448.990, 16
1592, 737.170, 457.490, 20
1593, 737.170, 465.990, 20
1594, 737.170, 474.490, 20
1595, 737.170, 482.990, 20
1596, 737.170, 491.490, 20
1597, 737.170, 499.990, 20
1598, 737.170, 508.490, 20
1599, 737.170, 516.990, 13
1600, 737.170, 525.490, 13
1601, 737.170, 533.990, 13
1602, 737.170, 542.490, 13
1603, 737.170, 550.990, 13
1604, 737.170, 559.490, 13
1605, 737.170, 567.990, 13
1606, 737.170, 576.490, 13
1607, 737.170, 584.990, 13
1608, 737.170, 593.490, 13
1609, 758.040, 83.490, 19
1610, 758.040, 91.990, 19
1611, 758.040, 100.490, 19
1612, 758.040, 108.990, 19
1613, 758.040, 117.490, 19
1614, 758.040, 125.990, 19
1615, 758.040, 134.490, 19
1616, 758.040, 142.990, 19
1617, 758.040, 151.490, 25
1618, 758.040, 159.990, 25
1619, 758.040, 168.490, 25
1620, 758.040, 176.990, 25
1621, 758.040, 185.490, 25
1622, 758.040, 193.990, 25
1623, 758.040, 202.490, 14
1624, 758.040, 210.990, 14
1625, 758.040, 219.490, 14
1626, 758.040, 227.990, 14
1627, 758.040, 236.490, 14
1628, 758.040, 244.990, 14
1629, 758.040, 253.490, 14
1630, 758.040, 261.990, 14
1631, 758.040, 270.490, 14
1632, 758.040, 278.990, 14
1633, 758.040, 287.490, 14
1634, 758.040, 295.990, 14
1635, 758.040, 304.490, 2
1636, 758.040, 312.990, 2
1637, 758.040, 321.490, 2
1638, 758.040, 329.990, 2
1639, 758.040, 338.490, 2
1640, 758.040, 346.990, 2
1641, 758.040, 355.490, 2
1642, 758.040, 363.990, 2
1643, 758.040, 372.490, 2
1644, 758.040, 380.990, 2
1645, 758.040, 389.490, 16
1646, 758.040, 397.990, 16
1647, 758.040, 406.490, 16
1648, 758.040, 414.990, 16
1649, 758.040, 423.490, 16
1650, 758.040, 431.990, 16
1651, 758.040, 440.490, 16
1652, 758.040, 448.990, 16
1653, 758.040, 457.490, 20
1654, 758.040, 465.990, 20
1655, 758.040, 474.490, 20
1656, 758.040, 482.990, 20
1657, 758.040, 491.490, 20
1658, 758.040, 499.990, 20
1659, 758.040, 508.490, 20
1660, 758.040, 516.990, 13
1661, 758.040, 525.490, 13
1662, 758.040, 533.990, 13
1663, 758.040, 542.490, 13
1664, 758.040, 550.990, 13
1665, 758.040, 559.490, 13
1666, 758.040, 567.990, 13
1667, 758.040, 576.490, 13
1668, 758.040, 584.990, 13
1669, 758.040, 593.490, 13
1670, 778.910, 91.990, 25
1671, 778.910, 100.490, 25
1672, 778.910, 108.990, 25
1673, 778.910, 117.490, 25
1674, 778.910, 125.990, 25
1675, 778.910, 134.490, 25
1676, 778.910, 142.990, 25
1677, 778.910, 151.490, 25
1678, 778.910, 159.990, 25
1679, 778.910, 168.490, 25
1680, 778.910, 176.990, 25
1681, 778.910, 185.490, 25
1682, 778.910, 193.990, 25
1683, 778.910, 202.490, 21
1684, 778.910, 210.990, 21
1685, 778.910, 219.490, 21
1686, 778.910, 227.990, 21
1687, 778.910, 236.490, 21
1688, 778.910, 244.990, 21
1689, 778.910, 253.490, 21
1690, 778.910, 261.990, 21
1691, 778.910, 270.490, 21
1692, 778.910, 278.990, 21
1693, 778.910, 287.490, 21
1694, 778.910, 295.990, 21
1695, 778.910, 304.490, 2
1696, 778.910, 312.990, 2
1697, 778.910, 321.490, 2
1698, 778.910, 329.990, 2
1699, 778.910, 338.490, 2
1700, 778.910, 346.990, 2
1701, 778.910, 355.490, 2
1702, 778.910, 363.990, 2
1703, 778.910, 372.490, 2
1704, 778.910, 380.990, 2
1705, 778.910, 389.490, 16
1706, 778.910, 397.990, 16
1707, 778.910, 406.490, 16
1708, 778.910, 414.990, 16
1709, 778.910, 423.490, 16
1710, 778.910, 431.990, 16
1711, 778.910, 440.490, 16
1712, 778.910, 448.990, 16
1713, 778.910, 457.490, 20
1714, 778.910, 465.990, 20
1715, 778.910, 474.490, 20
1716, 778.910, 482.990, 20
1717, 778.910, 491.490, 20
1718, 778.910, 499.990, 20
1719, 778.910, 508.490, 20
1720, 778.910, 516.990, 13
1721, 778.910, 525.490, 13
1722, 778.910, 533.990, 13
1723, 778.910, 542.490, 13
1724, 778.910, 550.990, 13
1725, 778.910, 559.490, 13
1726, 778.910, 567.990, 13
1727, 778.910, 576.490, 13
1728, 778.910, 584.990, 13
1729, 778.910, 593.490, 13
1730, 799.780, 91.990, 25
1731, 799.780, 100.490, 25
1732, 799.780, 108.990, 25
1733, 799.780, 117.490, 25
1734, 799.780, 125.990, 25
1735, 799.780, 134.490, 25
1736, 799.780, 142.990, 25
1737, 799.780, 151.490, 25
1738, 799.780, 159.990, 25
1739, 799.780, 168.490, 25
1740, 799.780, 176.990, 25
1741, 799.780, 185.490, 25
1742, 799.780, 193.990, 25
1743, 799.780, 202.490, 21
1744, 799.780, 210.990, 21
1745, 799.780, 219.490, 21
1746, 799.780, 227.990, 21
1747, 799.780, 236.490, 21
1748, 799.780, 244.990, 21
1749, 799.780, 253.490, 21
1750, 799.780, 261.990, 21
1751, 799.780, 270.490, 21
1752, 799.780, 278.990, 21
1753, 799.780, 287.490, 21
1754, 799.780, 295.990, 21
1755, 799.780, 304.490, 2
1756, 799.780, 312.990, 2
1757, 799.780, 321.490, 2
1758, 799.780, 329.990, 2
1759, 799.780, 338.490, 2
1760, 799.780, 346.990, 2
1761, 799.780, 355.490, 2
1762, 799.780, 363.990, 2
1763, 799.780, 372.490, 2
1764, 799.780, 380.990, 2
1765, 799.780, 389.490, 16
1766, 799.780, 397.990, 16
1767, 799.780, 406.490, 16
1768, 799.780, 414.990, 16
1769, 799.780, 423.490, 16
1770, 799.780, 431.990, 16
1771, 799.780, 440.490, 16
1772, 799.780, 448.990, 16
1773, 799.780, 457.490, 20
1774, 799.780, 465.990, 20
1775, 799.780, 474.490, 20
1776, 799.780, 482.990, 20
1777, 799.780, 491.490, 20
1778, 799.780, 499.990, 20
1779, 799.780, 508.490, 20
1780, 799.780, 516.990, 13
1781, 799.780, 525.490, 13
1782, 799.780, 533.990, 13
1783, 799.780, 542.490, 13
1784, 799.780, 550.990, 13
1785, 799.780, 559.490, 13
1786, 799.780, 567.990, 13
1787, 799.780, 576.490, 13
1788, 799.780, 584.990, 13
1789, 799.780, 593.490, 13
1790, 820.650, 100.490, 25
1791, 820.650, 108.990, 25
1792, 820.650, 117.490, 25
1793, 820.650, 125.990, 25
1794, 820.650, 134.490, 25
1795, 820.650, 142.990, 25
1796, 820.650, 151.490, 25
1797, 820.650, 159.990, 25
1798, 820.650, 168.490, 25
1799, 820.650, 176.990, 25
1800, 820.650, 185.490, 25
1801, 820.650, 193.990, 25
1802, 820.650, 202.490, 21
1803, 820.650, 210.990, 21
1804, 820.650, 219.490, 21
1805, 820.650, 227.990, 21
1806, 820.650, 236.490, 21
1807, 820.650, 244.990, 21
1808, 820.650, 253.490, 21
1809, 820.650, 261.990, 21
1810, 820.650, 270.490, 21
1811, 820.650, 278.990, 21
1812, 820.650, 287.490, 21
1813, 820.650, 295.990, 21
1814, 820.650, 304.490, 2
1815, 820.650, 312.990, 2
1816, 820.650, 321.490, 2
1817, 820.650, 329.990, 2
1818, 820.650, 338.490, 2
1819, 820.650, 346.990, 2
1820, 820.650, 355.490, 2
1821, 820.650, 363.990, 2
1822, 820.650, 372.490, 2
1823, 820.650, 380.990, 2
1824, 820.650, 389.490, 16
1825, 820.650, 397.990, 16
1826, 820.650, 406.490, 16
1827, 820.650, 414.990, 16
1828, 820.650, 423.490, 16
1829, 820.650, 431.990, 16
1830, 820.650, 440.490, 16
1831, 820.650, 448.990, 20
1832, 820.650, 457.490, 20
1833, 820.650, 465.990, 20
1834, 820.650, 474.490, 20
1835, 820.650, 482.990, 20
1836, 820.650, 491.490, 20
1837, 820.650, 499.990, 20
1838, 820.650, 508.490, 20
1839, 820.650, 516.990, 20
1840, 820.650, 525.490, 13
1841, 820.650, 533.990, 13
1842, 820.650, 542.490, 13
1843, 820.650, 550.990, 13
1844, 820.650, 559.490, 13
1845, 820.650, 567.990, 13
1846, 820.650, 576.490, 13
1847, 820.650, 584.990, 13
1848, 820.650, 593.490, 13
1849, 841.520, 100.490, 25
1850, 841.520, 108.990, 25
1851, 841.520, 117.490, 25
1852, 841.520, 125.990, 25
1853, 841.520, 134.490, 25
1854, 841.520, 142.990, 25
1855, 841.520, 151.490, 25
1856, 841.520, 159.990, 25
1857, 841.520, 168.490, 25
1858, 841.520, 176.990, 25
1859, 841.520, 185.490, 25
1860, 841.520, 193.990, 25
1861, 841.520, 202.490, 21
1862, 841.520, 210.990, 21
1863, 841.520, 219.490, 21
1864, 841.520, 227.990, 21
1865, 841.520, 236.490, 21
1866, 841.520, 244.990, 21
1867, 841.520, 253.490, 21
1868, 841.520, 261.990, 21
1869, 841.520, 270.490, 21
1870, 841.520, 278.990, 21
1871, 841.520, 287.490, 21
1872, 841.520, 295.990, 21
1873, 841.520, 304.490, 21
1874, 841.520, 312.990, 2
1875, 841.520, 321.490, 2
1876, 841.520, 329.990, 2
1877, 841.520, 338.490, 2
1878, 841.520, 346.990, 2
1879, 841.520, 355.490, 2
1880, 841.520, 363.990, 2
1881, 841.520, 372.490, 2
1882, 841.520, 380.990, 2
1883, 841.520, 389.490, 2
1884, 841.520, 397.990, 16
1885, 841.520, 406.490, 16
1886, 841.520, 414.990, 16
1887, 841.520, 423.490, 16
1888, 841.520, 431.990, 16
1889, 841.520, 440.490, 16
1890, 841.520, 448.990, 20
1891, 841.520, 457.490, 20
1892, 841.520, 465.990, 20
1893, 841.520, 474.490, 20
1894, 841.520, 482.990, 20
1895, 841.520, 491.490, 20
1896, 841.520, 499.990, 20
1897, 841.520, 508.490, 20
1898, 841.520, 516.990, 20
1899, 841.520, 525.490, 13
1900, 841.520, 533.990, 13
1901, 841.520, 542.490, 13
1902, 841.520, 550.990, 13
1903, 841.520, 559.490, 13
1904, 841.520, 567.990, 13
1905, 841.520, 576.490, 13
1906, 841.520, 584.990, 13
1907, 862.390, 100.490, 25
1908, 862.390, 108.990, 25
1909, 862.390, 117.490, 25
1910, 862.390, 125.990, 25
1911, 862.390, 134.490, 25
1912, 862.390, 142.990, 25
1913, 862.390, 151.490, 25
1914, 862.390, 159.990, 25
1915, 862.390, 168.490, 25
1916, 862.390, 176.990, 25
1917, 862.390, 185.490, 25
1918, 862.390, 193.990, 25
1919, 862.390, 202.490, 21
1920, 862.390, 210.990, 21
1921, 862.390, 219.490, 21
1922, 862.390, 227.990, 21
1923, 862.390, 236.490, 21
1924, 862.390, 244.990, 21
1925, 862.390, 253.490, 21
1926, 862.390, 261.990, 21
1927, 862.390, 270.490, 21
1928, 862.390, 278.990, 21
1929, 862.390, 287.490, 21
1930, 862.390, 295.990, 21
1931, 862.390, 304.490, 21
1932, 862.390, 312.990, 2
1933, 862.390, 321.490, 2
1934, 862.390, 329.990, 2
1935, 862.390, 338.490, 2
1936, 862.390, 346.990, 2
1937, 862.390, 355.490, 2
1938, 862.390, 363.990, 2
1939, 862.390, 372.490, 2
1940, 862.390, 380.990, 2
1941, 862.390, 389.490, 2
1942, 862.390, 397.990, 9
1943, 862.390, 406.490, 9
1944, 862.390, 414.990, 9
1945, 862.390, 423.490, 9
1946, 862.390, 431.990, 9
1947, 862.390, 440.490, 9
1948, 862.390, 448.990, 20
1949, 862.390, 457.490, 20
1950, 862.390, 465.990, 20
1951, 862.390, 474.490, 20
1952, 862.390, 482.990, 20
1953, 862.390, 491.490, 20
1954, 862.390, 499.990, 20
1955, 862.390, 508.490, 20
1956, 862.390, 516.990, 20
1957, 862.390, 525.490, 13
1958, 862.390, 533.990, 13
1959, 862.390, 542.490, 13
1960, 862.390, 550.990, 13
1961, 862.390, 559.490, 13
1962, 862.390, 567.990, 13
1963, 862.390, 576.490, 13
1964, 862.390, 584.990, 13
1965, 883.260, 108.990, 25
1966, 883.260, 117.490, 25
1967, 883.260, 125.990, 25
1968, 883.260, 134.490, 25
1969, 883.260, 142.990, 25
1970, 883.260, 151.490, 25
1971, 883.260, 159.990, 25
1972, 883.260, 168.490, 25
1973, 883.260, 176.990, 25
1974, 883.260, 185.490, 25
1975, 883.260, 193.990, 25
1976, 883.260, 202.490, 21
1977, 883.260, 210.990, 21
1978, 883.260, 219.490, 21
1979, 883.260, 227.990, 21
1980, 883.260, 236.490, 21
1981, 883.260, 244.990, 21
1982, 883.260, 253.490, 21
1983, 883.260, 261.990, 21
1984, 883.260, 270.490, 21
1985, 883.260, 278.990, 21
1986, 883.260, 287.490, 21
1987, 883.260, 295.990, 21
1988, 883.260, 304.490, 21
1989, 883.260, 312.990, 2
1990, 883.260, 321.490, 2
1991, 883.260, 329.990, 2
1992, 883.260, 338.490, 2
1993, 883.260, 346.990, 2
1994, 883.260, 355.490, 2
1995, 883.260, 363.990, 2
1996, 883.260, 372.490, 2
1997, 883.260, 380.990, 2
1998, 883.260, 389.490, 9
1999, 883.260, 397.990, 9
2000, 883.260, 406.490, 9
2001, 883.260, 414.990, 9
2002, 883.260, 423.490, 9
2003, 883.260, 431.990, 9
2004, 883.260, 440.490, 9
2005, 883.260, 448.990, 20
2006, 883.260, 457.490, 20
2007, 883.260, 465.990, 20
2008, 883.260, 474.490, 20
2009, 883.260, 482.990, 20
2010, 883.260, 491.490, 20
2011, 883.260, 499.990, 20
2012, 883.260, 508.490, 20
2013, 883.260, 516.990, 20
2014, 883.260, 525.490, 29
2015, 883.260, 533.990, 29
2016, 883.260, 542.490, 29
2017, 883.260, 550.990, 29
2018, 883.260, 559.490, 29
2019, 883.260, 567.990, 29
2020, 883.260, 576.490, 29
2021, 883.260, 584.990, 29
2022, 904.130, 108.990, 25
2023, 904.130, 117.490, 25
2024, 904.130, 125.990, 25
2025, 904.130, 134.490, 25
2026, 904.130, 142.990, 25
2027, 904.130, 151.490, 25
2028, 904.130, 159.990, 25
2029, 904.130, 168.490, 25
2030, 904.130, 176.990, 25
2031, 904.130, 185.490, 25
2032, 904.130, 193.990, 25
2033, 904.130, 202.490, 21
2034, 904.130, 210.990, 21
2035, 904.130, 219.490, 21
2036, 904.130, 227.990, 21
2037, 904.130, 236.490, 21
2038, 904.130, 244.990, 21
2039, 904.130, 253.490, 21
2040, 904.130, 261.990, 21
2041, 904.130, 270.490, 21
2042, 904.130, 278.990, 21
2043, 904.130, 287.490, 21
2044, 904.130, 295.990, 21
2045, 904.130, 304.490, 3
2046, 904.130, 312.990, 3
2047, 904.130, 321.490, 3
2048, 904.130, 329.990, 3
2049, 904.130, 338.490, 3
2050, 904.130, 346.990, 3
2051, 904.130, 355.490, 3
2052, 904.130, 363.990, 3
2053, 904.130, 372.490, 9
2054, 904.130, 380.990, 9
2055, 904.130, 389.490, 9
2056, 904.130, 397.990, 9
2057, 904.130, 406.490, 9
2058, 904.130, 414.990, 9
2059, 904.130, 423.490, 9
2060, 904.130, 431.990, 9
2061, 904.130, 440.490, 9
2062, 904.130, 448.990, 20
2063, 904.130, 457.490, 20
2064, 904.130, 465.990, 20
2065, 904.130, 474.490, 20
2066, 904.130, 482.990, 20
2067, 904.130, 491.490, 20
2068, 904.130, 499.990, 20
2069, 904.130, 508.490, 20
2070, 904.130, 516.990, 20
2071, 904.130, 525.490, 29
2072, 904.130, 533.990, 29
2073, 904.130, 542.490, 29
2074, 904.130, 550.990, 29
2075, 904.130, 559.490, 29
2076, 904.130, 567.990, 29
2077, 904.130, 576.490, 29
2078, 904.130, 584.990, 29
2079, 925.000, 117.490, 25
2080, 925.000, 125.990, 25
2081, 925.000, 134.490, 25
2082, 925.000, 142.990, 25
2083, 925.000, 151.490, 25
2084, 925.000, 159.990, 28
2085, 925.000, 168.490, 28
2086, 925.000, 176.990, 28
2087, 925.000, 185.490, 28
2088, 925.000, 193.990, 28
2089, 925.000, 202.490, 21
2090, 925.000, 210.990, 21
2091, 925.000, 219.490, 21
2092, 925.000, 227.990, 21
2093, 925.000, 236.490, 21
2094, 925.000, 244.990, 21
2095, 925.000, 253.490, 21
2096, 925.000, 261.990, 21
2097, 925.000, 270.490, 21
2098, 925.000, 278.990, 21
2099, 925.000, 287.490, 21
2100, 925.000, 295.990, 21
2101, 925.000, 304.490, 3
2102, 925.000, 312.990, 3
2103, 925.000, 321.490, 3
2104, 925.000, 329.990, 3
2105, 925.000, 338.490, 3
2106, 925.000, 346.990, 3
2107, 925.000, 355.490, 3
2108, 925.000, 363.990, 3
2109, 925.000, 372.490, 9
2110, 925.000, 380.990, 9
2111, 925.000, 389.490, 9
2112, 925.000, 397.990, 9
2113, 925.000, 406.490, 9
2114, 925.000, 414.990, 9
2115, 925.000, 423.490, 9
2116, 925.000, 431.990, 9
2117, 925.000, 440.490, 9
2118, 925.000, 448.990, 20
2119, 925.000, 457.490, 20
2120, 925.000, 465.990, 20
2121, 925.000, 474.490, 20
2122, 925.000, 482.990, 20
2123, 925.000, 491.490, 20
2124, 925.000, 499.990, 20
2125, 925.000, 508.490, 20
2126, 925.000, 516.990, 29
2127, 925.000, 525.490, 29
2128, 925.000, 533.990, 29
2129, 925.000, 542.490, 29
2130, 925.000, 550.990, 29
2131, 925.000, 559.490, 29
2132, 925.000, 567.990, 29
2133, 925.000, 576.490, 29
2134, 925.000, 584.990, 29
2135, 945.870, 117.490, 25
2136, 945.870, 125.990, 25
2137, 945.870, 134.490, 25
2138, 945.870, 142.990, 25
2139, 945.870, 151.490, 28
2140, 945.870, 159.990, 28
2141, 945.870, 168.490, 28
2142, 945.870, 176.990, 28
2143, 945.870, 185.490, 28
2144, 945.870, 193.990, 28
2145, 945.870, 202.490, 28
2146, 945.870, 210.990, 28
2147, 945.870, 219.490, 21
2148, 945.870, 227.990, 21
2149, 945.870, 236.490, 21
2150, 945.870, 244.990, 21
2151, 945.870, 253.490, 21
2152, 945.870, 261.990, 21
2153, 945.870, 270.490, 21
2154, 945.870, 278.990, 21
2155, 945.870, 287.490, 21
2156, 945.870, 295.990, 21
2157, 945.870, 304.490, 3
2158, 945.870, 312.990, 3
2159, 945.870, 321.490, 3
2160, 945.870, 329.990, 3
2161, 945.870, 338.490, 3
2162, 945.870, 346.990, 3
2163, 945.870, 355.490, 3
2164, 945.870, 363.990, 3
2165, 945.870, 372.490, 9
2166, 945.870, 380.990, 9
2167, 945.870, 389.490, 9
2168, 945.870, 397.990, 9
2169, 945.870, 406.490, 9
2170, 945.870, 414.990, 9
2171, 945.870, 423.490, 9
2172, 945.870, 431.990, 9
2173, 945.870, 440.490, 7
2174, 945.870, 448.990, 7
2175, 945.870, 457.490, 7
2176, 945.870, 465.990, 7
2177, 945.870, 474.490, 7
2178, 945.870, 482.990, 7
2179, 945.870, 491.490, 7
2180, 945.870, 499.990, 7
2181, 945.870, 508.490, 7
2182, 945.870, 516.990, 29
2183, 945.870, 525.490, 29
2184, 945.870, 533.990, 29
2185, 945.870, 542.490, 29
2186, 945.870, 550.990, 29
2187, 945.870, 559.490, 29
2188, 945.870, 567.990, 29
2189, 945.870, 576.490, 29
2190, 945.870, 584.990, 29
2191, 966.740, 125.990, 28
2192, 966.740, 134.490, 28
2193, 966.740, 142.990, 28
2194, 966.740, 151.490, 28
2195, 966.740, 159.990, 28
2196, 966.740, 168.490, 28
2197, 966.740, 176.990, 28
2198, 966.740, 185.490, 28
2199, 966.740, 193.990, 28
2200, 966.740, 202.490, 28
2201, 966.740, 210.990, 28
2202, 966.740, 219.490, 15
2203, 966.740, 227.990, 15
2204, 966.740, 236.490, 15
2205, 966.740, 244.990, 15
2206, 966.740, 253.490, 15
2207, 966.740, 261.990, 15
2208, 966.740, 270.490, 15
2209, 966.740, 278.990, 15
2210, 966.740, 287.490, 15
2211, 966.740, 295.990, 15
2212, 966.740, 304.490, 3
2213, 966.740, 312.990, 3
2214, 966.740, 321.490, 3
2215, 966.740, 329.990, 3
2216, 966.740, 338.490, 3
2217, 966.740, 346.990, 3
2218, 966.740, 355.490, 3
2219, 966.740, 363.990, 3
2220, 966.740, 372.490, 9
2221, 966.740, 380.990, 9
2222, 966.740, 389.490, 9
2223, 966.740, 397.990, 9
2224, 966.740, 406.490, 9
2225, 966.740, 414.990, 9
2226, 966.740, 423.490, 9
2227, 966.740, 431.990, 9
2228, 966.740, 440.490, 7
2229, 966.740, 448.990, 7
2230, 966.740, 457.490, 7
2231, 966.740, 465.990, 7
2232, 966.740, 474.490, 7
2233, 966.740, 482.990, 7
2234, 966.740, 491.490, 7
2235, 966.740, 499.990, 7
2236, 966.740, 508.490, 7
2237, 966.740, 516.990, 29
2238, 966.740, 525.490, 29
2239, 966.740, 533.990, 29
2240, 966.740, 542.490, 29
2241, 966.740, 550.990, 29
2242, 966.740, 559.490, 29
2243, 966.740, 567.990, 29
2244, 966.740, 576.490, 29
2245, 966.740, 584.990, 29
2246, 987.610, 125.990, 28
2247, 987.610, 134.490, 28
2248, 987.610, 142.990, 28
2249, 987.610, 151.490, 28
2250, 987.610, 159.990, 28
2251, 987.610, 168.490, 28
2252, 987.610, 176.990, 28
2253, 987.610, 185.490, 28
2254, 987.610, 193.990, 28
2255, 987.610, 202.490, 28
2256, 987.610, 210.990, 28
2257, 987.610, 219.490, 15
2258, 987.610, 227.990, 15
2259, 987.610, 236.490, 15
2260, 987.610, 244.990, 15
2261, 987.610, 253.490, 15
2262, 987.610, 261.990, 15
2263, 987.610, 270.490, 15
2264, 987.610, 278.990, 15
2265, 987.610, 287.490, 15
2266, 987.610, 295.990, 15
2267, 987.610, 304.490, 3
2268, 987.610, 312.990, 3
2269, 987.610, 321.490, 3
2270, 987.610, 329.990, 3
2271, 987.610, 338.490, 3
2272, 987.610, 346.990, 3
2273, 987.610, 355.490, 3
2274, 987.610, 363.990, 3
2275, 987.610, 372.490, 9
2276, 987.610, 380.990, 9
2277, 987.610, 389.490, 9
2278, 987.610, 397.990, 9
2279, 987.610, 406.490, 9
2280, 987.610, 414.990, 9
2281, 987.610, 423.490, 9
2282, 987.610, 431.990, 9
2283, 987.610, 440.490, 7
2284, 987.610, 448.990, 7
2285, 987.610, 457.490, 7
2286, 987.610, 465.990, 7
2287, 987.610, 474.490, 7
2288, 987.610, 482.990, 7
2289, 987.610, 491.490, 7
2290, 987.610, 499.990, 7
2291, 987.610, 508.490, 7
2292, 987.610, 516.990, 29
2293, 987.610, 525.490, 29
2294, 987.610, 533.990, 29
2295, 987.610, 542.490, 29
2296, 987.610, 550.990, 29
2297, 987.610, 559.490, 29
2298, 987.610, 567.990, 29
2299, 987.610, 576.490, 29
2300, 1008.480, 134.490, 28
2301, 1008.480, 142.990, 28
2302, 1008.480, 151.490, 28
2303, 1008.480, 159.990, 28
2304, 1008.480, 168.490, 28
2305, 1008.480, 176.990, 28
2306, 1008.480, 185.490, 28
2307, 1008.480, 193.990, 28
2308, 1008.480, 202.490, 28
2309, 1008.480, 210.990, 28
2310, 1008.480, 219.490, 15
2311, 1008.480, 227.990, 15
2312, 1008.480, 236.490, 15
2313, 1008.480, 244.990, 15
2314, 1008.480, 253.490, 15
2315, 1008.480, 261.990, 15
2316, 1008.480, 270.490, 15
2317, 1008.480, 278.990, 15
2318, 1008.480, 287.490, 15
2319, 1008.480, 295.990, 15
2320, 1008.480, 304.490, 3
2321, 1008.480, 312.990, 3
2322, 1008.480, 321.490, 3
2323, 1008.480, 329.990, 3
2324, 1008.480, 338.490, 3
2325, 1008.480, 346.990, 3
2326, 1008.480, 355.490, 3
2327, 1008.480, 363.990, 3
2328, 1008.480, 372.490, 9
2329, 1008.480, 380.990, 9
2330, 1008.480, 389.490, 9
2331, 1008.480, 397.990, 9
2332, 1008.480, 406.490, 9
2333, 1008.480, 414.990, 9
2334, 1008.480, 423.490, 9
2335, 1008.480, 431.990, 9
2336, 1008.480, 440.490, 7
2337, 1008.480, 448.990, 7
2338, 1008.480, 457.490, 7
2339, 1008.480, 465.990, 7
2340, 1008.480, 474.490, 7
2341, 1008.480, 482.990, 7
2342, 1008.480, 491.490, 7
2343, 1008.480, 499.990, 7
2344, 1008.480, 508.490, 7
2345, 1008.480, 516.990, 29
2346, 1008.480, 525.490, 29
2347, 1008.480, 533.990, 29
2348, 1008.480, 542.490, 29
2349, 1008.480, 550.990, 29
2350, 1008.480, 559.490, 29
2351, 1008.480, 567.990, 29
2352, 1008.480, 576.490, 29
2353, 1029.350, 134.490, 28
2354, 1029.350, 142.990, 28
2355, 1029.350, 151.490, 28
2356, 1029.350, 159.990, 28
2357, 1029.350, 168.490, 28
2358, 1029.350, 176.990, 28
2359, 1029.350, 185.490, 28
2360, 1029.350, 193.990, 28
2361, 1029.350, 202.490, 28
2362, 1029.350, 210.990, 28
2363, 1029.350, 219.490, 15
2364, 1029.350, 227.990, 15
2365, 1029.350, 236.490, 15
2366, 1029.350, 244.990, 15
2367, 1029.350, 253.490, 15
2368, 1029.350, 261.990, 15
2369, 1029.350, 270.490, 15
2370, 1029.350, 278.990, 15
2371, 1029.350, 287.490, 15
2372, 1029.350, 295.990, 15
2373, 1029.350, 304.490, 3
2374, 1029.350, 312.990, 3
2375, 1029.350, 321.490, 3
2376, 1029.350, 329.990, 3
2377, 1029.350, 338.490, 3
2378, 1029.350, 346.990, 3
2379, 1029.350, 355.490, 3
2380, 1029.350, 363.990, 3
2381, 1029.350, 372.490, 9
2382, 1029.350, 380.990, 9
2383, 1029.350, 389.490, 9
2384, 1029.350, 397.990, 9
2385, 1029.350, 406.490, 9
2386, 1029.350, 414.990, 9
2387, 1029.350, 423.490, 9
2388, 1029.350, 431.990, 9
2389, 1029.350, 440.490, 7
2390, 1029.350, 448.990, 7
2391, 1029.350, 457.490, 7
2392, 1029.350, 465.990, 7
2393, 1029.350, 474.490, 7
2394, 1029.350, 482.990, 7
2395, 1029.350, 491.490, 7
2396, 1029.350, 499.990, 7
2397, 1029.350, 508.490, 7
2398, 1029.350, 516.990, 29
2399, 1029.350, 525.490, 29
2400, 1029.350, 533.990, 29
2401, 1029.350, 542.490, 29
2402, 1029.350, 550.990, 29
2403, 1029.350, 559.490, 29
2404, 1029.350, 567.990, 29
2405, 1029.350, 576.490, 29
2406, 1050.220, 142.990, 28
2407, 1050.220, 151.490, 28
2408, 1050.220, 159.990, 28
2409, 1050.220, 168.490, 28
2410, 1050.220, 176.990, 28
2411, 1050.220, 185.490, 28
2412, 1050.220, 193.990, 28
2413, 1050.220, 202.490, 28
2414, 1050.220, 210.990, 28
2415, 1050.220, 219.490, 28
2416, 1050.220, 227.990, 15
2417, 1050.220, 236.490, 15
2418, 1050.220, 244.990, 15
2419, 1050.220, 253.490, 15
2420, 1050.220, 261.990, 15
2421, 1050.220, 270.490, 15
2422, 1050.220, 278.990, 15
2423, 1050.220, 287.490, 15
2424, 1050.220, 295.990, 15
2425, 1050.220, 304.490, 3
2426, 1050.220, 312.990, 3
2427, 1050.220, 321.490, 3
2428, 1050.220, 329.990, 3
2429, 1050.220, 338.490, 3
2430, 1050.220, 346.990, 3
2431, 1050.220, 355.490, 3
2432, 1050.220, 363.990, 3
2433, 1050.220, 372.490, 9
2434, 1050.220, 380.990, 9
2435, 1050.220, 389.490, 9
2436, 1050.220, 397.990, 9
2437, 1050.220, 406.490, 9
2438, 1050.220, 414.990, 9
2439, 1050.220, 423.490, 9
2440, 1050.220, 431.990, 9
2441, 1050.220, 440.490, 7
2442, 1050.220, 448.990, 7
2443, 1050.220, 457.490, 7
2444, 1050.220, 465.990, 7
2445, 1050.220, 474.490, 7
2446, 1050.220, 482.990, 7
2447, 1050.220, 491.490, 7
2448, 1050.220, 499.990, 7
2449, 1050.220, 508.490, 7
2450, 1050.220, 516.990, 29
2451, 1050.220, 525.490, 29
2452, 1050.220, 533.990, 29
2453, 1050.220, 542.490, 29
2454, 1050.220, 550.990, 29
2455, 1050.220, 559.490, 29
2456, 1050.220, 567.990, 29
2457, 1050.220, 576.490, 29
2458, 1071.090, 151.490, 28
2459, 1071.090, 159.990, 28
2460, 1071.090, 168.490, 28
2461, 1071.090, 176.990, 28
2462, 1071.090, 185.490, 28
2463, 1071.090, 193.990, 28
2464, 1071.090, 202.490, 28
2465, 1071.090, 210.990, 28
2466, 1071.090, 219.490, 28
2467, 1071.090, 227.990, 15
2468, 1071.090, 236.490, 15
2469, 1071.090, 244.990, 15
2470, 1071.090, 253.490, 15
2471, 1071.090, 261.990, 15
2472, 1071.090, 270.490, 15
2473, 1071.090, 278.990, 15
2474, 1071.090, 287.490, 15
2475, 1071.090, 295.990, 15
2476, 1071.090, 304.490, 3
2477, 1071.090, 312.990, 3
2478, 1071.090, 321.490, 3
2479, 1071.090, 329.990, 3
2480, 1071.090, 338.490, 3
2481, 1071.090, 346.990, 3
2482, 1071.090, 355.490, 3
2483, 1071.090, 363.990, 3
2484, 1071.090, 372.490, 9
2485, 1071.090, 380.990, 9
2486, 1071.090, 389.490, 9
2487, 1071.090, 397.990, 9
2488, 1071.090, 406.490, 9
2489, 1071.090, 414.990, 9
2490, 1071.090, 423.490, 9
2491, 1071.090, 431.990, 9
2492, 1071.090, 440.490, 7
2493, 1071.090, 448.990, 7
2494, 1071.090, 457.490, 7
2495, 1071.090, 465.990, 7
2496, 1071.090, 474.490, 7
2497, 1071.090, 482.990, 7
2498, 1071.090, 491.490, 7
2499, 1071.090, 499.990, 7
2500, 1071.090, 508.490, 7
2501, 1071.090, 516.990, 29
2502, 1071.090, 525.490, 29
2503, 1071.090, 533.990, 29
2504, 1071.090, 542.490, 29
2505, 1071.090, 550.990, 29
2506, 1071.090, 559.490, 29
2507, 1071.090, 567.990, 29
2508, 1091.960, 159.990, 28
2509, 1091.960, 168.490, 28
2510, 1091.960, 176.990, 28
2511, 1091.960, 185.490, 28
2512, 1091.960, 193.990, 28
2513, 1091.960, 202.490, 28
2514, 1091.960, 210.990, 28
2515, 1091.960, 219.490, 28
2516, 1091.960, 227.990, 15
2517, 1091.960, 236.490, 15
2518, 1091.960, 244.990, 15
2519, 1091.960, 253.490, 15
2520, 1091.960, 261.990, 15
2521, 1091.960, 270.490, 15
2522, 1091.960, 278.990, 15
2523, 1091.960, 287.490, 15
2524, 1091.960, 295.990, 15
2525, 1091.960, 304.490, 3
2526, 1091.960, 312.990, 3
2527, 1091.960, 321.490, 3
2528, 1091.960, 329.990, 3
2529, 1091.960, 338.490, 3
2530, 1091.960, 346.990, 3
2531, 1091.960, 355.490, 3
2532, 1091.960, 363.990, 3
2533, 1091.960, 372.490, 9
2534, 1091.960, 380.990, 9
2535, 1091.960, 389.490, 9
2536, 1091.960, 397.990, 9
2537, 1091.960, 406.490, 9
2538, 1091.960, 414.990, 9
2539, 1091.960, 423.490, 9
2540, 1091.960, 431.990, 9
2541, 1091.960, 440.490, 7
2542, 1091.960, 448.990, 7
2543, 1091.960, 457.490, 7
2544, 1091.960, 465.990, 7
2545, 1091.960, 474.490, 7
2546, 1091.960, 482.990, 7
2547, 1091.960, 491.490, 7
2548, 1091.960, 499.990, 7
2549, 1091.960, 508.490, 7
2550, 1091.960, 516.990, 29
2551, 1091.960, 525.490, 29
2552, 1091.960, 533.990, 29
2553, 1091.960, 542.490, 29
2554, 1091.960, 550.990, 29
2555, 1091.960, 559.490, 29
2556, 1091.960, 567.990, 29
2557, 1112.830, 168.490, 28
2558, 1112.830, 176.990, 28
2559, 1112.830, 185.490, 28
2560, 1112.830, 193.990, 28
2561, 1112.830, 202.490, 28
2562, 1112.830, 210.990, 28
2563, 1112.830, 219.490, 28
2564, 1112.830, 227.990, 15
2565, 1112.830, 236.490, 15
2566, 1112.830, 244.990, 15
2567, 1112.830, 253.490, 15
2568, 1112.830, 261.990, 15
2569, 1112.830, 270.490, 15
2570, 1112.830, 278.990, 15
2571, 1112.830, 287.490, 15
2572, 1112.830, 295.990, 15
2573, 1112.830, 304.490, 3
2574, 1112.830, 312.990, 3
2575, 1112.830, 321.490, 3
2576, 1112.830, 329.990, 3
2577, 1112.830, 338.490, 3
2578, 1112.830, 346.990, 3
2579, 1112.830, 355.490, 3
2580, 1112.830, 363.990, 3
2581, 1112.830, 372.490, 9
2582, 1112.830, 380.990, 9
2583, 1112.830, 389.490, 9
2584, 1112.830, 397.990, 9
2585, 1112.830, 406.490, 9
2586, 1112.830, 414.990, 9
2587, 1112.830, 423.490, 9
2588, 1112.830, 431.990, 7
2589, 1112.830, 440.490, 7
2590, 1112.830, 448.990, 7
2591, 1112.830, 457.490, 7
2592, 1112.830, 465.990, 7
2593, 1112.830, 474.490, 7
2594, 1112.830, 482.990, 7
2595, 1112.830, 491.490, 7
2596, 1112.830, 499.990, 7
2597, 1112.830, 508.490, 7
2598, 1112.830, 516.990, 29
2599, 1112.830, 525.490, 29
2600, 1112.830, 533.990, 29
2601, 1112.830, 542.490, 29
2602, 1112.830, 550.990, 29
2603, 1112.830, 559.490, 29
2604, 1112.830, 567.990, 29
2605, 1133.700, 176.990, 28
2606, 1133.700, 185.490, 28
2607, 1133.700, 193.990, 28
2608, 1133.700, 202.490, 28
2609, 1133.700, 210.990, 28
2610, 1133.700, 219.490, 28
2611, 1133.700, 227.990, 15
2612, 1133.700, 236.490, 15
2613, 1133.700, 244.990, 15
2614, 1133.700, 253.490, 15
2615, 1133.700, 261.990, 15
2616, 1133.700, 270.490, 15
2617, 1133.700, 278.990, 15
2618, 1133.700, 287.490, 15
2619, 1133.700, 295.990, 15
2620, 1133.700, 304.490, 3
2621, 1133.700, 312.990, 3
2622, 1133.700, 321.490, 3
2623, 1133.700, 329.990, 3
2624, 1133.700, 338.490, 3
2625, 1133.700, 346.990, 3
2626, 1133.700, 355.490, 3
2627, 1133.700, 363.990, 3
2628, 1133.700, 372.490, 9
2629, 1133.700, 380.990, 9
2630, 1133.700, 389.490, 9
2631, 1133.700, 397.990, 9
2632, 1133.700, 406.490, 9
2633, 1133.700, 414.990, 9
2634, 1133.700, 423.490, 9
2635, 1133.700, 431.990, 7
2636, 1133.700, 440.490, 7
2637, 1133.700, 448.990, 7
2638, 1133.700, 457.490, 7
2639, 1133.700, 465.990, 7
2640, 1133.700, 474.490, 7
2641, 1133.700, 482.990, 7
2642, 1133.700, 491.490, 7
2643, 1133.700, 499.990, 7
2644, 1133.700, 508.490, 7
2645, 1133.700, 516.990, 29
2646, 1133.700, 525.490, 29
2647, 1133.700, 533.990, 29
2648, 1133.700, 542.490, 29
2649, 1133.700, 550.990, 29
2650, 1133.700, 559.490, 29
2651, 1133.700, 567.990, 29
2652, 1154.570, 185.490, 28
2653, 1154.570, 193.990, 28
2654, 1154.570, 202.490, 28
2655, 1154.570, 210.990, 28
2656, 1154.570, 219.490, 28
2657, 1154.570, 227.990, 15
2658, 1154.570, 236.490, 15
2659, 1154.570, 244.990, 15
2660, 1154.570, 253.490, 15
2661, 1154.570, 261.990, 15
2662, 1154.570, 270.490, 15
2663, 1154.570, 278.990, 15
2664, 1154.570, 287.490, 15
2665, 1154.570, 295.990, 15
2666, 1154.570, 304.490, 3
2667, 1154.570, 312.990, 3
2668, 1154.570, 321.490, 3
2669, 1154.570, 329.990, 3
2670, 1154.570, 338.490, 3
2671, 1154.570, 346.990, 3
2672, 1154.570, 355.490, 3
2673, 1154.570, 363.990, 3
2674, 1154.570, 372.490, 5
2675, 1154.570, 380.990, 5
2676, 1154.570, 389.490, 5
2677, 1154.570, 397.990, 5
2678, 1154.570, 406.490, 5
2679, 1154.570, 414.990, 5
2680, 1154.570, 423.490, 5
2681, 1154.570, 431.990, 7
2682, 1154.570, 440.490, 7
2683, 1154.570, 448.990, 7
2684, 1154.570, 457.490, 7
2685, 1154.570, 465.990, 7
2686, 1154.570, 474.490, 7
2687, 1154.570, 482.990, 7
2688, 1154.570, 491.490, 7
2689, 1154.570, 499.990, 7
2690, 1154.570, 508.490, 7
2691, 1154.570, 516.990, 29
2692, 1154.570, 525.490, 29
2693, 1154.570, 533.990, 29
2694, 1154.570, 542.490, 29
2695, 1154.570, 550.990, 29
2696, 1154.570, 559.490, 29
2697, 1175.440, 193.990, 28
2698, 1175.440, 202.490, 28
2699, 1175.440, 210.990, 28
2700, 1175.440, 219.490, 28
2701, 1175.440, 227.990, 15
2702, 1175.440, 236.490, 15
2703, 1175.440, 244.990, 15
2704, 1175.440, 253.490, 15
2705, 1175.440, 261.990, 15
2706, 1175.440, 270.490, 15
2707, 1175.440, 278.990, 15
2708, 1175.440, 287.490, 15
2709, 1175.440, 295.990, 15
2710, 1175.440, 304.490, 3
2711, 1175.440, 312.990, 3
2712, 1175.440, 321.490, 3
2713, 1175.440, 329.990, 3
2714, 1175.440, 338.490, 3
2715, 1175.440, 346.990, 5
2716, 1175.440, 355.490, 5
2717, 1175.440, 363.990, 5
2718, 1175.440, 372.490, 5
2719, 1175.440, 380.990, 5
2720, 1175.440, 389.490, 5
2721, 1175.440, 397.990, 5
2722, 1175.440, 406.490, 5
2723, 1175.440, 414.990, 5
2724, 1175.440, 423.490, 10
2725, 1175.440, 431.990, 10
2726, 1175.440, 440.490, 10
2727, 1175.440, 448.990, 10
2728, 1175.440, 457.490, 7
2729, 1175.440, 465.990, 7
2730, 1175.440, 474.490, 7
2731, 1175.440, 482.990, 7
2732, 1175.440, 491.490, 7
2733, 1175.440, 499.990, 7
2734, 1175.440, 508.490, 7
2735, 1175.440, 516.990, 1
2736, 1175.440, 525.490, 1
2737, 1175.440, 533.990, 1
2738, 1175.440, 542.490, 1
2739, 1175.440, 550.990, 1
2740, 1175.440, 559.490, 1
2741, 1196.310, 202.490, 28
2742, 1196.310, 210.990, 28
2743, 1196.310, 219.490, 28
2744, 1196.310, 227.990, 15
2745, 1196.310, 236.490, 15
2746, 1196.310, 244.990, 15
2747, 1196.310, 253.490, 15
2748, 1196.310, 261.990, 15
2749, 1196.310, 270.490, 15
2750, 1196.310, 278.990, 4
2751, 1196.310, 287.490, 4
2752, 1196.310, 295.990, 4
2753, 1196.310, 304.490, 4
2754, 1196.310, 312.990, 4
2755, 1196.310, 321.490, 4
2756, 1196.310, 329.990, 4
2757, 1196.310, 338.490, 4
2758, 1196.310, 346.990, 5
2759, 1196.310, 355.490, 5
2760, 1196.310, 363.990, 5
2761, 1196.310, 372.490, 5
2762, 1196.310, 380.990, 5
2763, 1196.310, 389.490, 5
2764, 1196.310, 397.990, 5
2765, 1196.310, 406.490, 5
2766, 1196.310, 414.990, 5
2767, 1196.310, 423.490, 10
2768, 1196.310, 431.990, 10
2769, 1196.310, 440.490, 10
2770, 1196.310, 448.990, 10
2771, 1196.310, 457.490, 10
2772, 1196.310, 465.990, 10
2773, 1196.310, 474.490, 10
2774, 1196.310, 482.990, 10
2775, 1196.310, 491.490, 1
2776, 1196.310, 499.990, 1
2777, 1196.310, 508.490, 1
2778, 1196.310, 516.990, 1
2779, 1196.310, 525.490, 1
2780, 1196.310, 533.990, 1
2781, 1196.310, 542.490, 1
2782, 1196.310, 550.990, 1
2783, 1196.310, 559.490, 1
2784, 1217.180, 210.990, 28
2785, 1217.180, 219.490, 28
2786, 1217.180, 227.990, 4
2787, 1217.180, 236.490, 4
2788, 1217.180, 244.990, 4
2789, 1217.180, 253.490, 4
2790, 1217.180, 261.990, 4
2791, 1217.180, 270.490, 4
2792, 1217.180, 278.990, 4
2793, 1217.180, 287.490, 4
2794, 1217.180, 295.990, 4
2795, 1217.180, 304.490, 4
2796, 1217.180, 312.990, 4
2797, 1217.180, 321.490, 4
2798, 1217.180, 329.990, 4
2799, 1217.180, 338.490, 4
2800, 1217.180, 346.990, 5
2801, 1217.180, 355.490, 5
2802, 1217.180, 363.990, 5
2803, 1217.180, 372.490, 5
2804, 1217.180, 380.990, 5
2805, 1217.180, 389.490, 5
2806, 1217.180, 397.990, 5
2807, 1217.180, 406.490, 5
2808, 1217.180, 414.990, 5
2809, 1217.180, 423.490, 10
2810, 1217.180, 431.990, 10
2811, 1217.180, 440.490, 10
2812, 1217.180, 448.990, 10
2813, 1217.180, 457.490, 10
2814, 1217.180, 465.990, 10
2815, 1217.180, 474.490, 10
2816, 1217.180, 482.990, 10
2817, 1217.180, 491.490, 1
2818, 1217.180, 499.990, 1
2819, 1217.180, 508.490, 1
2820, 1217.180, 516.990, 1
2821, 1217.180, 525.490, 1
2822, 1217.180, 533.990, 1
2823, 1217.180, 542.490, 1
2824, 1217.180, 550.990, 1
2825, 1217.180, 559.490, 1
2826, 1238.050, 219.490, 4
2827, 1238.050, 227.990, 4
2828, 1238.050, 236.490, 4
2829, 1238.050, 244.990, 4
2830, 1238.050, 253.490, 4
2831, 1238.050, 261.990, 4
2832, 1238.050, 270.490, 4
2833, 1238.050, 278.990, 4
2834, 1238.050, 287.490, 4
2835, 1238.050, 295.990, 4
2836, 1238.050, 304.490, 4
2837, 1238.050, 312.990, 4
2838, 1238.050, 321.490, 4
2839, 1238.050, 329.990, 4
2840, 1238.050, 338.490, 4
2841, 1238.050, 346.990, 5
2842, 1238.050, 355.490, 5
2843, 1238.050, 363.990, 5
2844, 1238.050, 372.490, 5
2845, 1238.050, 380.990, 5
2846, 1238.050, 389.490, 5
2847, 1238.050, 397.990, 5
2848, 1238.050, 406.490, 5
2849, 1238.050, 414.990, 5
2850, 1238.050, 423.490, 10
2851, 1238.050, 431.990, 10
2852, 1238.050, 440.490, 10
2853, 1238.050, 448.990, 10
2854, 1238.050, 457.490, 10
2855, 1238.050, 465.990, 10
2856, 1238.050, 474.490, 10
2857, 1238.050, 482.990, 10
2858, 1238.050, 491.490, 1
2859, 1238.050, 499.990, 1
2860, 1238.050, 508.490, 1
2861, 1238.050, 516.990, 1
2862, 1238.050, 525.490, 1
2863, 1238.050, 533.990, 1
2864, 1238.050, 542.490, 1
2865, 1238.050, 550.990, 1
2866, 1258.920, 227.990, 4
2867, 1258.920, 236.490, 4
2868, 1258.920, 244.990, 4
2869, 1258.920, 253.490, 4
2870, 1258.920, 261.990, 4
2871, 1258.920, 270.490, 4
2872, 1258.920, 278.990, 4
2873, 1258.920, 287.490, 4
2874, 1258.920, 295.990, 4
2875, 1258.920, 304.490, 4
2876, 1258.920, 312.990, 4
2877, 1258.920, 321.490, 4
2878, 1258.920, 329.990, 4
2879, 1258.920, 338.490, 4
2880, 1258.920, 346.990, 4
2881, 1258.920, 355.490, 5
2882, 1258.920, 363.990, 5
2883, 1258.920, 372.490, 5
2884, 1258.920, 380.990, 5
2885, 1258.920, 389.490, 5
2886, 1258.920, 397.990, 5
2887, 1258.920, 406.490, 5
2888, 1258.920, 414.990, 5
2889, 1258.920, 423.490, 10
2890, 1258.920, 431.990, 10
2891, 1258.920, 440.490, 10
2892, 1258.920, 448.990, 10
2893, 1258.920, 457.490, 10
2894, 1258.920, 465.990, 10
2895, 1258.920, 474.490, 10
2896, 1258.920, 482.990, 10
2897, 1258.920, 491.490, 1
2898, 1258.920, 499.990, 1
2899, 1258.920, 508.490, 1
2900, 1258.920, 516.990, 1
2901, 1258.920, 525.490, 1
2902, 1258.920, 533.990, 1
2903, 1258.920, 542.490, 1
2904, 1258.920, 550.990, 1
2905, 1279.790, 236.490, 4
2906, 1279.790, 244.990, 4
2907, 1279.790, 253.490, 4
2908, 1279.790, 261.990, 4
2909, 1279.790, 270.490, 4
2910, 1279.790, 278.990, 4
2911, 1279.790, 287.490, 4
2912, 1279.790, 295.990, 4
2913, 1279.790, 304.490, 4
2914, 1279.790, 312.990, 4
2915, 1279.790, 321.490, 4
2916, 1279.790, 329.990, 4
2917, 1279.790, 338.490, 4
2918, 1279.790, 346.990, 4
2919, 1279.790, 355.490, 5
2920, 1279.790, 363.990, 5
2921, 1279.790, 372.490, 5
2922, 1279.790, 380.990, 5
2923, 1279.790, 389.490, 5
2924, 1279.790, 397.990, 5
2925, 1279.790, 406.490, 5
2926, 1279.790, 414.990, 5
2927, 1279.790, 423.490, 10
2928, 1279.790, 431.990, 10
2929, 1279.790, 440.490, 10
2930, 1279.790, 448.990, 10
2931, 1279.790, 457.490, 10
2932, 1279.790, 465.990, 10
2933, 1279.790, 474.490, 10
2934, 1279.790, 482.990, 10
2935, 1279.790, 491.490, 1
2936, 1279.790, 499.990, 1
2937, 1279.790, 508.490, 1
2938, 1279.790, 516.990, 1
2939, 1279.790, 525.490, 1
2940, 1279.790, 533.990, 1
2941, 1279.790, 542.490, 1
2942, 1279.790, 550.990, 1
2943, 1300.660, 244.990, 4
2944, 1300.660, 253.490, 4
2945, 1300.660, 261.990, 4
2946, 1300.660, 270.490, 4
2947, 1300.660, 278.990, 4
2948, 1300.660, 287.490, 4
2949, 1300.660, 295.990, 4
2950, 1300.660, 304.490, 4
2951, 1300.660, 312.990, 4
2952, 1300.660, 321.490, 4
2953, 1300.660, 329.990, 4
2954, 1300.660, 338.490, 4
2955, 1300.660, 346.990, 4
2956, 1300.660, 355.490, 5
2957, 1300.660, 363.990, 5
2958, 1300.660, 372.490, 5
2959, 1300.660, 380.990, 5
2960, 1300.660, 389.490, 5
2961, 1300.660, 397.990, 5
2962, 1300.660, 406.490, 5
2963, 1300.660, 414.990, 5
2964, 1300.660, 423.490, 10
2965, 1300.660, 431.990, 10
2966, 1300.660, 440.490, 10
2967, 1300.660, 448.990, 10
2968, 1300.660, 457.490, 10
2969, 1300.660, 465.990, 10
2970, 1300.660, 474.490, 10
2971, 1300.660, 482.990, 10
2972, 1300.660, 491.490, 1
2973, 1300.660, 499.990, 1
2974, 1300.660, 508.490, 1
2975, 1300.660, 516.990, 1
2976, 1300.660, 525.490, 1
2977, 1300.660, 533.990, 1
2978, 1300.660, 542.490, 1
2979, 1300.660, 550.990, 1
2980, 1321.530, 261.990, 4
2981, 1321.530, 270.490, 4
2982, 1321.530, 278.990, 4
2983, 1321.530, 287.490, 4
2984, 1321.530, 295.990, 4
2985, 1321.530, 304.490, 4
2986, 1321.530, 312.990, 4
2987, 1321.530, 321.490, 4
2988, 1321.530, 329.990, 4
2989, 1321.530, 338.490, 4
2990, 1321.530, 346.990, 4
2991, 1321.530, 355.490, 5
2992, 1321.530, 363.990, 5
2993, 1321.530, 372.490, 5
2994, 1321.530, 380.990, 5
2995, 1321.530, 389.490, 5
2996, 1321.530, 397.990, 5
2997, 1321.530, 406.490, 5
2998, 1321.530, 414.990, 5
2999, 1321.530, 423.490, 10
3000, 1321.530, 431.990, 10
3001, 1321.530, 440.490, 10
3002, 1321.530, 448.990, 10
3003, 1321.530, 457.490, 10
3004, 1321.530, 465.990, 10
3005, 1321.530, 474.490, 10
3006, 1321.530, 482.990, 10
3007, 1321.530, 491.490, 1
3008, 1321.530, 499.990, 1
3009, 1321.530, 508.490, 1
3010, 1321.530, 516.990, 1
3011, 1321.530, 525.490, 1
3012, 1321.530, 533.990, 1
3013, 1321.530, 542.490, 1
3014, 1342.400, 278.990, 4
3015, 1342.400, 287.490, 4
3016, 1342.400, 295.990, 4
3017, 1342.400, 304.490, 4
3018, 1342.400, 312.990, 4
3019, 1342.400, 321.490, 4
3020, 1342.400, 329.990, 4
3021, 1342.400, 338.490, 4
3022, 1342.400, 346.990, 4
3023, 1342.400, 355.490, 5
3024, 1342.400, 363.990, 5
3025, 1342.400, 372.490, 5
3026, 1342.400, 380.990, 5
3027, 1342.400, 389.490, 5
3028, 1342.400, 397.990, 5
3029, 1342.400, 406.490, 5
3030, 1342.400, 414.990, 5
3031, 1342.400, 423.490, 10
3032, 1342.400, 431.990, 10
3033, 1342.400, 440.490, 10
3034, 1342.400, 448.990, 10
3035, 1342.400, 457.490, 10
3036, 1342.400, 465.990, 10
3037, 1342.400, 474.490, 10
3038, 1342.400, 482.990, 10
3039, 1342.400, 491.490, 1
3040, 1342.400, 499.990, 1
3041, 1342.400, 508.490, 1
3042, 1342.400, 516.990, 1
3043, 1342.400, 525.490, 1
3044, 1342.400, 533.990, 1
3045, 1342.400, 542.490, 1
3046, 1363.270, 295.990, 4
3047, 1363.270, 304.490, 4
3048, 1363.270, 312.990, 4
3049, 1363.270, 321.490, 4
3050, 1363.270, 329.990, 4
3051, 1363.270, 338.490, 4
3052, 1363.270, 346.990, 4
3053, 1363.270, 355.490, 5
3054, 1363.270, 363.990, 5
3055, 1363.270, 372.490, 5
3056, 1363.270, 380.990, 5
3057, 1363.270, 389.490, 5
3058, 1363.270, 397.990, 5
3059, 1363.270, 406.490, 5
3060, 1363.270, 414.990, 5
3061, 1363.270, 423.490, 10
3062, 1363.270, 431.990, 10
3063, 1363.270, 440.490, 10
3064, 1363.270, 448.990, 10
3065, 1363.270, 457.490, 10
3066, 1363.270, 465.990, 10
3067, 1363.270, 474.490, 10
3068, 1363.270, 482.990, 10
3069, 1363.270, 491.490, 1
3070, 1363.270, 499.990, 1
3071, 1363.270, 508.490, 1
3072, 1363.270, 516.990, 1
3073, 1363.270, 525.490, 1
3074, 1363.270, 533.990, 1
3075, 1363.270, 542.490, 1
3076, 1384.140, 329.990, 4
3077, 1384.140, 338.490, 4
3078, 1384.140, 346.990, 4
3079, 1384.140, 355.490, 5
3080, 1384.140, 363.990, 5
3081, 1384.140, 372.490, 5
3082, 1384.140, 380.990, 5
3083, 1384.140, 389.490, 5
3084, 1384.140, 397.990, 5
3085, 1384.140, 406.490, 5
3086, 1384.140, 414.990, 5
3087, 1384.140, 423.490, 10
3088, 1384.140, 431.990, 10
3089, 1384.140, 440.490, 10
3090, 1384.140, 448.990, 10
3091, 1384.140, 457.490, 10
3092, 1384.140, 465.990, 10
3093, 1384.140, 474.490, 10
3094, 1384.140, 482.990, 10
3095, 1384.140, 491.490, 1
3096, 1384.140, 499.990, 1
3097, 1384.140, 508.490, 1
3098, 1384.140, 516.990, 1
3099, 1384.140, 525.490, 1
3100, 1384.140, 533.990, 1
3101, 1384.140, 542.490, 1
3102, 1405.010, 363.990, 5
3103, 1405.010, 372.490, 5
3104, 1405.010, 380.990, 5
3105, 1405.010, 389.490, 5
3106, 1405.010, 397.990, 5
3107, 1405.010, 406.490, 5
3108, 1405.010, 414.990, 5
3109, 1405.010, 423.490, 10
3110, 1405.010, 431.990, 10
3111, 1405.010, 440.490, 10
3112, 1405.010, 448.990, 10
3113, 1405.010, 457.490, 10
3114, 1405.010, 465.990, 10
3115, 1405.010, 474.490, 10
3116, 1405.010, 482.990, 10
3117, 1405.010, 491.490, 1
3118, 1405.010, 499.990, 1
3119, 1405.010, 508.490, 1
3120, 1405.010, 516.990, 1
3121, 1405.010, 525.490, 1
3122, 1405.010, 533.990, 1
3123, 1425.880, 397.990, 5
3124, 1425.880, 406.490, 5
3125, 1425.880, 414.990, 5
3126, 1425.880, 423.490, 10
3127, 1425.880, 431.990, 10
3128, 1425.880, 440.490, 10
3129, 1425.880, 448.990, 10
3130, 1425.880, 457.490, 10
3131, 1425.880, 465.990, 10
3132, 1425.880, 474.490, 10
3133, 1425.880, 482.990, 10
3134, 1425.880, 491.490, 1
3135, 1425.880, 499.990, 1
3136, 1425.880, 508.490, 1
3137, 1425.880, 516.990, 1
3138, 1425.880, 525.490, 1
3139, 1425.880, 533.990, 1
3140, 1446.750, 423.490, 10
3141, 1446.750, 431.990, 10
3142, 1446.750, 440.490, 10
3143, 1446.750, 448.990, 10
3144, 1446.750, 457.490, 10
3145, 1446.750, 465.990, 10
3146, 1446.750, 474.490, 10
3147, 1446.750, 482.990, 10
3148, 1446.750, 491.490, 1
3149, 1446.750, 499.990, 1
3150, 1446.750, 508.490, 1
3151, 1446.750, 516.990, 1
3152, 1446.750, 525.490, 1
3153, 1446.750, 533.990, 1
3154, 1467.620, 482.990, 10
3155, 1467.620, 491.490, 1
3156, 1467.620, 499.990, 1
3157, 1467.620, 508.490, 1
3158, 1467.620, 516.990, 1
3159, 1467.620, 525.490, 1
3160, 1467.620, 533.990, 1
3161, 1488.490, 533.990, 1
