1, 313.880, 6.060, 7
2, 334.750, 6.060, 7
3, 355.620, 6.060, 7
4, 376.490, 6.060, 7
5, 397.360, 6.060, 7
6, 418.230, 6.060, 7
7, 439.100, 6.060, 7
8, 459.970, 6.060, 7
9, 480.840, 6.060, 7
10, 501.710, 6.060, 7
11, 522.580, 6.060, 2
12, 543.450, 6.060, 2
13, 564.320, 6.060, 2
14, 585.190, 6.060, 2
15, 606.060, 6.060, 2
16, 626.930, 6.060, 2
17, 647.800, 6.060, 2
18, 668.670, 6.060, 2
19, 689.540, 6.060, 2
20, 710.410, 6.060, 2
21, 731.280, 6.060, 2
22, 752.150, 6.060, 1
23, 773.020, 6.060, 1
24, 793.890, 6.060, 1
25, 814.760, 6.060, 1
26, 835.630, 6.060, 1
27, 293.010, 14.560, 7
28, 313.880, 14.560, 7
29, 334.750, 14.560, 7
30, 355.620, 14.560, 7
31, 376.490, 14.560, 7
32, 397.360, 14.560, 7
33, 418.230, 14.560, 7
34, 439.100, 14.560, 7
35, 459.970, 14.560, 7
36, 480.840, 14.560, 7
37, 501.710, 14.560, 7
38, 522.580, 14.560, 2
39, 543.450, 14.560, 2
40, 564.320, 14.560, 2
41, 585.190, 14.560, 2
42, 606.060, 14.560, 2
43, 626.930, 14.560, 2
44, 647.800, 14.560, 2
45, 668.670, 14.560, 2
46, 689.540, 14.560, 2
47, 710.410, 14.560, 2
48, 731.280, 14.560, 2
49, 752.150, 14.560, 1
50, 773.020, 14.560, 1
51, 793.890, 14.560, 1
52, 814.760, 14.560, 1
53, 835.630, 14.560, 1
54, 856.500, 14.560, 1
55, 272.140, 23.060, 7
56, 293.010, 23.060, 7
57, 313.880, 23.060, 7
58, 334.750, 23.060, 7
59, 355.620, 23.060, 7
60, 376.490, 23.060, 7
61, 397.360, 23.060, 7
62, 418.230, 23.060, 7
63, 439.100, 23.060, 7
64, 459.970, 23.060, 7
65, 480.840, 23.060, 7
66, 501.710, 23.060, 7
67, 522.580, 23.060, 2
68, 543.450, 23.060, 2
69, 564.320, 23.060, 2
70, 585.190, 23.060, 2
71, 606.060, 23.060, 2
72, 626.930, 23.060, 2
73, 647.800, 23.060, 2
74, 668.670, 23.060, 2
75, 689.540, 23.060, 2
76, 710.410, 23.060, 2
77, 731.280, 23.060, 2
78, 752.150, 23.060, 1
79, 773.020, 23.060, 1
80, 793.890, 23.060, 1
81, 814.760, 23.060, 1
82, 835.630, 23.060, 1
83, 856.500, 23.060, 1
84, 877.370, 23.060, 1
85, 272.140, 31.560, 7
86, 293.010, 31.560, 7
87, 313.880, 31.560, 7
88, 334.750, 31.560, 7
89, 355.620, 31.560, 7
90, 376.490, 31.560, 7
91, 397.360, 31.560, 7
92, 418.230, 31.560, 7
93, 439.100, 31.560, 7
94, 459.970, 31.560, 7
95, 480.840, 31.560, 7
96, 501.710, 31.560, 7
97, 522.580, 31.560, 2
98, 543.450, 31.560, 2
99, 564.320, 31.560, 2
100, 585.190, 31.560, 2
101, 606.060, 31.560, 2
102, 626.930, 31.560, 2
103, 647.800, 31.560, 2
104, 668.670, 31.560, 2
105, 689.540, 31.560, 2
106, 710.410, 31.560, 2
107, 731.280, 31.560, 2
108, 752.150, 31.560, 1
109, 773.020, 31.560, 1
110, 793.890, 31.560, 1
111, 814.760, 31.560, 1
112, 835.630, 31.560, 1
113, 856.500, 31.560, 1
114, 877.370, 31.560, 1
115, 898.240, 31.560, 1
116, 251.270, 40.060, 7
117, 272.140, 40.060, 7
118, 293.010, 40.060, 7
119, 313.880, 40.060, 7
120, 334.750, 40.060, 7
121, 355.620, 40.060, 7
122, 376.490, 40.060, 7
123, 397.360, 40.060, 7
124, 418.230, 40.060, 7
125, 439.100, 40.060, 7
126, 459.970, 40.060, 7
127, 480.840, 40.060, 7
128, 501.710, 40.060, 7
129, 522.580, 40.060, 2
130, 543.450, 40.060, 2
131, 564.320, 40.060, 2
132, 585.190, 40.060, 2
133, 606.060, 40.060, 2
134, 626.930, 40.060, 2
135, 647.800, 40.060, 2
136, 668.670, 40.060, 2
137, 689.540, 40.060, 2
138, 710.410, 40.060, 2
139, 731.280, 40.060, 2
140, 752.150, 40.060, 1
141, 773.020, 40.060, 1
142, 793.890, 40.060, 1
143, 814.760, 40.060, 1
144, 835.630, 40.060, 1
145, 856.500, 40.060, 1
146, 877.370, 40.060, 1
147, 898.240, 40.060, 1
148, 919.110, 40.060, 1
149, 230.400, 48.560, 7
150, 251.270, 48.560, 7
151, 272.140, 48.560, 7
152, 293.010, 48.560, 7
153, 313.880, 48.560, 7
154, 334.750, 48.560, 7
155, 355.620, 48.560, 7
156, 376.490, 48.560, 7
157, 397.360, 48.560, 7
158, 418.230, 48.560, 7
159, 439.100, 48.560, 7
160, 459.970, 48.560, 7
161, 480.840, 48.560, 7
162, 501.710, 48.560, 7
163, 522.580, 48.560, 2
164, 543.450, 48.560, 2
165, 564.320, 48.560, 2
166, 585.190, 48.560, 2
167, 606.060, 48.560, 2
168, 626.930, 48.560, 2
169, 647.800, 48.560, 2
170, 668.670, 48.560, 2
171, 689.540, 48.560, 2
172, 710.410, 48.560, 2
173, 731.280, 48.560, 2
174, 752.150, 48.560, 1
175, 773.020, 48.560, 1
176, 793.890, 48.560, 1
177, 814.760, 48.560, 1
178, 835.630, 48.560, 1
179, 856.500, 48.560, 1
180, 877.370, 48.560, 1
181, 898.240, 48.560, 1
182, 919.110, 48.560, 1
183, 939.980, 48.560, 1
184, 209.530, 57.060, 7
185, 230.400, 57.060, 7
186, 251.270, 57.060, 7
187, 272.140, 57.060, 7
188, 293.010, 57.060, 7
189, 313.880, 57.060, 7
190, 334.750, 57.060, 7
191, 355.620, 57.060, 7
192, 376.490, 57.060, 7
193, 397.360, 57.060, 7
194, 418.230, 57.060, 7
195, 439.100, 57.060, 7
196, 459.970, 57.060, 7
197, 480.840, 57.060, 7
198, 501.710, 57.060, 7
199, 522.580, 57.060, 2
200, 543.450, 57.060, 2
201, 564.320, 57.060, 2
202, 585.190, 57.060, 2
203, 606.060, 57.060, 2
204, 626.930, 57.060, 2
205, 647.800, 57.060, 2
206, 668.670, 57.060, 2
207, 689.540, 57.060, 2
208, 710.410, 57.060, 2
209, 731.280, 57.060, 2
210, 752.150, 57.060, 1
211, 773.020, 57.060, 1
212, 793.890, 57.060, 1
213, 814.760, 57.060, 1
214, 835.630, 57.060, 1
215, 856.500, 57.060, 1
216, 877.370, 57.060, 1
217, 898.240, 57.060, 1
218, 919.110, 57.060, 1
219, 939.980, 57.060, 1
220, 960.850, 57.060, 1
221, 981.720, 57.060, 1
222, 209.530, 65.560, 7
223, 230.400, 65.560, 7
224, 251.270, 65.560, 7
225, 272.140, 65.560, 7
226, 293.010, 65.560, 7
227, 313.880, 65.560, 7
228, 334.750, 65.560, 7
229, 355.620, 65.560, 7
230, 376.490, 65.560, 7
231, 397.360, 65.560, 7
232, 418.230, 65.560, 7
233, 439.100, 65.560, 7
234, 459.970, 65.560, 7
235, 480.840, 65.560, 7
236, 501.710, 65.560, 7
237, 522.580, 65.560, 2
238, 543.450, 65.560, 2
239, 564.320, 65.560, 2
240, 585.190, 65.560, 2
241, 606.060, 65.560, 2
242, 626.930, 65.560, 2
243, 647.800, 65.560, 2
244, 668.670, 65.560, 2
245, 689.540, 65.560, 2
246, 710.410, 65.560, 2
247, 731.280, 65.560, 1
248, 752.150, 65.560, 1
249, 773.020, 65.560, 1
250, 793.890, 65.560, 1
251, 814.760, 65.560, 1
252, 835.630, 65.560, 1
253, 856.500, 65.560, 1
254, 877.370, 65.560, 1
255, 898.240, 65.560, 1
256, 919.110, 65.560, 1
257, 939.980, 65.560, 1
258, 960.850, 65.560, 1
259, 981.720, 65.560, 1
260, 188.660, 74.060, 6
261, 209.530, 74.060, 6
262, 230.400, 74.060, 6
263, 251.270, 74.060, 6
264, 272.140, 74.060, 6
265, 293.010, 74.060, 6
266, 313.880, 74.060, 6
267, 334.750, 74.060, 6
268, 355.620, 74.060, 6
269, 376.490, 74.060, 7
270, 397.360, 74.060, 7
271, 418.230, 74.060, 7
272, 439.100, 74.060, 7
273, 459.970, 74.060, 7
274, 480.840, 74.060, 7
275, 501.710, 74.060, 7
276, 522.580, 74.060, 2
277, 543.450, 74.060, 2
278, 564.320, 74.060, 2
279, 585.190, 74.060, 2
280, 606.060, 74.060, 2
281, 626.930, 74.060, 2
282, 647.800, 74.060, 2
283, 668.670, 74.060, 2
284, 689.540, 74.060, 2
285, 710.410, 74.060, 2
286, 731.280, 74.060, 1
287, 752.150, 74.060, 1
288, 773.020, 74.060, 1
289, 793.890, 74.060, 1
290, 814.760, 74.060, 1
291, 835.630, 74.060, 1
292, 856.500, 74.060, 1
293, 877.370, 74.060, 1
294, 898.240, 74.060, 1
295, 919.110, 74.060, 1
296, 939.980, 74.060, 1
297, 960.850, 74.060, 1
298, 981.720, 74.060, 1
299, 1002.590, 74.060, 1
300, 167.790, 82.560, 6
301, 188.660, 82.560, 6
302, 209.530, 82.560, 6
303, 230.400, 82.560, 6
304, 251.270, 82.560, 6
305, 272.140, 82.560, 6
306, 293.010, 82.560, 6
307, 313.880, 82.560, 6
308, 334.750, 82.560, 6
309, 355.620, 82.560, 6
310, 376.490, 82.560, 6
311, 397.360, 82.560, 6
312, 418.230, 82.560, 4
313, 439.100, 82.560, 4
314, 459.970, 82.560, 4
315, 480.840, 82.560, 4
316, 501.710, 82.560, 4
317, 522.580, 82.560, 4
318, 543.450, 82.560, 4
319, 564.320, 82.560, 4
320, 585.190, 82.560, 4
321, 606.060, 82.560, 2
322, 626.930, 82.560, 2
323, 647.800, 82.560, 2
324, 668.670, 82.560, 2
325, 689.540, 82.560, 2
326, 710.410, 82.560, 2
327, 731.280, 82.560, 1
328, 752.150, 82.560, 1
329, 773.020, 82.560, 1
330, 793.890, 82.560, 1
331, 814.760, 82.560, 1
332, 835.630, 82.560, 1
333, 856.500, 82.560, 1
334, 877.370, 82.560, 1
335, 898.240, 82.560, 1
336, 919.110, 82.560, 1
337, 939.980, 82.560, 1
338, 960.850, 82.560, 1
339, 981.720, 82.560, 1
340, 1002.590, 82.560, 1
341, 146.920, 91.060, 6
342, 167.790, 91.060, 6
343, 188.660, 91.060, 6
344, 209.530, 91.060, 6
345, 230.400, 91.060, 6
346, 251.270, 91.060, 6
347, 272.140, 91.060, 6
348, 293.010, 91.060, 6
349, 313.880, 91.060, 6
350, 334.750, 91.060, 6
351, 355.620, 91.060, 6
352, 376.490, 91.060, 6
353, 397.360, 91.060, 6
354, 418.230, 91.060, 4
355, 439.100, 91.060, 4
356, 459.970, 91.060, 4
357, 480.840, 91.060, 4
358, 501.710, 91.060, 4
359, 522.580, 91.060, 4
360, 543.450, 91.060, 4
361, 564.320, 91.060, 4
362, 585.190, 91.060, 4
363, 606.060, 91.060, 2
364, 626.930, 91.060, 2
365, 647.800, 91.060, 2
366, 668.670, 91.060, 2
367, 689.540, 91.060, 2
368, 710.410, 91.060, 2
369, 731.280, 91.060, 1
370, 752.150, 91.060, 1
371, 773.020, 91.060, 1
372, 793.890, 91.060, 1
373, 814.760, 91.060, 1
374, 835.630, 91.060, 1
375, 856.500, 91.060, 1
376, 877.370, 91.060, 1
377, 898.240, 91.060, 1
378, 919.110, 91.060, 1
379, 939.980, 91.060, 1
380, 960.850, 91.060, 9
381, 981.720, 91.060, 9
382, 1002.590, 91.060, 9
383, 1023.460, 91.060, 9
384, 167.790, 99.560, 6
385, 188.660, 99.560, 6
386, 209.530, 99.560, 6
387, 230.400, 99.560, 6
388, 251.270, 99.560, 6
389, 272.140, 99.560, 6
390, 293.010, 99.560, 6
391, 313.880, 99.560, 6
392, 334.750, 99.560, 6
393, 355.620, 99.560, 6
394, 376.490, 99.560, 6
395, 397.360, 99.560, 6
396, 418.230, 99.560, 4
397, 439.100, 99.560, 4
398, 459.970, 99.560, 4
399, 480.840, 99.560, 4
400, 501.710, 99.560, 4
401, 522.580, 99.560, 4
402, 543.450, 99.560, 4
403, 564.320, 99.560, 4
404, 585.190, 99.560, 4
405, 606.060, 99.560, 4
406, 626.930, 99.560, 4
407, 647.800, 99.560, 3
408, 668.670, 99.560, 3
409, 689.540, 99.560, 3
410, 710.410, 99.560, 3
411, 731.280, 99.560, 3
412, 752.150, 99.560, 3
413, 773.020, 99.560, 3
414, 793.890, 99.560, 3
415, 814.760, 99.560, 3
416, 835.630, 99.560, 3
417, 856.500, 99.560, 9
418, 877.370, 99.560, 9
419, 898.240, 99.560, 9
420, 919.110, 99.560, 9
421, 939.980, 99.560, 9
422, 960.850, 99.560, 9
423, 981.720, 99.560, 9
424, 1002.590, 99.560, 9
425, 1023.460, 99.560, 9
426, 1044.330, 99.560, 9
427, 188.660, 108.060, 6
428, 209.530, 108.060, 6
429, 230.400, 108.060, 6
430, 251.270, 108.060, 6
431, 272.140, 108.060, 6
432, 293.010, 108.060, 6
433, 313.880, 108.060, 6
434, 334.750, 108.060, 6
435, 355.620, 108.060, 6
436, 376.490, 108.060, 6
437, 397.360, 108.060, 6
438, 418.230, 108.060, 4
439, 439.100, 108.060, 4
440, 459.970, 108.060, 4
441, 480.840, 108.060, 4
442, 501.710, 108.060, 4
443, 522.580, 108.060, 4
444, 543.450, 108.060, 4
445, 564.320, 108.060, 4
446, 585.190, 108.060, 4
447, 606.060, 108.060, 4
448, 626.930, 108.060, 4
449, 647.800, 108.060, 3
450, 668.670, 108.060, 3
451, 689.540, 108.060, 3
452, 710.410, 108.060, 3
453, 731.280, 108.060, 3
454, 752.150, 108.060, 3
455, 773.020, 108.060, 3
456, 793.890, 108.060, 3
457, 814.760, 108.060, 3
458, 835.630, 108.060, 3
459, 856.500, 108.060, 9
460, 877.370, 108.060, 9
461, 898.240, 108.060, 9
462, 919.110, 108.060, 9
463, 939.980, 108.060, 9
464, 960.850, 108.060, 9
465, 981.720, 108.060, 9
466, 1002.590, 108.060, 9
467, 1023.460, 108.060, 9
468, 188.660, 116.560, 6
469, 209.530, 116.560, 6
470, 230.400, 116.560, 6
471, 251.270, 116.560, 6
472, 272.140, 116.560, 6
473, 293.010, 116.560, 6
474, 313.880, 116.560, 6
475, 334.750, 116.560, 6
476, 355.620, 116.560, 6
477, 376.490, 116.560, 6
478, 397.360, 116.560, 4
479, 418.230, 116.560, 4
480, 439.100, 116.560, 4
481, 459.970, 116.560, 4
482, 480.840, 116.560, 4
483, 501.710, 116.560, 4
484, 522.580, 116.560, 4
485, 543.450, 116.560, 4
486, 564.320, 116.560, 4
487, 585.190, 116.560, 4
488, 606.060, 116.560, 4
489, 626.930, 116.560, 4
490, 647.800, 116.560, 3
491, 668.670, 116.560, 3
492, 689.540, 116.560, 3
493, 710.410, 116.560, 3
494, 731.280, 116.560, 3
495, 752.150, 116.560, 3
496, 773.020, 116.560, 3
497, 793.890, 116.560, 3
498, 814.760, 116.560, 3
499, 835.630, 116.560, 9
500, 856.500, 116.560, 9
501, 877.370, 116.560, 9
502, 898.240, 116.560, 9
503, 919.110, 116.560, 9
504, 939.980, 116.560, 9
505, 960.850, 116.560, 9
506, 981.720, 116.560, 9
507, 1002.590, 116.560, 9
508, 1023.460, 116.560, 9
509, 209.530, 125.060, 6
510, 230.400, 125.060, 6
511, 251.270, 125.060, 6
512, 272.140, 125.060, 6
513, 293.010, 125.060, 6
514, 313.880, 125.060, 6
515, 334.750, 125.060, 6
516, 355.620, 125.060, 6
517, 376.490, 125.060, 6
518, 397.360, 125.060, 4
519, 418.230, 125.060, 4
520, 439.100, 125.060, 4
521, 459.970, 125.060, 4
522, 480.840, 125.060, 4
523, 501.710, 125.060, 4
524, 522.580, 125.060, 4
525, 543.450, 125.060, 4
526, 564.320, 125.060, 4
527, 585.190, 125.060, 4
528, 606.060, 125.060, 4
529, 626.930, 125.060, 4
530, 647.800, 125.060, 3
531, 668.670, 125.060, 3
532, 689.540, 125.060, 3
533, 710.410, 125.060, 3
534, 731.280, 125.060, 3
535, 752.150, 125.060, 3
536, 773.020, 125.060, 3
537, 793.890, 125.060, 3
538, 814.760, 125.060, 3
539, 835.630, 125.060, 9
540, 856.500, 125.060, 9
541, 877.370, 125.060, 9
542, 898.240, 125.060, 9
543, 919.110, 125.060, 9
544, 939.980, 125.060, 9
545, 960.850, 125.060, 9
546, 981.720, 125.060, 9
547, 1002.590, 125.060, 9
548, 1023.460, 125.060, 9
549, 230.400, 133.560, 6
550, 251.270, 133.560, 6
551, 272.140, 133.560, 6
552, 293.010, 133.560, 6
553, 313.880, 133.560, 6
554, 334.750, 133.560, 6
555, 355.620, 133.560, 6
556, 376.490, 133.560, 6
557, 397.360, 133.560, 4
558, 418.230, 133.560, 4
559, 439.100, 133.560, 4
560, 459.970, 133.560, 4
561, 480.840, 133.560, 4
562, 501.710, 133.560, 4
563, 522.580, 133.560, 4
564, 543.450, 133.560, 4
565, 564.320, 133.560, 4
566, 585.190, 133.560, 4
567, 606.060, 133.560, 4
568, 626.930, 133.560, 4
569, 647.800, 133.560, 3
570, 668.670, 133.560, 3
571, 689.540, 133.560, 3
572, 710.410, 133.560, 3
573, 731.280, 133.560, 3
574, 752.150, 133.560, 3
575, 773.020, 133.560, 3
576, 793.890, 133.560, 3
577, 814.760, 133.560, 3
578, 835.630, 133.560, 9
579, 856.500, 133.560, 9
580, 877.370, 133.560, 9
581, 898.240, 133.560, 9
582, 919.110, 133.560, 9
583, 939.980, 133.560, 9
584, 960.850, 133.560, 9
585, 981.720, 133.560, 9
586, 1002.590, 133.560, 9
587, 1023.460, 133.560, 9
588, 230.400, 142.060, 6
589, 251.270, 142.060, 6
590, 272.140, 142.060, 6
591, 293.010, 142.060, 6
592, 313.880, 142.060, 6
593, 334.750, 142.060, 6
594, 355.620, 142.060, 6
595, 376.490, 142.060, 6
596, 397.360, 142.060, 4
597, 418.230, 142.060, 4
598, 439.100, 142.060, 4
599, 459.970, 142.060, 4
600, 480.840, 142.060, 4
601, 501.710, 142.060, 4
602, 522.580, 142.060, 4
603, 543.450, 142.060, 4
604, 564.320, 142.060, 4
605, 585.190, 142.060, 4
606, 606.060, 142.060, 4
607, 626.930, 142.060, 4
608, 647.800, 142.060, 3
609, 668.670, 142.060, 3
610, 689.540, 142.060, 3
611, 710.410, 142.060, 3
612, 731.280, 142.060, 3
613, 752.150, 142.060, 3
614, 773.020, 142.060, 3
615, 793.890, 142.060, 3
616, 814.760, 142.060, 3
617, 835.630, 142.060, 9
618, 856.500, 142.060, 9
619, 877.370, 142.060, 9
620, 898.240, 142.060, 9
621, 919.110, 142.060, 9
622, 939.980, 142.060, 9
623, 960.850, 142.060, 9
624, 981.720, 142.060, 9
625, 1002.590, 142.060, 9
626, 1023.460, 142.060, 9
627, 251.270, 150.560, 6
628, 272.140, 150.560, 6
629, 293.010, 150.560, 6
630, 313.880, 150.560, 6
631, 334.750, 150.560, 6
632, 355.620, 150.560, 6
633, 376.490, 150.560, 6
634, 397.360, 150.560, 4
635, 418.230, 150.560, 4
636, 439.100, 150.560, 4
637, 459.970, 150.560, 4
638, 480.840, 150.560, 4
639, 501.710, 150.560, 4
640, 522.580, 150.560, 4
641, 543.450, 150.560, 4
642, 564.320, 150.560, 4
643, 585.190, 150.560, 4
644, 606.060, 150.560, 4
645, 626.930, 150.560, 3
646, 647.800, 150.560, 3
647, 668.670, 150.560, 3
648, 689.540, 150.560, 3
649, 710.410, 150.560, 3
650, 731.280, 150.560, 3
651, 752.150, 150.560, 3
652, 773.020, 150.560, 3
653, 793.890, 150.560, 3
654, 814.760, 150.560, 3
655, 835.630, 150.560, 9
656, 856.500, 150.560, 9
657, 877.370, 150.560, 9
658, 898.240, 150.560, 9
659, 919.110, 150.560, 9
660, 939.980, 150.560, 9
661, 960.850, 150.560, 9
662, 981.720, 150.560, 9
663, 1002.590, 150.560, 9
664, 1023.460, 150.560, 9
665, 272.140, 159.060, 6
666, 293.010, 159.060, 6
667, 313.880, 159.060, 6
668, 334.750, 159.060, 6
669, 355.620, 159.060, 6
670, 376.490, 159.060, 6
671, 397.360, 159.060, 4
672, 418.230, 159.060, 4
673, 439.100, 159.060, 4
674, 459.970, 159.060, 4
675, 480.840, 159.060, 4
676, 501.710, 159.060, 4
677, 522.580, 159.060, 4
678, 543.450, 159.060, 4
679, 564.320, 159.060, 4
680, 585.190, 159.060, 4
681, 606.060, 159.060, 3
682, 626.930, 159.060, 3
683, 647.800, 159.060, 3
684, 668.670, 159.060, 3
685, 689.540, 159.060, 3
686, 710.410, 159.060, 3
687, 731.280, 159.060, 3
688, 752.150, 159.060, 3
689, 773.020, 159.060, 3
690, 793.890, 159.060, 3
691, 814.760, 159.060, 3
692, 835.630, 159.060, 9
693, 856.500, 159.060, 9
694, 877.370, 159.060, 9
695, 898.240, 159.060, 9
696, 919.110, 159.060, 9
697, 939.980, 159.060, 9
698, 960.850, 159.060, 9
699, 981.720, 159.060, 9
700, 1002.590, 159.060, 9
701, 293.010, 167.560, 6
702, 313.880, 167.560, 6
703, 334.750, 167.560, 6
704, 355.620, 167.560, 6
705, 376.490, 167.560, 8
706, 397.360, 167.560, 8
707, 418.230, 167.560, 8
708, 439.100, 167.560, 8
709, 459.970, 167.560, 8
710, 480.840, 167.560, 8
711, 501.710, 167.560, 8
712, 522.580, 167.560, 8
713, 543.450, 167.560, 8
714, 564.320, 167.560, 8
715, 585.190, 167.560, 8
716, 606.060, 167.560, 3
717, 626.930, 167.560, 3
718, 647.800, 167.560, 3
719, 668.670, 167.560, 3
720, 689.540, 167.560, 3
721, 710.410, 167.560, 3
722, 731.280, 167.560, 3
723, 752.150, 167.560, 3
724, 773.020, 167.560, 3
725, 793.890, 167.560, 3
726, 814.760, 167.560, 3
727, 835.630, 167.560, 9
728, 856.500, 167.560, 9
729, 877.370, 167.560, 9
730, 898.240, 167.560, 9
731, 919.110, 167.560, 9
732, 939.980, 167.560, 9
733, 960.850, 167.560, 9
734, 981.720, 167.560, 9
735, 1002.590, 167.560, 9
736, 313.880, 176.060, 8
737, 334.750, 176.060, 8
738, 355.620, 176.060, 8
739, 376.490, 176.060, 8
740, 397.360, 176.060, 8
741, 418.230, 176.060, 8
742, 439.100, 176.060, 8
743, 459.970, 176.060, 8
744, 480.840, 176.060, 8
745, 501.710, 176.060, 8
746, 522.580, 176.060, 8
747, 543.450, 176.060, 8
748, 564.320, 176.060, 8
749, 585.190, 176.060, 8
750, 606.060, 176.060, 3
751, 626.930, 176.060, 3
752, 647.800, 176.060, 3
753, 668.670, 176.060, 3
754, 689.540, 176.060, 3
755, 710.410, 176.060, 3
756, 731.280, 176.060, 3
757, 752.150, 176.060, 3
758, 773.020, 176.060, 3
759, 793.890, 176.060, 3
760, 814.760, 176.060, 3
761, 835.630, 176.060, 9
762, 856.500, 176.060, 9
763, 877.370, 176.060, 9
764, 898.240, 176.060, 9
765, 919.110, 176.060, 9
766, 939.980, 176.060, 9
767, 960.850, 176.060, 9
768, 981.720, 176.060, 9
769, 1002.590, 176.060, 9
770, 313.880, 184.560, 8
771, 334.750, 184.560, 8
772, 355.620, 184.560, 8
773, 376.490, 184.560, 8
774, 397.360, 184.560, 8
775, 418.230, 184.560, 8
776, 439.100, 184.560, 8
777, 459.970, 184.560, 8
778, 480.840, 184.560, 8
779, 501.710, 184.560, 8
780, 522.580, 184.560, 8
781, 543.450, 184.560, 8
782, 564.320, 184.560, 8
783, 585.190, 184.560, 8
784, 606.060, 184.560, 3
785, 626.930, 184.560, 3
786, 647.800, 184.560, 3
787, 668.670, 184.560, 3
788, 689.540, 184.560, 3
789, 710.410, 184.560, 3
790, 731.280, 184.560, 3
791, 752.150, 184.560, 3
792, 773.020, 184.560, 3
793, 793.890, 184.560, 3
794, 814.760, 184.560, 10
795, 835.630, 184.560, 9
796, 856.500, 184.560, 9
797, 877.370, 184.560, 9
798, 898.240, 184.560, 9
799, 919.110, 184.560, 9
800, 939.980, 184.560, 9
801, 960.850, 184.560, 9
802, 981.720, 184.560, 9
803, 1002.590, 184.560, 9
804, 334.750, 193.060, 8
805, 355.620, 193.060, 8
806, 376.490, 193.060, 8
807, 397.360, 193.060, 8
808, 418.230, 193.060, 8
809, 439.100, 193.060, 8
810, 459.970, 193.060, 8
811, 480.840, 193.060, 8
812, 501.710, 193.060, 8
813, 522.580, 193.060, 8
814, 543.450, 193.060, 8
815, 564.320, 193.060, 8
816, 585.190, 193.060, 8
817, 606.060, 193.060, 5
818, 626.930, 193.060, 5
819, 647.800, 193.060, 5
820, 668.670, 193.060, 5
821, 689.540, 193.060, 5
822, 710.410, 193.060, 5
823, 731.280, 193.060, 5
824, 752.150, 193.060, 5
825, 773.020, 193.060, 5
826, 793.890, 193.060, 10
827, 814.760, 193.060, 10
828, 835.630, 193.060, 10
829, 856.500, 193.060, 10
830, 877.370, 193.060, 10
831, 898.240, 193.060, 10
832, 919.110, 193.060, 10
833, 939.980, 193.060, 10
834, 960.850, 193.060, 10
835, 981.720, 193.060, 10
836, 1002.590, 193.060, 10
837, 355.620, 201.560, 8
838, 376.490, 201.560, 8
839, 397.360, 201.560, 8
840, 418.230, 201.560, 8
841, 439.100, 201.560, 8
842, 459.970, 201.560, 8
843, 480.840, 201.560, 8
844, 501.710, 201.560, 8
845, 522.580, 201.560, 8
846, 543.450, 201.560, 8
847, 564.320, 201.560, 8
848, 585.190, 201.560, 8
849, 606.060, 201.560, 5
850, 626.930, 201.560, 5
851, 647.800, 201.560, 5
852, 668.670, 201.560, 5
853, 689.540, 201.560, 5
854, 710.410, 201.560, 5
855, 731.280, 201.560, 5
856, 752.150, 201.560, 5
857, 773.020, 201.560, 5
858, 793.890, 201.560, 10
859, 814.760, 201.560, 10
860, 835.630, 201.560, 10
861, 856.500, 201.560, 10
862, 877.370, 201.560, 10
863, 898.240, 201.560, 10
864, 919.110, 201.560, 10
865, 939.980, 201.560, 10
866, 960.850, 201.560, 10
867, 981.720, 201.560, 10
868, 1002.590, 201.560, 10
869, 376.490, 210.060, 8
870, 397.360, 210.060, 8
871, 418.230, 210.060, 8
872, 439.100, 210.060, 8
873, 459.970, 210.060, 8
874, 480.840, 210.060, 8
875, 501.710, 210.060, 8
876, 522.580, 210.060, 8
877, 543.450, 210.060, 8
878, 564.320, 210.060, 8
879, 585.190, 210.060, 8
880, 606.060, 210.060, 5
881, 626.930, 210.060, 5
882, 647.800, 210.060, 5
883, 668.670, 210.060, 5
884, 689.540, 210.060, 5
885, 710.410, 210.060, 5
886, 731.280, 210.060, 5
887, 752.150, 210.060, 5
888, 773.020, 210.060, 5
889, 793.890, 210.060, 10
890, 814.760, 210.060, 10
891, 835.630, 210.060, 10
892, 856.500, 210.060, 10
893, 877.370, 210.060, 10
894, 898.240, 210.060, 10
895, 919.110, 210.060, 10
896, 939.980, 210.060, 10
897, 960.850, 210.060, 10
898, 981.720, 210.060, 10
899, 1002.590, 210.060, 10
900, 397.360, 218.560, 8
901, 418.230, 218.560, 8
902, 439.100, 218.560, 8
903, 459.970, 218.560, 8
904, 480.840, 218.560, 8
905, 501.710, 218.560, 8
906, 522.580, 218.560, 8
907, 543.450, 218.560, 8
908, 564.320, 218.560, 8
909, 585.190, 218.560, 8
910, 606.060, 218.560, 5
911, 626.930, 218.560, 5
912, 647.800, 218.560, 5
913, 668.670, 218.560, 5
914, 689.540, 218.560, 5
915, 710.410, 218.560, 5
916, 731.280, 218.560, 5
917, 752.150, 218.560, 5
918, 773.020, 218.560, 5
919, 793.890, 218.560, 10
920, 814.760, 218.560, 10
921, 835.630, 218.560, 10
922, 856.500, 218.560, 10
923, 877.370, 218.560, 10
924, 898.240, 218.560, 10
925, 919.110, 218.560, 10
926, 939.980, 218.560, 10
927, 960.850, 218.560, 10
928, 981.720, 218.560, 10
929, 1002.590, 218.560, 10
930, 397.360, 227.060, 8
931, 418.230, 227.060, 8
932, 439.100, 227.060, 8
933, 459.970, 227.060, 8
934, 480.840, 227.060, 8
935, 501.710, 227.060, 8
936, 522.580, 227.060, 8
937, 543.450, 227.060, 8
938, 564.320, 227.060, 8
939, 585.190, 227.060, 8
940, 606.060, 227.060, 5
941, 626.930, 227.060, 5
942, 647.800, 227.060, 5
943, 668.670, 227.060, 5
944, 689.540, 227.060, 5
945, 710.410, 227.060, 5
946, 731.280, 227.060, 5
947, 752.150, 227.060, 5
948, 773.020, 227.060, 5
949, 793.890, 227.060, 5
950, 814.760, 227.060, 10
951, 835.630, 227.060, 10
952, 856.500, 227.060, 10
953, 877.370, 227.060, 10
954, 898.240, 227.060, 10
955, 919.110, 227.060, 10
956, 939.980, 227.060, 10
957, 960.850, 227.060, 10
958, 981.720, 227.060, 10
959, 1002.590, 227.060, 10
960, 459.970, 235.560, 8
961, 480.840, 235.560, 8
962, 501.710, 235.560, 8
963, 522.580, 235.560, 8
964, 543.450, 235.560, 8
965, 564.320, 235.560, 8
966, 585.190, 235.560, 8
967, 606.060, 235.560, 5
968, 626.930, 235.560, 5
969, 647.800, 235.560, 5
970, 668.670, 235.560, 5
971, 689.540, 235.560, 5
972, 710.410, 235.560, 5
973, 731.280, 235.560, 5
974, 752.150, 235.560, 5
975, 773.020, 235.560, 5
976, 793.890, 235.560, 5
977, 814.760, 235.560, 10
978, 835.630, 235.560, 10
979, 856.500, 235.560, 10
980, 877.370, 235.560, 10
981, 898.240, 235.560, 10
982, 919.110, 235.560, 10
983, 939.980, 235.560, 10
984, 960.850, 235.560, 10
985, 981.720, 235.560, 10
986, 501.710, 244.060, 8
987, 522.580, 244.060, 8
988, 543.450, 244.060, 8
989, 564.320, 244.060, 8
990, 585.190, 244.060, 8
991, 606.060, 244.060, 5
992, 626.930, 244.060, 5
993, 647.800, 244.060, 5
994, 668.670, 244.060, 5
995, 689.540, 244.060, 5
996, 710.410, 244.060, 5
997, 731.280, 244.060, 5
998, 752.150, 244.060, 5
999, 773.020, 244.060, 5
1000, 793.890, 244.060, 5
1001, 814.760, 244.060, 10
1002, 835.630, 244.060, 10
1003, 856.500, 244.060, 10
1004, 877.370, 244.060, 10
1005, 898.240, 244.060, 10
1006, 919.110, 244.060, 10
1007, 939.980, 244.060, 10
1008, 960.850, 244.060, 10
1009, 981.720, 244.060, 10
1010, 543.450, 252.560, 8
1011, 564.320, 252.560, 8
1012, 585.190, 252.560, 5
1013, 606.060, 252.560, 5
1014, 626.930, 252.560, 5
1015, 647.800, 252.560, 5
1016, 668.670, 252.560, 5
1017, 689.540, 252.560, 5
1018, 710.410, 252.560, 5
1019, 731.280, 252.560, 5
1020, 752.150, 252.560, 5
1021, 773.020, 252.560, 5
1022, 793.890, 252.560, 5
1023, 814.760, 252.560, 10
1024, 835.630, 252.560, 10
1025, 856.500, 252.560, 10
1026, 877.370, 252.560, 10
1027, 898.240, 252.560, 10
1028, 919.110, 252.560, 10
1029, 939.980, 252.560, 10
1030, 960.850, 252.560, 10
1031, 981.720, 252.560, 10
1032, 585.190, 261.060, 5
1033, 606.060, 261.060, 5
1034, 626.930, 261.060, 5
1035, 647.800, 261.060, 5
1036, 668.670, 261.060, 5
1037, 689.540, 261.060, 5
1038, 710.410, 261.060, 5
1039, 731.280, 261.060, 5
1040, 752.150, 261.060, 5
1041, 773.020, 261.060, 5
1042, 793.890, 261.060, 5
1043, 814.760, 261.060, 10
1044, 835.630, 261.060, 10
1045, 856.500, 261.060, 10
1046, 877.370, 261.060, 10
1047, 898.240, 261.060, 10
1048, 919.110, 261.060, 10
1049, 939.980, 261.060, 10
1050, 960.850, 261.060, 10
1051, 981.720, 261.060, 10
1052, 626.930, 269.560, 5
1053, 647.800, 269.560, 5
1054, 668.670, 269.560, 5
1055, 689.540, 269.560, 5
1056, 710.410, 269.560, 5
1057, 731.280, 269.560, 5
1058, 752.150, 269.560, 5
1059, 773.020, 269.560, 5
1060, 793.890, 269.560, 5
1061, 814.760, 269.560, 10
1062, 835.630, 269.560, 10
1063, 856.500, 269.560, 10
1064, 877.370, 269.560, 10
1065, 898.240, 269.560, 10
1066, 919.110, 269.560, 10
1067, 939.980, 269.560, 10
1068, 960.850, 269.560, 10
1069, 981.720, 269.560, 10
1070, 668.670, 278.060, 5
1071, 689.540, 278.060, 5
1072, 710.410, 278.060, 5
1073, 731.280, 278.060, 5
1074, 752.150, 278.060, 5
1075, 773.020, 278.060, 5
1076, 793.890, 278.060, 5
1077, 814.760, 278.060, 10
1078, 835.630, 278.060, 10
1079, 856.500, 278.060, 10
1080, 877.370, 278.060, 10
1081, 898.240, 278.060, 10
1082, 919.110, 278.060, 10
1083, 710.410, 286.560, 5
1084, 731.280, 286.560, 5
1085, 752.150, 286.560, 5
1086, 773.020, 286.560, 5
1087, 793.890, 286.560, 5
1088, 814.760, 286.560, 10
1089, 835.630, 286.560, 10
1090, 856.500, 286.560, 10
