1, 586.920, 90.640, 4
2, 607.790, 90.640, 4
3, 628.660, 90.640, 4
4, 649.530, 90.640, 4
5, 670.400, 90.640, 5
6, 691.270, 90.640, 5
7, 712.140, 90.640, 5
8, 733.010, 90.640, 5
9, 753.880, 90.640, 5
10, 524.310, 99.140, 4
11, 545.180, 99.140, 4
12, 566.050, 99.140, 4
13, 586.920, 99.140, 4
14, 607.790, 99.140, 4
15, 628.660, 99.140, 4
16, 649.530, 99.140, 4
17, 670.400, 99.140, 5
18, 691.270, 99.140, 5
19, 712.140, 99.140, 5
20, 733.010, 99.140, 5
21, 753.880, 99.140, 5
22, 774.750, 99.140, 5
23, 461.700, 107.640, 4
24, 482.570, 107.640, 4
25, 503.440, 107.640, 4
26, 524.310, 107.640, 4
27, 545.180, 107.640, 4
28, 566.050, 107.640, 4
29, 586.920, 107.640, 4
30, 607.790, 107.640, 4
31, 628.660, 107.640, 4
32, 649.530, 107.640, 4
33, 670.400, 107.640, 5
34, 691.270, 107.640, 5
35, 712.140, 107.640, 5
36, 733.010, 107.640, 5
37, 753.880, 107.640, 5
38, 774.750, 107.640, 5
39, 795.620, 107.640, 5
40, 461.700, 116.140, 4
41, 482.570, 116.140, 4
42, 503.440, 116.140, 4
43, 524.310, 116.140, 4
44, 545.180, 116.140, 4
45, 566.050, 116.140, 4
46, 586.920, 116.140, 4
47, 607.790, 116.140, 4
48, 628.660, 116.140, 4
49, 649.530, 116.140, 4
50, 670.400, 116.140, 5
51, 691.270, 116.140, 5
52, 712.140, 116.140, 5
53, 733.010, 116.140, 5
54, 753.880, 116.140, 5
55, 774.750, 116.140, 5
56, 795.620, 116.140, 5
57, 816.490, 116.140, 5
58, 837.360, 116.140, 5
59, 461.700, 124.640, 4
60, 482.570, 124.640, 4
61, 503.440, 124.640, 4
62, 524.310, 124.640, 4
63, 545.180, 124.640, 4
64, 566.050, 124.640, 4
65, 586.920, 124.640, 4
66, 607.790, 124.640, 4
67, 628.660, 124.640, 4
68, 649.530, 124.640, 4
69, 670.400, 124.640, 5
70, 691.270, 124.640, 5
71, 712.140, 124.640, 5
72, 733.010, 124.640, 5
73, 753.880, 124.640, 5
74, 774.750, 124.640, 5
75, 795.620, 124.640, 5
76, 816.490, 124.640, 5
77, 837.360, 124.640, 5
78, 858.230, 124.640, 5
79, 440.830, 133.140, 4
80, 461.700, 133.140, 4
81, 482.570, 133.140, 4
82, 503.440, 133.140, 4
83, 524.310, 133.140, 4
84, 545.180, 133.140, 4
85, 566.050, 133.140, 4
86, 586.920, 133.140, 4
87, 607.790, 133.140, 4
88, 628.660, 133.140, 4
89, 649.530, 133.140, 4
90, 670.400, 133.140, 5
91, 691.270, 133.140, 5
92, 712.140, 133.140, 5
93, 733.010, 133.140, 5
94, 753.880, 133.140, 5
95, 774.750, 133.140, 5
96, 795.620, 133.140, 5
97, 816.490, 133.140, 5
98, 837.360, 133.140, 5
99, 858.230, 133.140, 5
100, 879.100, 133.140, 5
101, 440.830, 141.640, 4
102, 461.700, 141.640, 4
103, 482.570, 141.640, 4
104, 503.440, 141.640, 4
105, 524.310, 141.640, 4
106, 545.180, 141.640, 4
107, 566.050, 141.640, 4
108, 586.920, 141.640, 4
109, 607.790, 141.640, 4
110, 628.660, 141.640, 4
111, 649.530, 141.640, 4
112, 670.400, 141.640, 5
113, 691.270, 141.640, 5
114, 712.140, 141.640, 5
115, 733.010, 141.640, 5
116, 753.880, 141.640, 5
117, 774.750, 141.640, 5
118, 795.620, 141.640, 5
119, 816.490, 141.640, 5
120, 837.360, 141.640, 5
121, 858.230, 141.640, 5
122, 879.100, 141.640, 5
123, 899.970, 141.640, 10
124, 920.840, 141.640, 10
125, 419.960, 150.140, 4
126, 440.830, 150.140, 4
127, 461.700, 150.140, 4
128, 482.570, 150.140, 4
129, 503.440, 150.140, 4
130, 524.310, 150.140, 4
131, 545.180, 150.140, 4
132, 566.050, 150.140, 4
133, 586.920, 150.140, 4
134, 607.790, 150.140, 4
135, 628.660, 150.140, 4
136, 649.530, 150.140, 4
137, 670.400, 150.140, 5
138, 691.270, 150.140, 5
139, 712.140, 150.140, 5
140, 733.010, 150.140, 5
141, 753.880, 150.140, 5
142, 774.750, 150.140, 5
143, 795.620, 150.140, 5
144, 816.490, 150.140, 5
145, 837.360, 150.140, 5
146, 858.230, 150.140, 5
147, 879.100, 150.140, 5
148, 899.970, 150.140, 10
149, 920.840, 150.140, 10
150, 941.710, 150.140, 10
151, 419.960, 158.640, 4
152, 440.830, 158.640, 4
153, 461.700, 158.640, 4
154, 482.570, 158.640, 4
155, 503.440, 158.640, 4
156, 524.310, 158.640, 4
157, 545.180, 158.640, 4
158, 566.050, 158.640, 4
159, 586.920, 158.640, 4
160, 607.790, 158.640, 4
161, 628.660, 158.640, 4
162, 649.530, 158.640, 4
163, 670.400, 158.640, 5
164, 691.270, 158.640, 5
165, 712.140, 158.640, 5
166, 733.010, 158.640, 5
167, 753.880, 158.640, 5
168, 774.750, 158.640, 5
169, 795.620, 158.640, 5
170, 816.490, 158.640, 5
171, 837.360, 158.640, 5
172, 858.230, 158.640, 5
173, 879.100, 158.640, 5
174, 899.970, 158.640, 10
175, 920.840, 158.640, 10
176, 941.710, 158.640, 10
177, 962.580, 158.640, 10
178, 399.090, 167.140, 11
179, 419.960, 167.140, 4
180, 440.830, 167.140, 4
181, 461.700, 167.140, 4
182, 482.570, 167.140, 4
183, 503.440, 167.140, 4
184, 524.310, 167.140, 4
185, 545.180, 167.140, 4
186, 566.050, 167.140, 4
187, 586.920, 167.140, 4
188, 607.790, 167.140, 4
189, 628.660, 167.140, 4
190, 649.530, 167.140, 4
191, 670.400, 167.140, 5
192, 691.270, 167.140, 5
193, 712.140, 167.140, 5
194, 733.010, 167.140, 5
195, 753.880, 167.140, 5
196, 774.750, 167.140, 5
197, 795.620, 167.140, 5
198, 816.490, 167.140, 5
199, 837.360, 167.140, 5
200, 858.230, 167.140, 5
201, 879.100, 167.140, 5
202, 899.970, 167.140, 10
203, 920.840, 167.140, 10
204, 941.710, 167.140, 10
205, 962.580, 167.140, 10
206, 983.450, 167.140, 10
207, 1004.320, 167.140, 10
208, 399.090, 175.640, 11
209, 419.960, 175.640, 11
210, 440.830, 175.640, 11
211, 461.700, 175.640, 4
212, 482.570, 175.640, 4
213, 503.440, 175.640, 4
214, 524.310, 175.640, 4
215, 545.180, 175.640, 4
216, 566.050, 175.640, 4
217, 586.920, 175.640, 4
218, 607.790, 175.640, 4
219, 628.660, 175.640, 4
220, 649.530, 175.640, 4
221, 670.400, 175.640, 5
222, 691.270, 175.640, 5
223, 712.140, 175.640, 5
224, 733.010, 175.640, 5
225, 753.880, 175.640, 5
226, 774.750, 175.640, 5
227, 795.620, 175.640, 5
228, 816.490, 175.640, 5
229, 837.360, 175.640, 5
230, 858.230, 175.640, 5
231, 879.100, 175.640, 5
232, 899.970, 175.640, 10
233, 920.840, 175.640, 10
234, 941.710, 175.640, 10
235, 962.580, 175.640, 10
236, 983.450, 175.640, 10
237, 1004.320, 175.640, 10
238, 378.220, 184.140, 11
239, 399.090, 184.140, 11
240, 419.960, 184.140, 11
241, 440.830, 184.140, 11
242, 461.700, 184.140, 11
243, 482.570, 184.140, 11
244, 503.440, 184.140, 8
245, 524.310, 184.140, 8
246, 545.180, 184.140, 8
247, 566.050, 184.140, 8
248, 586.920, 184.140, 8
249, 607.790, 184.140, 8
250, 628.660, 184.140, 8
251, 649.530, 184.140, 8
252, 670.400, 184.140, 5
253, 691.270, 184.140, 5
254, 712.140, 184.140, 5
255, 733.010, 184.140, 5
256, 753.880, 184.140, 5
257, 774.750, 184.140, 5
258, 795.620, 184.140, 13
259, 816.490, 184.140, 13
260, 837.360, 184.140, 13
261, 858.230, 184.140, 13
262, 879.100, 184.140, 13
263, 899.970, 184.140, 10
264, 920.840, 184.140, 10
265, 941.710, 184.140, 10
266, 962.580, 184.140, 10
267, 983.450, 184.140, 10
268, 1004.320, 184.140, 10
269, 1025.190, 184.140, 10
270, 378.220, 192.640, 11
271, 399.090, 192.640, 11
272, 419.960, 192.640, 11
273, 440.830, 192.640, 11
274, 461.700, 192.640, 11
275, 482.570, 192.640, 11
276, 503.440, 192.640, 8
277, 524.310, 192.640, 8
278, 545.180, 192.640, 8
279, 566.050, 192.640, 8
280, 586.920, 192.640, 8
281, 607.790, 192.640, 8
282, 628.660, 192.640, 8
283, 649.530, 192.640, 8
284, 670.400, 192.640, 8
285, 691.270, 192.640, 8
286, 712.140, 192.640, 13
287, 733.010, 192.640, 13
288, 753.880, 192.640, 13
289, 774.750, 192.640, 13
290, 795.620, 192.640, 13
291, 816.490, 192.640, 13
292, 837.360, 192.640, 13
293, 858.230, 192.640, 13
294, 879.100, 192.640, 13
295, 899.970, 192.640, 10
296, 920.840, 192.640, 10
297, 941.710, 192.640, 10
298, 962.580, 192.640, 10
299, 983.450, 192.640, 10
300, 1004.320, 192.640, 10
301, 1025.190, 192.640, 10
302, 1046.060, 192.640, 10
303, 357.350, 201.140, 11
304, 378.220, 201.140, 11
305, 399.090, 201.140, 11
306, 419.960, 201.140, 11
307, 440.830, 201.140, 11
308, 461.700, 201.140, 11
309, 482.570, 201.140, 11
310, 503.440, 201.140, 8
311, 524.310, 201.140, 8
312, 545.180, 201.140, 8
313, 566.050, 201.140, 8
314, 586.920, 201.140, 8
315, 607.790, 201.140, 8
316, 628.660, 201.140, 8
317, 649.530, 201.140, 8
318, 670.400, 201.140, 8
319, 691.270, 201.140, 8
320, 712.140, 201.140, 13
321, 733.010, 201.140, 13
322, 753.880, 201.140, 13
323, 774.750, 201.140, 13
324, 795.620, 201.140, 13
325, 816.490, 201.140, 13
326, 837.360, 201.140, 13
327, 858.230, 201.140, 13
328, 879.100, 201.140, 13
329, 899.970, 201.140, 10
330, 920.840, 201.140, 10
331, 941.710, 201.140, 10
332, 962.580, 201.140, 10
333, 983.450, 201.140, 10
334, 1004.320, 201.140, 10
335, 1025.190, 201.140, 10
336, 1046.060, 201.140, 10
337, 357.350, 209.640, 11
338, 378.220, 209.640, 11
339, 399.090, 209.640, 11
340, 419.960, 209.640, 11
341, 440.830, 209.640, 11
342, 461.700, 209.640, 11
343, 482.570, 209.640, 11
344, 503.440, 209.640, 8
345, 524.310, 209.640, 8
346, 545.180, 209.640, 8
347, 566.050, 209.640, 8
348, 586.920, 209.640, 8
349, 607.790, 209.640, 8
350, 628.660, 209.640, 8
351, 649.530, 209.640, 8
352, 670.400, 209.640, 8
353, 691.270, 209.640, 8
354, 712.140, 209.640, 13
355, 733.010, 209.640, 13
356, 753.880, 209.640, 13
357, 774.750, 209.640, 13
358, 795.620, 209.640, 13
359, 816.490, 209.640, 13
360, 837.360, 209.640, 13
361, 858.230, 209.640, 13
362, 879.100, 209.640, 13
363, 899.970, 209.640, 10
364, 920.840, 209.640, 10
365, 941.710, 209.640, 10
366, 962.580, 209.640, 10
367, 983.450, 209.640, 10
368, 1004.320, 209.640, 10
369, 1025.190, 209.640, 10
370, 1046.060, 209.640, 10
371, 1066.930, 209.640, 10
372, 336.480, 218.140, 11
373, 357.350, 218.140, 11
374, 378.220, 218.140, 11
375, 399.090, 218.140, 11
376, 419.960, 218.140, 11
377, 440.830, 218.140, 11
378, 461.700, 218.140, 11
379, 482.570, 218.140, 11
380, 503.440, 218.140, 8
381, 524.310, 218.140, 8
382, 545.180, 218.140, 8
383, 566.050, 218.140, 8
384, 586.920, 218.140, 8
385, 607.790, 218.140, 8
386, 628.660, 218.140, 8
387, 649.530, 218.140, 8
388, 670.400, 218.140, 8
389, 691.270, 218.140, 8
390, 712.140, 218.140, 13
391, 733.010, 218.140, 13
392, 753.880, 218.140, 13
393, 774.750, 218.140, 13
394, 795.620, 218.140, 13
395, 816.490, 218.140, 13
396, 837.360, 218.140, 13
397, 858.230, 218.140, 13
398, 879.100, 218.140, 13
399, 899.970, 218.140, 10
400, 920.840, 218.140, 10
401, 941.710, 218.140, 10
402, 962.580, 218.140, 10
403, 983.450, 218.140, 10
404, 1004.320, 218.140, 10
405, 1025.190, 218.140, 10
406, 1046.060, 218.140, 10
407, 1066.930, 218.140, 10
408, 1087.800, 218.140, 10
409, 336.480, 226.640, 11
410, 357.350, 226.640, 11
411, 378.220, 226.640, 11
412, 399.090, 226.640, 11
413, 419.960, 226.640, 11
414, 440.830, 226.640, 11
415, 461.700, 226.640, 11
416, 482.570, 226.640, 11
417, 503.440, 226.640, 11
418, 524.310, 226.640, 8
419, 545.180, 226.640, 8
420, 566.050, 226.640, 8
421, 586.920, 226.640, 8
422, 607.790, 226.640, 8
423, 628.660, 226.640, 8
424, 649.530, 226.640, 8
425, 670.400, 226.640, 8
426, 691.270, 226.640, 8
427, 712.140, 226.640, 13
428, 733.010, 226.640, 13
429, 753.880, 226.640, 13
430, 774.750, 226.640, 13
431, 795.620, 226.640, 13
432, 816.490, 226.640, 13
433, 837.360, 226.640, 13
434, 858.230, 226.640, 13
435, 879.100, 226.640, 13
436, 899.970, 226.640, 10
437, 920.840, 226.640, 10
438, 941.710, 226.640, 10
439, 962.580, 226.640, 10
440, 983.450, 226.640, 10
441, 1004.320, 226.640, 10
442, 1025.190, 226.640, 10
443, 1046.060, 226.640, 10
444, 1066.930, 226.640, 10
445, 1087.800, 226.640, 10
446, 315.610, 235.140, 11
447, 336.480, 235.140, 11
448, 357.350, 235.140, 11
449, 378.220, 235.140, 11
450, 399.090, 235.140, 11
451, 419.960, 235.140, 11
452, 440.830, 235.140, 11
453, 461.700, 235.140, 11
454, 482.570, 235.140, 11
455, 503.440, 235.140, 11
456, 524.310, 235.140, 8
457, 545.180, 235.140, 8
458, 566.050, 235.140, 8
459, 586.920, 235.140, 8
460, 607.790, 235.140, 8
461, 628.660, 235.140, 8
462, 649.530, 235.140, 8
463, 670.400, 235.140, 8
464, 691.270, 235.140, 8
465, 712.140, 235.140, 13
466, 733.010, 235.140, 13
467, 753.880, 235.140, 13
468, 774.750, 235.140, 13
469, 795.620, 235.140, 13
470, 816.490, 235.140, 13
471, 837.360, 235.140, 13
472, 858.230, 235.140, 13
473, 879.100, 235.140, 13
474, 899.970, 235.140, 10
475, 920.840, 235.140, 10
476, 941.710, 235.140, 10
477, 962.580, 235.140, 10
478, 983.450, 235.140, 10
479, 1004.320, 235.140, 10
480, 1025.190, 235.140, 10
481, 1046.060, 235.140, 10
482, 1066.930, 235.140, 10
483, 1087.800, 235.140, 10
484, 1108.670, 235.140, 10
485, 315.610, 243.640, 11
486, 336.480, 243.640, 11
487, 357.350, 243.640, 11
488, 378.220, 243.640, 11
489, 399.090, 243.640, 11
490, 419.960, 243.640, 11
491, 440.830, 243.640, 11
492, 461.700, 243.640, 11
493, 482.570, 243.640, 11
494, 503.440, 243.640, 11
495, 524.310, 243.640, 8
496, 545.180, 243.640, 8
497, 566.050, 243.640, 8
498, 586.920, 243.640, 8
499, 607.790, 243.640, 8
500, 628.660, 243.640, 8
501, 649.530, 243.640, 8
502, 670.400, 243.640, 8
503, 691.270, 243.640, 8
504, 712.140, 243.640, 13
505, 733.010, 243.640, 13
506, 753.880, 243.640, 13
507, 774.750, 243.640, 13
508, 795.620, 243.640, 13
509, 816.490, 243.640, 13
510, 837.360, 243.640, 13
511, 858.230, 243.640, 13
512, 879.100, 243.640, 13
513, 899.970, 243.640, 13
514, 920.840, 243.640, 10
515, 941.710, 243.640, 10
516, 962.580, 243.640, 10
517, 983.450, 243.640, 10
518, 1004.320, 243.640, 10
519, 1025.190, 243.640, 10
520, 1046.060, 243.640, 10
521, 1066.930, 243.640, 10
522, 1087.800, 243.640, 10
523, 1108.670, 243.640, 10
524, 1129.540, 243.640, 10
525, 315.610, 252.140, 11
526, 336.480, 252.140, 11
527, 357.350, 252.140, 11
528, 378.220, 252.140, 11
529, 399.090, 252.140, 11
530, 419.960, 252.140, 11
531, 440.830, 252.140, 11
532, 461.700, 252.140, 11
533, 482.570, 252.140, 11
534, 503.440, 252.140, 11
535, 524.310, 252.140, 8
536, 545.180, 252.140, 8
537, 566.050, 252.140, 8
538, 586.920, 252.140, 8
539, 607.790, 252.140, 8
540, 628.660, 252.140, 8
541, 649.530, 252.140, 8
542, 670.400, 252.140, 8
543, 691.270, 252.140, 8
544, 712.140, 252.140, 13
545, 733.010, 252.140, 13
546, 753.880, 252.140, 13
547, 774.750, 252.140, 13
548, 795.620, 252.140, 13
549, 816.490, 252.140, 13
550, 837.360, 252.140, 13
551, 858.230, 252.140, 13
552, 879.100, 252.140, 13
553, 899.970, 252.140, 13
554, 920.840, 252.140, 10
555, 941.710, 252.140, 10
556, 962.580, 252.140, 10
557, 983.450, 252.140, 10
558, 1004.320, 252.140, 10
559, 1025.190, 252.140, 10
560, 1046.060, 252.140, 10
561, 1066.930, 252.140, 10
562, 1087.800, 252.140, 10
563, 1108.670, 252.140, 10
564, 1129.540, 252.140, 10
565, 294.740, 260.640, 11
566, 315.610, 260.640, 11
567, 336.480, 260.640, 11
568, 357.350, 260.640, 11
569, 378.220, 260.640, 11
570, 399.090, 260.640, 11
571, 419.960, 260.640, 11
572, 440.830, 260.640, 11
573, 461.700, 260.640, 11
574, 482.570, 260.640, 11
575, 503.440, 260.640, 11
576, 524.310, 260.640, 8
577, 545.180, 260.640, 8
578, 566.050, 260.640, 8
579, 586.920, 260.640, 8
580, 607.790, 260.640, 8
581, 628.660, 260.640, 8
582, 649.530, 260.640, 8
583, 670.400, 260.640, 8
584, 691.270, 260.640, 8
585, 712.140, 260.640, 13
586, 733.010, 260.640, 13
587, 753.880, 260.640, 13
588, 774.750, 260.640, 13
589, 795.620, 260.640, 13
590, 816.490, 260.640, 13
591, 837.360, 260.640, 13
592, 858.230, 260.640, 13
593, 879.100, 260.640, 13
594, 899.970, 260.640, 13
595, 920.840, 260.640, 10
596, 941.710, 260.640, 10
597, 962.580, 260.640, 10
598, 983.450, 260.640, 14
599, 1004.320, 260.640, 14
600, 1025.190, 260.640, 14
601, 1046.060, 260.640, 14
602, 1066.930, 260.640, 14
603, 1087.800, 260.640, 14
604, 1108.670, 260.640, 14
605, 1129.540, 260.640, 14
606, 1150.410, 260.640, 14
607, 294.740, 269.140, 11
608, 315.610, 269.140, 11
609, 336.480, 269.140, 11
610, 357.350, 269.140, 11
611, 378.220, 269.140, 11
612, 399.090, 269.140, 11
613, 419.960, 269.140, 11
614, 440.830, 269.140, 11
615, 461.700, 269.140, 11
616, 482.570, 269.140, 11
617, 503.440, 269.140, 11
618, 524.310, 269.140, 8
619, 545.180, 269.140, 8
620, 566.050, 269.140, 8
621, 586.920, 269.140, 8
622, 607.790, 269.140, 8
623, 628.660, 269.140, 8
624, 649.530, 269.140, 8
625, 670.400, 269.140, 8
626, 691.270, 269.140, 8
627, 712.140, 269.140, 13
628, 733.010, 269.140, 13
629, 753.880, 269.140, 13
630, 774.750, 269.140, 13
631, 795.620, 269.140, 13
632, 816.490, 269.140, 13
633, 837.360, 269.140, 13
634, 858.230, 269.140, 13
635, 879.100, 269.140, 13
636, 899.970, 269.140, 13
637, 920.840, 269.140, 14
638, 941.710, 269.140, 14
639, 962.580, 269.140, 14
640, 983.450, 269.140, 14
641, 1004.320, 269.140, 14
642, 1025.190, 269.140, 14
643, 1046.060, 269.140, 14
644, 1066.930, 269.140, 14
645, 1087.800, 269.140, 14
646, 1108.670, 269.140, 14
647, 1129.540, 269.140, 14
648, 1150.410, 269.140, 14
649, 1171.280, 269.140, 14
650, 273.870, 277.640, 11
651, 294.740, 277.640, 11
652, 315.610, 277.640, 11
653, 336.480, 277.640, 11
654, 357.350, 277.640, 11
655, 378.220, 277.640, 11
656, 399.090, 277.640, 11
657, 419.960, 277.640, 11
658, 440.830, 277.640, 11
659, 461.700, 277.640, 11
660, 482.570, 277.640, 15
661, 503.440, 277.640, 15
662, 524.310, 277.640, 15
663, 545.180, 277.640, 15
664, 566.050, 277.640, 8
665, 586.920, 277.640, 8
666, 607.790, 277.640, 8
667, 628.660, 277.640, 8
668, 649.530, 277.640, 8
669, 670.400, 277.640, 8
670, 691.270, 277.640, 8
671, 712.140, 277.640, 13
672, 733.010, 277.640, 13
673, 753.880, 277.640, 13
674, 774.750, 277.640, 13
675, 795.620, 277.640, 13
676, 816.490, 277.640, 13
677, 837.360, 277.640, 13
678, 858.230, 277.640, 13
679, 879.100, 277.640, 13
680, 899.970, 277.640, 13
681, 920.840, 277.640, 14
682, 941.710, 277.640, 14
683, 962.580, 277.640, 14
684, 983.450, 277.640, 14
685, 1004.320, 277.640, 14
686, 1025.190, 277.640, 14
687, 1046.060, 277.640, 14
688, 1066.930, 277.640, 14
689, 1087.800, 277.640, 14
690, 1108.670, 277.640, 14
691, 1129.540, 277.640, 14
692, 1150.410, 277.640, 14
693, 1171.280, 277.640, 14
694, 273.870, 286.140, 1
695, 294.740, 286.140, 1
696, 315.610, 286.140, 1
697, 336.480, 286.140, 1
698, 357.350, 286.140, 1
699, 378.220, 286.140, 1
700, 399.090, 286.140, 1
701, 419.960, 286.140, 1
702, 440.830, 286.140, 1
703, 461.700, 286.140, 15
704, 482.570, 286.140, 15
705, 503.440, 286.140, 15
706, 524.310, 286.140, 15
707, 545.180, 286.140, 15
708, 566.050, 286.140, 15
709, 586.920, 286.140, 15
710, 607.790, 286.140, 15
711, 628.660, 286.140, 15
712, 649.530, 286.140, 15
713, 670.400, 286.140, 16
714, 691.270, 286.140, 16
715, 712.140, 286.140, 16
716, 733.010, 286.140, 16
717, 753.880, 286.140, 16
718, 774.750, 286.140, 16
719, 795.620, 286.140, 16
720, 816.490, 286.140, 16
721, 837.360, 286.140, 16
722, 858.230, 286.140, 16
723, 879.100, 286.140, 16
724, 899.970, 286.140, 16
725, 920.840, 286.140, 14
726, 941.710, 286.140, 14
727, 962.580, 286.140, 14
728, 983.450, 286.140, 14
729, 1004.320, 286.140, 14
730, 1025.190, 286.140, 14
731, 1046.060, 286.140, 14
732, 1066.930, 286.140, 14
733, 1087.800, 286.140, 14
734, 1108.670, 286.140, 14
735, 1129.540, 286.140, 14
736, 1150.410, 286.140, 14
737, 1171.280, 286.140, 14
738, 1192.150, 286.140, 14
739, 253.000, 294.640, 1
740, 273.870, 294.640, 1
741, 294.740, 294.640, 1
742, 315.610, 294.640, 1
743, 336.480, 294.640, 1
744, 357.350, 294.640, 1
745, 378.220, 294.640, 1
746, 399.090, 294.640, 1
747, 419.960, 294.640, 1
748, 440.830, 294.640, 1
749, 461.700, 294.640, 15
750, 482.570, 294.640, 15
751, 503.440, 294.640, 15
752, 524.310, 294.640, 15
753, 545.180, 294.640, 15
754, 566.050, 294.640, 15
755, 586.920, 294.640, 15
756, 607.790, 294.640, 15
757, 628.660, 294.640, 15
758, 649.530, 294.640, 15
759, 670.400, 294.640, 16
760, 691.270, 294.640, 16
761, 712.140, 294.640, 16
762, 733.010, 294.640, 16
763, 753.880, 294.640, 16
764, 774.750, 294.640, 16
765, 795.620, 294.640, 16
766, 816.490, 294.640, 16
767, 837.360, 294.640, 16
768, 858.230, 294.640, 16
769, 879.100, 294.640, 16
770, 899.970, 294.640, 16
771, 920.840, 294.640, 14
772, 941.710, 294.640, 14
773, 962.580, 294.640, 14
774, 983.450, 294.640, 14
775, 1004.320, 294.640, 14
776, 1025.190, 294.640, 14
777, 1046.060, 294.640, 14
778, 1066.930, 294.640, 14
779, 1087.800, 294.640, 14
780, 1108.670, 294.640, 14
781, 1129.540, 294.640, 14
782, 1150.410, 294.640, 14
783, 1171.280, 294.640, 14
784, 1192.150, 294.640, 14
785, 1213.020, 294.640, 14
786, 253.000, 303.140, 1
787, 273.870, 303.140, 1
788, 294.740, 303.140, 1
789, 315.610, 303.140, 1
790, 336.480, 303.140, 1
791, 357.350, 303.140, 1
792, 378.220, 303.140, 1
793, 399.090, 303.140, 1
794, 419.960, 303.140, 1
795, 440.830, 303.140, 1
796, 461.700, 303.140, 15
797, 482.570, 303.140, 15
798, 503.440, 303.140, 15
799, 524.310, 303.140, 15
800, 545.180, 303.140, 15
801, 566.050, 303.140, 15
802, 586.920, 303.140, 15
803, 607.790, 303.140, 15
804, 628.660, 303.140, 15
805, 649.530, 303.140, 15
806, 670.400, 303.140, 16
807, 691.270, 303.140, 16
808, 712.140, 303.140, 16
809, 733.010, 303.140, 16
810, 753.880, 303.140, 16
811, 774.750, 303.140, 16
812, 795.620, 303.140, 16
813, 816.490, 303.140, 16
814, 837.360, 303.140, 16
815, 858.230, 303.140, 16
816, 879.100, 303.140, 16
817, 899.970, 303.140, 16
818, 920.840, 303.140, 14
819, 941.710, 303.140, 14
820, 962.580, 303.140, 14
821, 983.450, 303.140, 14
822, 1004.320, 303.140, 14
823, 1025.190, 303.140, 14
824, 1046.060, 303.140, 14
825, 1066.930, 303.140, 14
826, 1087.800, 303.140, 14
827, 1108.670, 303.140, 14
828, 1129.540, 303.140, 14
829, 1150.410, 303.140, 14
830, 1171.280, 303.140, 14
831, 1192.150, 303.140, 14
832, 1213.020, 303.140, 14
833, 232.130, 311.640, 1
834, 253.000, 311.640, 1
835, 273.870, 311.640, 1
836, 294.740, 311.640, 1
837, 315.610, 311.640, 1
838, 336.480, 311.640, 1
839, 357.350, 311.640, 1
840, 378.220, 311.640, 1
841, 399.090, 311.640, 1
842, 419.960, 311.640, 1
843, 440.830, 311.640, 1
844, 461.700, 311.640, 15
845, 482.570, 311.640, 15
846, 503.440, 311.640, 15
847, 524.310, 311.640, 15
848, 545.180, 311.640, 15
849, 566.050, 311.640, 15
850, 586.920, 311.640, 15
851, 607.790, 311.640, 15
852, 628.660, 311.640, 15
853, 649.530, 311.640, 15
854, 670.400, 311.640, 16
855, 691.270, 311.640, 16
856, 712.140, 311.640, 16
857, 733.010, 311.640, 16
858, 753.880, 311.640, 16
859, 774.750, 311.640, 16
860, 795.620, 311.640, 16
861, 816.490, 311.640, 16
862, 837.360, 311.640, 16
863, 858.230, 311.640, 16
864, 879.100, 311.640, 16
865, 899.970, 311.640, 16
866, 920.840, 311.640, 14
867, 941.710, 311.640, 14
868, 962.580, 311.640, 14
869, 983.450, 311.640, 14
870, 1004.320, 311.640, 14
871, 1025.190, 311.640, 14
872, 1046.060, 311.640, 14
873, 1066.930, 311.640, 14
874, 1087.800, 311.640, 14
875, 1108.670, 311.640, 14
876, 1129.540, 311.640, 7
877, 1150.410, 311.640, 7
878, 1171.280, 311.640, 7
879, 1192.150, 311.640, 7
880, 1213.020, 311.640, 7
881, 1233.890, 311.640, 7
882, 232.130, 320.140, 1
883, 253.000, 320.140, 1
884, 273.870, 320.140, 1
885, 294.740, 320.140, 1
886, 315.610, 320.140, 1
887, 336.480, 320.140, 1
888, 357.350, 320.140, 1
889, 378.220, 320.140, 1
890, 399.090, 320.140, 1
891, 419.960, 320.140, 1
892, 440.830, 320.140, 1
893, 461.700, 320.140, 15
894, 482.570, 320.140, 15
895, 503.440, 320.140, 15
896, 524.310, 320.140, 15
897, 545.180, 320.140, 15
898, 566.050, 320.140, 15
899, 586.920, 320.140, 15
900, 607.790, 320.140, 15
901, 628.660, 320.140, 15
902, 649.530, 320.140, 15
903, 670.400, 320.140, 16
904, 691.270, 320.140, 16
905, 712.140, 320.140, 16
906, 733.010, 320.140, 16
907, 753.880, 320.140, 16
908, 774.750, 320.140, 16
909, 795.620, 320.140, 16
910, 816.490, 320.140, 16
911, 837.360, 320.140, 16
912, 858.230, 320.140, 16
913, 879.100, 320.140, 16
914, 899.970, 320.140, 16
915, 920.840, 320.140, 14
916, 941.710, 320.140, 14
917, 962.580, 320.140, 14
918, 983.450, 320.140, 14
919, 1004.320, 320.140, 14
920, 1025.190, 320.140, 14
921, 1046.060, 320.140, 14
922, 1066.930, 320.140, 14
923, 1087.800, 320.140, 14
924, 1108.670, 320.140, 14
925, 1129.540, 320.140, 7
926, 1150.410, 320.140, 7
927, 1171.280, 320.140, 7
928, 1192.150, 320.140, 7
929, 1213.020, 320.140, 7
930, 1233.890, 320.140, 7
931, 1254.760, 320.140, 7
932, 211.260, 328.640, 1
933, 232.130, 328.640, 1
934, 253.000, 328.640, 1
935, 273.870, 328.640, 1
936, 294.740, 328.640, 1
937, 315.610, 328.640, 1
938, 336.480, 328.640, 1
939, 357.350, 328.640, 1
940, 378.220, 328.640, 1
941, 399.090, 328.640, 1
942, 419.960, 328.640, 1
943, 440.830, 328.640, 1
944, 461.700, 328.640, 15
945, 482.570, 328.640, 15
946, 503.440, 328.640, 15
947, 524.310, 328.640, 15
948, 545.180, 328.640, 15
949, 566.050, 328.640, 15
950, 586.920, 328.640, 15
951, 607.790, 328.640, 15
952, 628.660, 328.640, 15
953, 649.530, 328.640, 15
954, 670.400, 328.640, 16
955, 691.270, 328.640, 16
956, 712.140, 328.640, 16
957, 733.010, 328.640, 16
958, 753.880, 328.640, 16
959, 774.750, 328.640, 16
960, 795.620, 328.640, 16
961, 816.490, 328.640, 16
962, 837.360, 328.640, 16
963, 858.230, 328.640, 16
964, 879.100, 328.640, 16
965, 899.970, 328.640, 16
966, 920.840, 328.640, 14
967, 941.710, 328.640, 14
968, 962.580, 328.640, 14
969, 983.450, 328.640, 14
970, 1004.320, 328.640, 14
971, 1025.190, 328.640, 14
972, 1046.060, 328.640, 14
973, 1066.930, 328.640, 14
974, 1087.800, 328.640, 14
975, 1108.670, 328.640, 14
976, 1129.540, 328.640, 7
977, 1150.410, 328.640, 7
978, 1171.280, 328.640, 7
979, 1192.150, 328.640, 7
980, 1213.020, 328.640, 7
981, 1233.890, 328.640, 7
982, 1254.760, 328.640, 7
983, 1275.630, 328.640, 7
984, 211.260, 337.140, 1
985, 232.130, 337.140, 1
986, 253.000, 337.140, 1
987, 273.870, 337.140, 1
988, 294.740, 337.140, 1
989, 315.610, 337.140, 1
990, 336.480, 337.140, 1
991, 357.350, 337.140, 1
992, 378.220, 337.140, 1
993, 399.090, 337.140, 1
994, 419.960, 337.140, 1
995, 440.830, 337.140, 1
996, 461.700, 337.140, 15
997, 482.570, 337.140, 15
998, 503.440, 337.140, 15
999, 524.310, 337.140, 15
1000, 545.180, 337.140, 15
1001, 566.050, 337.140, 15
1002, 586.920, 337.140, 15
1003, 607.790, 337.140, 15
1004, 628.660, 337.140, 15
1005, 649.530, 337.140, 15
1006, 670.400, 337.140, 16
1007, 691.270, 337.140, 16
1008, 712.140, 337.140, 16
1009, 733.010, 337.140, 16
1010, 753.880, 337.140, 16
1011, 774.750, 337.140, 16
1012, 795.620, 337.140, 16
1013, 816.490, 337.140, 16
1014, 837.360, 337.140, 16
1015, 858.230, 337.140, 16
1016, 879.100, 337.140, 18
1017, 899.970, 337.140, 18
1018, 920.840, 337.140, 18
1019, 941.710, 337.140, 18
1020, 962.580, 337.140, 18
1021, 983.450, 337.140, 18
1022, 1004.320, 337.140, 18
1023, 1025.190, 337.140, 18
1024, 1046.060, 337.140, 18
1025, 1066.930, 337.140, 18
1026, 1087.800, 337.140, 18
1027, 1108.670, 337.140, 18
1028, 1129.540, 337.140, 7
1029, 1150.410, 337.140, 7
1030, 1171.280, 337.140, 7
1031, 1192.150, 337.140, 7
1032, 1213.020, 337.140, 7
1033, 1233.890, 337.140, 7
1034, 1254.760, 337.140, 7
1035, 1275.630, 337.140, 7
1036, 190.390, 345.640, 1
1037, 211.260, 345.640, 1
1038, 232.130, 345.640, 1
1039, 253.000, 345.640, 1
1040, 273.870, 345.640, 1
1041, 294.740, 345.640, 1
1042, 315.610, 345.640, 1
1043, 336.480, 345.640, 1
1044, 357.350, 345.640, 1
1045, 378.220, 345.640, 1
1046, 399.090, 345.640, 1
1047, 419.960, 345.640, 1
1048, 440.830, 345.640, 1
1049, 461.700, 345.640, 15
1050, 482.570, 345.640, 15
1051, 503.440, 345.640, 15
1052, 524.310, 345.640, 15
1053, 545.180, 345.640, 15
1054, 566.050, 345.640, 15
1055, 586.920, 345.640, 15
1056, 607.790, 345.640, 15
1057, 628.660, 345.640, 15
1058, 649.530, 345.640, 15
1059, 670.400, 345.640, 16
1060, 691.270, 345.640, 16
1061, 712.140, 345.640, 16
1062, 733.010, 345.640, 16
1063, 753.880, 345.640, 16
1064, 774.750, 345.640, 16
1065, 795.620, 345.640, 16
1066, 816.490, 345.640, 16
1067, 837.360, 345.640, 16
1068, 858.230, 345.640, 16
1069, 879.100, 345.640, 18
1070, 899.970, 345.640, 18
1071, 920.840, 345.640, 18
1072, 941.710, 345.640, 18
1073, 962.580, 345.640, 18
1074, 983.450, 345.640, 18
1075, 1004.320, 345.640, 18
1076, 1025.190, 345.640, 18
1077, 1046.060, 345.640, 18
1078, 1066.930, 345.640, 18
1079, 1087.800, 345.640, 18
1080, 1108.670, 345.640, 18
1081, 1129.540, 345.640, 7
1082, 1150.410, 345.640, 7
1083, 1171.280, 345.640, 7
1084, 1192.150, 345.640, 7
1085, 1213.020, 345.640, 7
1086, 1233.890, 345.640, 7
1087, 1254.760, 345.640, 7
1088, 1275.630, 345.640, 7
1089, 190.390, 354.140, 1
1090, 211.260, 354.140, 1
1091, 232.130, 354.140, 1
1092, 253.000, 354.140, 1
1093, 273.870, 354.140, 1
1094, 294.740, 354.140, 1
1095, 315.610, 354.140, 1
1096, 336.480, 354.140, 1
1097, 357.350, 354.140, 1
1098, 378.220, 354.140, 1
1099, 399.090, 354.140, 1
1100, 419.960, 354.140, 1
1101, 440.830, 354.140, 1
1102, 461.700, 354.140, 15
1103, 482.570, 354.140, 15
1104, 503.440, 354.140, 15
1105, 524.310, 354.140, 15
1106, 545.180, 354.140, 15
1107, 566.050, 354.140, 15
1108, 586.920, 354.140, 15
1109, 607.790, 354.140, 15
1110, 628.660, 354.140, 15
1111, 649.530, 354.140, 15
1112, 670.400, 354.140, 16
1113, 691.270, 354.140, 16
1114, 712.140, 354.140, 16
1115, 733.010, 354.140, 16
1116, 753.880, 354.140, 16
1117, 774.750, 354.140, 16
1118, 795.620, 354.140, 16
1119, 816.490, 354.140, 16
1120, 837.360, 354.140, 16
1121, 858.230, 354.140, 16
1122, 879.100, 354.140, 18
1123, 899.970, 354.140, 18
1124, 920.840, 354.140, 18
1125, 941.710, 354.140, 18
1126, 962.580, 354.140, 18
1127, 983.450, 354.140, 18
1128, 1004.320, 354.140, 18
1129, 1025.190, 354.140, 18
1130, 1046.060, 354.140, 18
1131, 1066.930, 354.140, 18
1132, 1087.800, 354.140, 18
1133, 1108.670, 354.140, 18
1134, 1129.540, 354.140, 7
1135, 1150.410, 354.140, 7
1136, 1171.280, 354.140, 7
1137, 1192.150, 354.140, 7
1138, 1213.020, 354.140, 7
1139, 1233.890, 354.140, 7
1140, 1254.760, 354.140, 7
1141, 1275.630, 354.140, 7
1142, 1296.500, 354.140, 7
1143, 169.520, 362.640, 17
1144, 190.390, 362.640, 17
1145, 211.260, 362.640, 17
1146, 232.130, 362.640, 17
1147, 253.000, 362.640, 17
1148, 273.870, 362.640, 17
1149, 294.740, 362.640, 1
1150, 315.610, 362.640, 1
1151, 336.480, 362.640, 1
1152, 357.350, 362.640, 1
1153, 378.220, 362.640, 1
1154, 399.090, 362.640, 1
1155, 419.960, 362.640, 1
1156, 440.830, 362.640, 1
1157, 461.700, 362.640, 15
1158, 482.570, 362.640, 15
1159, 503.440, 362.640, 15
1160, 524.310, 362.640, 15
1161, 545.180, 362.640, 15
1162, 566.050, 362.640, 15
1163, 586.920, 362.640, 15
1164, 607.790, 362.640, 15
1165, 628.660, 362.640, 15
1166, 649.530, 362.640, 15
1167, 670.400, 362.640, 6
1168, 691.270, 362.640, 6
1169, 712.140, 362.640, 6
1170, 733.010, 362.640, 16
1171, 753.880, 362.640, 16
1172, 774.750, 362.640, 16
1173, 795.620, 362.640, 16
1174, 816.490, 362.640, 16
1175, 837.360, 362.640, 16
1176, 858.230, 362.640, 16
1177, 879.100, 362.640, 18
1178, 899.970, 362.640, 18
1179, 920.840, 362.640, 18
1180, 941.710, 362.640, 18
1181, 962.580, 362.640, 18
1182, 983.450, 362.640, 18
1183, 1004.320, 362.640, 18
1184, 1025.190, 362.640, 18
1185, 1046.060, 362.640, 18
1186, 1066.930, 362.640, 18
1187, 1087.800, 362.640, 18
1188, 1108.670, 362.640, 18
1189, 1129.540, 362.640, 7
1190, 1150.410, 362.640, 7
1191, 1171.280, 362.640, 7
1192, 1192.150, 362.640, 7
1193, 1213.020, 362.640, 7
1194, 1233.890, 362.640, 7
1195, 1254.760, 362.640, 7
1196, 1275.630, 362.640, 7
1197, 1296.500, 362.640, 7
1198, 169.520, 371.140, 17
1199, 190.390, 371.140, 17
1200, 211.260, 371.140, 17
1201, 232.130, 371.140, 17
1202, 253.000, 371.140, 17
1203, 273.870, 371.140, 17
1204, 294.740, 371.140, 17
1205, 315.610, 371.140, 17
1206, 336.480, 371.140, 17
1207, 357.350, 371.140, 19
1208, 378.220, 371.140, 19
1209, 399.090, 371.140, 19
1210, 419.960, 371.140, 19
1211, 440.830, 371.140, 19
1212, 461.700, 371.140, 19
1213, 482.570, 371.140, 19
1214, 503.440, 371.140, 15
1215, 524.310, 371.140, 15
1216, 545.180, 371.140, 15
1217, 566.050, 371.140, 15
1218, 586.920, 371.140, 15
1219, 607.790, 371.140, 6
1220, 628.660, 371.140, 6
1221, 649.530, 371.140, 6
1222, 670.400, 371.140, 6
1223, 691.270, 371.140, 6
1224, 712.140, 371.140, 6
1225, 733.010, 371.140, 6
1226, 753.880, 371.140, 6
1227, 774.750, 371.140, 6
1228, 795.620, 371.140, 6
1229, 816.490, 371.140, 6
1230, 837.360, 371.140, 6
1231, 858.230, 371.140, 6
1232, 879.100, 371.140, 18
1233, 899.970, 371.140, 18
1234, 920.840, 371.140, 18
1235, 941.710, 371.140, 18
1236, 962.580, 371.140, 18
1237, 983.450, 371.140, 18
1238, 1004.320, 371.140, 18
1239, 1025.190, 371.140, 18
1240, 1046.060, 371.140, 18
1241, 1066.930, 371.140, 18
1242, 1087.800, 371.140, 18
1243, 1108.670, 371.140, 18
1244, 1129.540, 371.140, 7
1245, 1150.410, 371.140, 7
1246, 1171.280, 371.140, 7
1247, 1192.150, 371.140, 7
1248, 1213.020, 371.140, 7
1249, 1233.890, 371.140, 7
1250, 1254.760, 371.140, 7
1251, 1275.630, 371.140, 7
1252, 1296.500, 371.140, 7
1253, 148.650, 379.640, 17
1254, 169.520, 379.640, 17
1255, 190.390, 379.640, 17
1256, 211.260, 379.640, 17
1257, 232.130, 379.640, 17
1258, 253.000, 379.640, 17
1259, 273.870, 379.640, 17
1260, 294.740, 379.640, 17
1261, 315.610, 379.640, 17
1262, 336.480, 379.640, 17
1263, 357.350, 379.640, 19
1264, 378.220, 379.640, 19
1265, 399.090, 379.640, 19
1266, 419.960, 379.640, 19
1267, 440.830, 379.640, 19
1268, 461.700, 379.640, 19
1269, 482.570, 379.640, 19
1270, 503.440, 379.640, 19
1271, 524.310, 379.640, 19
1272, 545.180, 379.640, 6
1273, 566.050, 379.640, 6
1274, 586.920, 379.640, 6
1275, 607.790, 379.640, 6
1276, 628.660, 379.640, 6
1277, 649.530, 379.640, 6
1278, 670.400, 379.640, 6
1279, 691.270, 379.640, 6
1280, 712.140, 379.640, 6
1281, 733.010, 379.640, 6
1282, 753.880, 379.640, 6
1283, 774.750, 379.640, 6
1284, 795.620, 379.640, 6
1285, 816.490, 379.640, 6
1286, 837.360, 379.640, 6
1287, 858.230, 379.640, 6
1288, 879.100, 379.640, 18
1289, 899.970, 379.640, 18
1290, 920.840, 379.640, 18
1291, 941.710, 379.640, 18
1292, 962.580, 379.640, 18
1293, 983.450, 379.640, 18
1294, 1004.320, 379.640, 18
1295, 1025.190, 379.640, 18
1296, 1046.060, 379.640, 18
1297, 1066.930, 379.640, 18
1298, 1087.800, 379.640, 18
1299, 1108.670, 379.640, 18
1300, 1129.540, 379.640, 7
1301, 1150.410, 379.640, 7
1302, 1171.280, 379.640, 7
1303, 1192.150, 379.640, 7
1304, 1213.020, 379.640, 7
1305, 1233.890, 379.640, 7
1306, 1254.760, 379.640, 7
1307, 1275.630, 379.640, 7
1308, 1296.500, 379.640, 7
1309, 1317.370, 379.640, 7
1310, 148.650, 388.140, 17
1311, 169.520, 388.140, 17
1312, 190.390, 388.140, 17
1313, 211.260, 388.140, 17
1314, 232.130, 388.140, 17
1315, 253.000, 388.140, 17
1316, 273.870, 388.140, 17
1317, 294.740, 388.140, 17
1318, 315.610, 388.140, 17
1319, 336.480, 388.140, 17
1320, 357.350, 388.140, 19
1321, 378.220, 388.140, 19
1322, 399.090, 388.140, 19
1323, 419.960, 388.140, 19
1324, 440.830, 388.140, 19
1325, 461.700, 388.140, 19
1326, 482.570, 388.140, 19
1327, 503.440, 388.140, 19
1328, 524.310, 388.140, 19
1329, 545.180, 388.140, 6
1330, 566.050, 388.140, 6
1331, 586.920, 388.140, 6
1332, 607.790, 388.140, 6
1333, 628.660, 388.140, 6
1334, 649.530, 388.140, 6
1335, 670.400, 388.140, 6
1336, 691.270, 388.140, 6
1337, 712.140, 388.140, 6
1338, 733.010, 388.140, 6
1339, 753.880, 388.140, 6
1340, 774.750, 388.140, 6
1341, 795.620, 388.140, 6
1342, 816.490, 388.140, 6
1343, 837.360, 388.140, 6
1344, 858.230, 388.140, 6
1345, 879.100, 388.140, 18
1346, 899.970, 388.140, 18
1347, 920.840, 388.140, 18
1348, 941.710, 388.140, 18
1349, 962.580, 388.140, 18
1350, 983.450, 388.140, 18
1351, 1004.320, 388.140, 18
1352, 1025.190, 388.140, 18
1353, 1046.060, 388.140, 18
1354, 1066.930, 388.140, 18
1355, 1087.800, 388.140, 18
1356, 1108.670, 388.140, 18
1357, 1129.540, 388.140, 7
1358, 1150.410, 388.140, 7
1359, 1171.280, 388.140, 7
1360, 1192.150, 388.140, 7
1361, 1213.020, 388.140, 7
1362, 1233.890, 388.140, 7
1363, 1254.760, 388.140, 7
1364, 1275.630, 388.140, 7
1365, 1296.500, 388.140, 7
1366, 1317.370, 388.140, 7
1367, 148.650, 396.640, 17
1368, 169.520, 396.640, 17
1369, 190.390, 396.640, 17
1370, 211.260, 396.640, 17
1371, 232.130, 396.640, 17
1372, 253.000, 396.640, 17
1373, 273.870, 396.640, 17
1374, 294.740, 396.640, 17
1375, 315.610, 396.640, 17
1376, 336.480, 396.640, 17
1377, 357.350, 396.640, 19
1378, 378.220, 396.640, 19
1379, 399.090, 396.640, 19
1380, 419.960, 396.640, 19
1381, 440.830, 396.640, 19
1382, 461.700, 396.640, 19
1383, 482.570, 396.640, 19
1384, 503.440, 396.640, 19
1385, 524.310, 396.640, 19
1386, 545.180, 396.640, 6
1387, 566.050, 396.640, 6
1388, 586.920, 396.640, 6
1389, 607.790, 396.640, 6
1390, 628.660, 396.640, 6
1391, 649.530, 396.640, 6
1392, 670.400, 396.640, 6
1393, 691.270, 396.640, 6
1394, 712.140, 396.640, 6
1395, 733.010, 396.640, 6
1396, 753.880, 396.640, 6
1397, 774.750, 396.640, 6
1398, 795.620, 396.640, 6
1399, 816.490, 396.640, 6
1400, 837.360, 396.640, 6
1401, 858.230, 396.640, 6
1402, 879.100, 396.640, 18
1403, 899.970, 396.640, 18
1404, 920.840, 396.640, 18
1405, 941.710, 396.640, 18
1406, 962.580, 396.640, 18
1407, 983.450, 396.640, 18
1408, 1004.320, 396.640, 18
1409, 1025.190, 396.640, 18
1410, 1046.060, 396.640, 18
1411, 1066.930, 396.640, 18
1412, 1087.800, 396.640, 18
1413, 1108.670, 396.640, 18
1414, 1129.540, 396.640, 7
1415, 1150.410, 396.640, 7
1416, 1171.280, 396.640, 7
1417, 1192.150, 396.640, 7
1418, 1213.020, 396.640, 7
1419, 1233.890, 396.640, 7
1420, 1254.760, 396.640, 7
1421, 1275.630, 396.640, 7
1422, 1296.500, 396.640, 7
1423, 1317.370, 396.640, 7
1424, 148.650, 405.140, 17
1425, 169.520, 405.140, 17
1426, 190.390, 405.140, 17
1427, 211.260, 405.140, 17
1428, 232.130, 405.140, 17
1429, 253.000, 405.140, 17
1430, 273.870, 405.140, 17
1431, 294.740, 405.140, 17
1432, 315.610, 405.140, 17
1433, 336.480, 405.140, 17
1434, 357.350, 405.140, 19
1435, 378.220, 405.140, 19
1436, 399.090, 405.140, 19
1437, 419.960, 405.140, 19
1438, 440.830, 405.140, 19
1439, 461.700, 405.140, 19
1440, 482.570, 405.140, 19
1441, 503.440, 405.140, 19
1442, 524.310, 405.140, 19
1443, 545.180, 405.140, 6
1444, 566.050, 405.140, 6
1445, 586.920, 405.140, 6
1446, 607.790, 405.140, 6
1447, 628.660, 405.140, 6
1448, 649.530, 405.140, 6
1449, 670.400, 405.140, 6
1450, 691.270, 405.140, 6
1451, 712.140, 405.140, 6
1452, 733.010, 405.140, 6
1453, 753.880, 405.140, 6
1454, 774.750, 405.140, 6
1455, 795.620, 405.140, 6
1456, 816.490, 405.140, 6
1457, 837.360, 405.140, 6
1458, 858.230, 405.140, 6
1459, 879.100, 405.140, 12
1460, 899.970, 405.140, 12
1461, 920.840, 405.140, 12
1462, 941.710, 405.140, 12
1463, 962.580, 405.140, 18
1464, 983.450, 405.140, 18
1465, 1004.320, 405.140, 18
1466, 1025.190, 405.140, 18
1467, 1046.060, 405.140, 18
1468, 1066.930, 405.140, 18
1469, 1087.800, 405.140, 18
1470, 1108.670, 405.140, 18
1471, 1129.540, 405.140, 9
1472, 1150.410, 405.140, 9
1473, 1171.280, 405.140, 7
1474, 1192.150, 405.140, 7
1475, 1213.020, 405.140, 7
1476, 1233.890, 405.140, 7
1477, 1254.760, 405.140, 7
1478, 1275.630, 405.140, 7
1479, 1296.500, 405.140, 7
1480, 1317.370, 405.140, 7
1481, 1338.240, 405.140, 7
1482, 148.650, 413.640, 17
1483, 169.520, 413.640, 17
1484, 190.390, 413.640, 17
1485, 211.260, 413.640, 17
1486, 232.130, 413.640, 17
1487, 253.000, 413.640, 17
1488, 273.870, 413.640, 17
1489, 294.740, 413.640, 17
1490, 315.610, 413.640, 17
1491, 336.480, 413.640, 17
1492, 357.350, 413.640, 19
1493, 378.220, 413.640, 19
1494, 399.090, 413.640, 19
1495, 419.960, 413.640, 19
1496, 440.830, 413.640, 19
1497, 461.700, 413.640, 19
1498, 482.570, 413.640, 19
1499, 503.440, 413.640, 19
1500, 524.310, 413.640, 19
1501, 545.180, 413.640, 6
1502, 566.050, 413.640, 6
1503, 586.920, 413.640, 6
1504, 607.790, 413.640, 6
1505, 628.660, 413.640, 6
1506, 649.530, 413.640, 6
1507, 670.400, 413.640, 6
1508, 691.270, 413.640, 6
1509, 712.140, 413.640, 6
1510, 733.010, 413.640, 6
1511, 753.880, 413.640, 6
1512, 774.750, 413.640, 6
1513, 795.620, 413.640, 6
1514, 816.490, 413.640, 6
1515, 837.360, 413.640, 6
1516, 858.230, 413.640, 12
1517, 879.100, 413.640, 12
1518, 899.970, 413.640, 12
1519, 920.840, 413.640, 12
1520, 941.710, 413.640, 12
1521, 962.580, 413.640, 12
1522, 983.450, 413.640, 12
1523, 1004.320, 413.640, 12
1524, 1025.190, 413.640, 18
1525, 1046.060, 413.640, 18
1526, 1066.930, 413.640, 18
1527, 1087.800, 413.640, 18
1528, 1108.670, 413.640, 18
1529, 1129.540, 413.640, 9
1530, 1150.410, 413.640, 9
1531, 1171.280, 413.640, 9
1532, 1192.150, 413.640, 9
1533, 1213.020, 413.640, 9
1534, 1233.890, 413.640, 7
1535, 1254.760, 413.640, 7
1536, 1275.630, 413.640, 7
1537, 1296.500, 413.640, 7
1538, 1317.370, 413.640, 7
1539, 1338.240, 413.640, 7
1540, 148.650, 422.140, 17
1541, 169.520, 422.140, 17
1542, 190.390, 422.140, 17
1543, 211.260, 422.140, 17
1544, 232.130, 422.140, 17
1545, 253.000, 422.140, 17
1546, 273.870, 422.140, 17
1547, 294.740, 422.140, 17
1548, 315.610, 422.140, 17
1549, 336.480, 422.140, 17
1550, 357.350, 422.140, 19
1551, 378.220, 422.140, 19
1552, 399.090, 422.140, 19
1553, 419.960, 422.140, 19
1554, 440.830, 422.140, 19
1555, 461.700, 422.140, 19
1556, 482.570, 422.140, 19
1557, 503.440, 422.140, 19
1558, 524.310, 422.140, 19
1559, 545.180, 422.140, 6
1560, 566.050, 422.140, 6
1561, 586.920, 422.140, 6
1562, 607.790, 422.140, 6
1563, 628.660, 422.140, 6
1564, 649.530, 422.140, 6
1565, 670.400, 422.140, 6
1566, 691.270, 422.140, 6
1567, 712.140, 422.140, 6
1568, 733.010, 422.140, 6
1569, 753.880, 422.140, 6
1570, 774.750, 422.140, 6
1571, 795.620, 422.140, 6
1572, 816.490, 422.140, 6
1573, 837.360, 422.140, 3
1574, 858.230, 422.140, 12
1575, 879.100, 422.140, 12
1576, 899.970, 422.140, 12
1577, 920.840, 422.140, 12
1578, 941.710, 422.140, 12
1579, 962.580, 422.140, 12
1580, 983.450, 422.140, 12
1581, 1004.320, 422.140, 12
1582, 1025.190, 422.140, 12
1583, 1046.060, 422.140, 9
1584, 1066.930, 422.140, 9
1585, 1087.800, 422.140, 9
1586, 1108.670, 422.140, 9
1587, 1129.540, 422.140, 9
1588, 1150.410, 422.140, 9
1589, 1171.280, 422.140, 9
1590, 1192.150, 422.140, 9
1591, 1213.020, 422.140, 9
1592, 1233.890, 422.140, 2
1593, 1254.760, 422.140, 2
1594, 1275.630, 422.140, 2
1595, 1296.500, 422.140, 2
1596, 1317.370, 422.140, 2
1597, 1338.240, 422.140, 2
1598, 148.650, 430.640, 17
1599, 169.520, 430.640, 17
1600, 190.390, 430.640, 17
1601, 211.260, 430.640, 17
1602, 232.130, 430.640, 17
1603, 253.000, 430.640, 17
1604, 273.870, 430.640, 17
1605, 294.740, 430.640, 17
1606, 315.610, 430.640, 17
1607, 336.480, 430.640, 17
1608, 357.350, 430.640, 19
1609, 378.220, 430.640, 19
1610, 399.090, 430.640, 19
1611, 419.960, 430.640, 19
1612, 440.830, 430.640, 19
1613, 461.700, 430.640, 19
1614, 482.570, 430.640, 19
1615, 503.440, 430.640, 19
1616, 524.310, 430.640, 19
1617, 545.180, 430.640, 3
1618, 566.050, 430.640, 3
1619, 586.920, 430.640, 3
1620, 607.790, 430.640, 3
1621, 628.660, 430.640, 3
1622, 649.530, 430.640, 3
1623, 670.400, 430.640, 3
1624, 691.270, 430.640, 3
1625, 712.140, 430.640, 3
1626, 733.010, 430.640, 3
1627, 753.880, 430.640, 3
1628, 774.750, 430.640, 3
1629, 795.620, 430.640, 3
1630, 816.490, 430.640, 3
1631, 837.360, 430.640, 3
1632, 858.230, 430.640, 12
1633, 879.100, 430.640, 12
1634, 899.970, 430.640, 12
1635, 920.840, 430.640, 12
1636, 941.710, 430.640, 12
1637, 962.580, 430.640, 12
1638, 983.450, 430.640, 12
1639, 1004.320, 430.640, 12
1640, 1025.190, 430.640, 12
1641, 1046.060, 430.640, 9
1642, 1066.930, 430.640, 9
1643, 1087.800, 430.640, 9
1644, 1108.670, 430.640, 9
1645, 1129.540, 430.640, 9
1646, 1150.410, 430.640, 9
1647, 1171.280, 430.640, 9
1648, 1192.150, 430.640, 9
1649, 1213.020, 430.640, 9
1650, 1233.890, 430.640, 2
1651, 1254.760, 430.640, 2
1652, 1275.630, 430.640, 2
1653, 1296.500, 430.640, 2
1654, 1317.370, 430.640, 2
1655, 1338.240, 430.640, 2
1656, 1359.110, 430.640, 2
1657, 148.650, 439.140, 17
1658, 169.520, 439.140, 17
1659, 190.390, 439.140, 17
1660, 211.260, 439.140, 17
1661, 232.130, 439.140, 17
1662, 253.000, 439.140, 17
1663, 273.870, 439.140, 17
1664, 294.740, 439.140, 17
1665, 315.610, 439.140, 17
1666, 336.480, 439.140, 17
1667, 357.350, 439.140, 19
1668, 378.220, 439.140, 19
1669, 399.090, 439.140, 19
1670, 419.960, 439.140, 19
1671, 440.830, 439.140, 19
1672, 461.700, 439.140, 19
1673, 482.570, 439.140, 19
1674, 503.440, 439.140, 19
1675, 524.310, 439.140, 19
1676, 545.180, 439.140, 3
1677, 566.050, 439.140, 3
1678, 586.920, 439.140, 3
1679, 607.790, 439.140, 3
1680, 628.660, 439.140, 3
1681, 649.530, 439.140, 3
1682, 670.400, 439.140, 3
1683, 691.270, 439.140, 3
1684, 712.140, 439.140, 3
1685, 733.010, 439.140, 3
1686, 753.880, 439.140, 3
1687, 774.750, 439.140, 3
1688, 795.620, 439.140, 3
1689, 816.490, 439.140, 3
1690, 837.360, 439.140, 3
1691, 858.230, 439.140, 12
1692, 879.100, 439.140, 12
1693, 899.970, 439.140, 12
1694, 920.840, 439.140, 12
1695, 941.710, 439.140, 12
1696, 962.580, 439.140, 12
1697, 983.450, 439.140, 12
1698, 1004.320, 439.140, 12
1699, 1025.190, 439.140, 12
1700, 1046.060, 439.140, 9
1701, 1066.930, 439.140, 9
1702, 1087.800, 439.140, 9
1703, 1108.670, 439.140, 9
1704, 1129.540, 439.140, 9
1705, 1150.410, 439.140, 9
1706, 1171.280, 439.140, 9
1707, 1192.150, 439.140, 9
1708, 1213.020, 439.140, 9
1709, 1233.890, 439.140, 2
1710, 1254.760, 439.140, 2
1711, 1275.630, 439.140, 2
1712, 1296.500, 439.140, 2
1713, 1317.370, 439.140, 2
1714, 1338.240, 439.140, 2
1715, 1359.110, 439.140, 2
1716, 190.390, 447.640, 17
1717, 211.260, 447.640, 17
1718, 232.130, 447.640, 17
1719, 253.000, 447.640, 17
1720, 273.870, 447.640, 17
1721, 294.740, 447.640, 17
1722, 315.610, 447.640, 17
1723, 336.480, 447.640, 17
1724, 357.350, 447.640, 19
1725, 378.220, 447.640, 19
1726, 399.090, 447.640, 19
1727, 419.960, 447.640, 19
1728, 440.830, 447.640, 19
1729, 461.700, 447.640, 19
1730, 482.570, 447.640, 19
1731, 503.440, 447.640, 19
1732, 524.310, 447.640, 19
1733, 545.180, 447.640, 3
1734, 566.050, 447.640, 3
1735, 586.920, 447.640, 3
1736, 607.790, 447.640, 3
1737, 628.660, 447.640, 3
1738, 649.530, 447.640, 3
1739, 670.400, 447.640, 3
1740, 691.270, 447.640, 3
1741, 712.140, 447.640, 3
1742, 733.010, 447.640, 3
1743, 753.880, 447.640, 3
1744, 774.750, 447.640, 3
1745, 795.620, 447.640, 3
1746, 816.490, 447.640, 3
1747, 837.360, 447.640, 3
1748, 858.230, 447.640, 12
1749, 879.100, 447.640, 12
1750, 899.970, 447.640, 12
1751, 920.840, 447.640, 12
1752, 941.710, 447.640, 12
1753, 962.580, 447.640, 12
1754, 983.450, 447.640, 12
1755, 1004.320, 447.640, 12
1756, 1025.190, 447.640, 12
1757, 1046.060, 447.640, 9
1758, 1066.930, 447.640, 9
1759, 1087.800, 447.640, 9
1760, 1108.670, 447.640, 9
1761, 1129.540, 447.640, 9
1762, 1150.410, 447.640, 9
1763, 1171.280, 447.640, 9
1764, 1192.150, 447.640, 9
1765, 1213.020, 447.640, 9
1766, 1233.890, 447.640, 2
1767, 1254.760, 447.640, 2
1768, 1275.630, 447.640, 2
1769, 1296.500, 447.640, 2
1770, 1317.370, 447.640, 2
1771, 1338.240, 447.640, 2
1772, 1359.110, 447.640, 2
1773, 232.130, 456.140, 17
1774, 253.000, 456.140, 17
1775, 273.870, 456.140, 17
1776, 294.740, 456.140, 17
1777, 315.610, 456.140, 17
1778, 336.480, 456.140, 17
1779, 357.350, 456.140, 19
1780, 378.220, 456.140, 19
1781, 399.090, 456.140, 19
1782, 419.960, 456.140, 19
1783, 440.830, 456.140, 19
1784, 461.700, 456.140, 19
1785, 482.570, 456.140, 19
1786, 503.440, 456.140, 19
1787, 524.310, 456.140, 19
1788, 545.180, 456.140, 3
1789, 566.050, 456.140, 3
1790, 586.920, 456.140, 3
1791, 607.790, 456.140, 3
1792, 628.660, 456.140, 3
1793, 649.530, 456.140, 3
1794, 670.400, 456.140, 3
1795, 691.270, 456.140, 3
1796, 712.140, 456.140, 3
1797, 733.010, 456.140, 3
1798, 753.880, 456.140, 3
1799, 774.750, 456.140, 3
1800, 795.620, 456.140, 3
1801, 816.490, 456.140, 3
1802, 837.360, 456.140, 3
1803, 858.230, 456.140, 12
1804, 879.100, 456.140, 12
1805, 899.970, 456.140, 12
1806, 920.840, 456.140, 12
1807, 941.710, 456.140, 12
1808, 962.580, 456.140, 12
1809, 983.450, 456.140, 12
1810, 1004.320, 456.140, 12
1811, 1025.190, 456.140, 12
1812, 1046.060, 456.140, 9
1813, 1066.930, 456.140, 9
1814, 1087.800, 456.140, 9
1815, 1108.670, 456.140, 9
1816, 1129.540, 456.140, 9
1817, 1150.410, 456.140, 9
1818, 1171.280, 456.140, 9
1819, 1192.150, 456.140, 9
1820, 1213.020, 456.140, 9
1821, 1233.890, 456.140, 2
1822, 1254.760, 456.140, 2
1823, 1275.630, 456.140, 2
1824, 1296.500, 456.140, 2
1825, 1317.370, 456.140, 2
1826, 1338.240, 456.140, 2
1827, 1359.110, 456.140, 2
1828, 1379.980, 456.140, 2
1829, 357.350, 464.640, 19
1830, 378.220, 464.640, 19
1831, 399.090, 464.640, 19
1832, 419.960, 464.640, 19
1833, 440.830, 464.640, 19
1834, 461.700, 464.640, 19
1835, 482.570, 464.640, 19
1836, 503.440, 464.640, 19
1837, 524.310, 464.640, 19
1838, 545.180, 464.640, 3
1839, 566.050, 464.640, 3
1840, 586.920, 464.640, 3
1841, 607.790, 464.640, 3
1842, 628.660, 464.640, 3
1843, 649.530, 464.640, 3
1844, 670.400, 464.640, 3
1845, 691.270, 464.640, 3
1846, 712.140, 464.640, 3
1847, 733.010, 464.640, 3
1848, 753.880, 464.640, 3
1849, 774.750, 464.640, 3
1850, 795.620, 464.640, 3
1851, 816.490, 464.640, 3
1852, 837.360, 464.640, 3
1853, 858.230, 464.640, 12
1854, 879.100, 464.640, 12
1855, 899.970, 464.640, 12
1856, 920.840, 464.640, 12
1857, 941.710, 464.640, 12
1858, 962.580, 464.640, 12
1859, 983.450, 464.640, 12
1860, 1004.320, 464.640, 12
1861, 1025.190, 464.640, 12
1862, 1046.060, 464.640, 9
1863, 1066.930, 464.640, 9
1864, 1087.800, 464.640, 9
1865, 1108.670, 464.640, 9
1866, 1129.540, 464.640, 9
1867, 1150.410, 464.640, 9
1868, 1171.280, 464.640, 9
1869, 1192.150, 464.640, 9
1870, 1213.020, 464.640, 9
1871, 1233.890, 464.640, 2
1872, 1254.760, 464.640, 2
1873, 1275.630, 464.640, 2
1874, 1296.500, 464.640, 2
1875, 1317.370, 464.640, 2
1876, 1338.240, 464.640, 2
1877, 1359.110, 464.640, 2
1878, 1379.980, 464.640, 2
1879, 482.570, 473.140, 19
1880, 503.440, 473.140, 19
1881, 524.310, 473.140, 19
1882, 545.180, 473.140, 3
1883, 566.050, 473.140, 3
1884, 586.920, 473.140, 3
1885, 607.790, 473.140, 3
1886, 628.660, 473.140, 3
1887, 649.530, 473.140, 3
1888, 670.400, 473.140, 3
1889, 691.270, 473.140, 3
1890, 712.140, 473.140, 3
1891, 733.010, 473.140, 3
1892, 753.880, 473.140, 3
1893, 774.750, 473.140, 3
1894, 795.620, 473.140, 3
1895, 816.490, 473.140, 3
1896, 837.360, 473.140, 3
1897, 858.230, 473.140, 12
1898, 879.100, 473.140, 12
1899, 899.970, 473.140, 12
1900, 920.840, 473.140, 12
1901, 941.710, 473.140, 12
1902, 962.580, 473.140, 12
1903, 983.450, 473.140, 12
1904, 1004.320, 473.140, 12
1905, 1025.190, 473.140, 12
1906, 1046.060, 473.140, 9
1907, 1066.930, 473.140, 9
1908, 1087.800, 473.140, 9
1909, 1108.670, 473.140, 9
1910, 1129.540, 473.140, 9
1911, 1150.410, 473.140, 9
1912, 1171.280, 473.140, 9
1913, 1192.150, 473.140, 9
1914, 1213.020, 473.140, 9
1915, 1233.890, 473.140, 2
1916, 1254.760, 473.140, 2
1917, 1275.630, 473.140, 2
1918, 1296.500, 473.140, 2
1919, 1317.370, 473.140, 2
1920, 1338.240, 473.140, 2
1921, 1359.110, 473.140, 2
1922, 1379.980, 473.140, 2
1923, 607.790, 481.640, 3
1924, 628.660, 481.640, 3
1925, 649.530, 481.640, 3
1926, 670.400, 481.640, 3
1927, 691.270, 481.640, 3
1928, 712.140, 481.640, 3
1929, 733.010, 481.640, 3
1930, 753.880, 481.640, 3
1931, 774.750, 481.640, 3
1932, 795.620, 481.640, 3
1933, 816.490, 481.640, 3
1934, 837.360, 481.640, 3
1935, 858.230, 481.640, 12
1936, 879.100, 481.640, 12
1937, 899.970, 481.640, 12
1938, 920.840, 481.640, 12
1939, 941.710, 481.640, 12
1940, 962.580, 481.640, 12
1941, 983.450, 481.640, 12
1942, 1004.320, 481.640, 12
1943, 1025.190, 481.640, 12
1944, 1046.060, 481.640, 12
1945, 1066.930, 481.640, 9
1946, 1087.800, 481.640, 9
1947, 1108.670, 481.640, 9
1948, 1129.540, 481.640, 9
1949, 1150.410, 481.640, 9
1950, 1171.280, 481.640, 9
1951, 1192.150, 481.640, 9
1952, 1213.020, 481.640, 9
1953, 1233.890, 481.640, 2
1954, 1254.760, 481.640, 2
1955, 1275.630, 481.640, 2
1956, 1296.500, 481.640, 2
1957, 1317.370, 481.640, 2
1958, 1338.240, 481.640, 2
1959, 1359.110, 481.640, 2
1960, 1379.980, 481.640, 2
1961, 1400.850, 481.640, 2
1962, 733.010, 490.140, 3
1963, 753.880, 490.140, 3
1964, 774.750, 490.140, 3
1965, 795.620, 490.140, 3
1966, 816.490, 490.140, 3
1967, 837.360, 490.140, 3
1968, 858.230, 490.140, 12
1969, 879.100, 490.140, 12
1970, 899.970, 490.140, 12
1971, 920.840, 490.140, 12
1972, 941.710, 490.140, 12
1973, 962.580, 490.140, 12
1974, 983.450, 490.140, 12
1975, 1004.320, 490.140, 12
1976, 1025.190, 490.140, 12
1977, 1046.060, 490.140, 12
1978, 1066.930, 490.140, 9
1979, 1087.800, 490.140, 9
1980, 1108.670, 490.140, 9
1981, 1129.540, 490.140, 9
1982, 1150.410, 490.140, 9
1983, 1171.280, 490.140, 9
1984, 1192.150, 490.140, 9
1985, 1213.020, 490.140, 9
1986, 1233.890, 490.140, 2
1987, 1254.760, 490.140, 2
1988, 1275.630, 490.140, 2
1989, 1296.500, 490.140, 2
1990, 1317.370, 490.140, 2
1991, 1338.240, 490.140, 2
1992, 1359.110, 490.140, 2
1993, 1379.980, 490.140, 2
1994, 1400.850, 490.140, 2
1995, 858.230, 498.640, 12
1996, 879.100, 498.640, 12
1997, 899.970, 498.640, 12
1998, 920.840, 498.640, 12
1999, 941.710, 498.640, 12
2000, 962.580, 498.640, 12
2001, 983.450, 498.640, 12
2002, 1004.320, 498.640, 12
2003, 1025.190, 498.640, 12
2004, 1046.060, 498.640, 12
2005, 1066.930, 498.640, 9
2006, 1087.800, 498.640, 9
2007, 1108.670, 498.640, 9
2008, 1129.540, 498.640, 9
2009, 1150.410, 498.640, 9
2010, 1171.280, 498.640, 9
2011, 1192.150, 498.640, 9
2012, 1213.020, 498.640, 9
2013, 1233.890, 498.640, 2
2014, 1254.760, 498.640, 2
2015, 1275.630, 498.640, 2
2016, 1296.500, 498.640, 2
2017, 1317.370, 498.640, 2
2018, 1338.240, 498.640, 2
2019, 1359.110, 498.640, 2
2020, 1379.980, 498.640, 2
2021, 1400.850, 498.640, 2
2022, 983.450, 507.140, 12
2023, 1004.320, 507.140, 12
2024, 1025.190, 507.140, 12
2025, 1046.060, 507.140, 12
2026, 1066.930, 507.140, 9
2027, 1087.800, 507.140, 9
2028, 1108.670, 507.140, 9
2029, 1129.540, 507.140, 9
2030, 1150.410, 507.140, 9
2031, 1171.280, 507.140, 9
2032, 1192.150, 507.140, 9
2033, 1213.020, 507.140, 9
2034, 1233.890, 507.140, 2
2035, 1254.760, 507.140, 2
2036, 1275.630, 507.140, 2
2037, 1296.500, 507.140, 2
2038, 1317.370, 507.140, 2
2039, 1338.240, 507.140, 2
2040, 1359.110, 507.140, 2
2041, 1379.980, 507.140, 2
2042, 1400.850, 507.140, 2
2043, 1421.720, 507.140, 2
2044, 1108.670, 515.640, 9
2045, 1129.540, 515.640, 9
2046, 1150.410, 515.640, 9
2047, 1171.280, 515.640, 9
2048, 1192.150, 515.640, 9
2049, 1213.020, 515.640, 9
2050, 1233.890, 515.640, 2
2051, 1254.760, 515.640, 2
2052, 1275.630, 515.640, 2
2053, 1296.500, 515.640, 2
2054, 1317.370, 515.640, 2
2055, 1338.240, 515.640, 2
2056, 1359.110, 515.640, 2
2057, 1379.980, 515.640, 2
2058, 1400.850, 515.640, 2
2059, 1421.720, 515.640, 2
2060, 1213.020, 524.140, 9
2061, 1233.890, 524.140, 2
2062, 1254.760, 524.140, 2
2063, 1275.630, 524.140, 2
2064, 1296.500, 524.140, 2
2065, 1317.370, 524.140, 2
2066, 1338.240, 524.140, 2
2067, 1359.110, 524.140, 2
2068, 1379.980, 524.140, 2
2069, 1400.850, 524.140, 2
2070, 1421.720, 524.140, 2
2071, 1442.590, 524.140, 2
