1, 216.740, 32.680, 12
2, 237.610, 32.680, 12
3, 258.480, 32.680, 12
4, 279.350, 32.680, 12
5, 300.220, 32.680, 12
6, 321.090, 32.680, 12
7, 341.960, 32.680, 12
8, 216.740, 41.180, 12
9, 237.610, 41.180, 12
10, 258.480, 41.180, 12
11, 279.350, 41.180, 12
12, 300.220, 41.180, 12
13, 321.090, 41.180, 12
14, 341.960, 41.180, 12
15, 362.830, 41.180, 12
16, 383.700, 41.180, 12
17, 404.570, 41.180, 12
18, 425.440, 41.180, 5
19, 446.310, 41.180, 5
20, 467.180, 41.180, 5
21, 488.050, 41.180, 5
22, 216.740, 49.680, 12
23, 237.610, 49.680, 12
24, 258.480, 49.680, 12
25, 279.350, 49.680, 12
26, 300.220, 49.680, 12
27, 321.090, 49.680, 12
28, 341.960, 49.680, 12
29, 362.830, 49.680, 12
30, 383.700, 49.680, 12
31, 404.570, 49.680, 12
32, 425.440, 49.680, 5
33, 446.310, 49.680, 5
34, 467.180, 49.680, 5
35, 488.050, 49.680, 5
36, 508.920, 49.680, 5
37, 529.790, 49.680, 5
38, 550.660, 49.680, 5
39, 571.530, 49.680, 5
40, 592.400, 49.680, 5
41, 613.270, 49.680, 5
42, 634.140, 49.680, 5
43, 195.870, 58.180, 12
44, 216.740, 58.180, 12
45, 237.610, 58.180, 12
46, 258.480, 58.180, 12
47, 279.350, 58.180, 12
48, 300.220, 58.180, 12
49, 321.090, 58.180, 12
50, 341.960, 58.180, 12
51, 362.830, 58.180, 12
52, 383.700, 58.180, 12
53, 404.570, 58.180, 12
54, 425.440, 58.180, 5
55, 446.310, 58.180, 5
56, 467.180, 58.180, 5
57, 488.050, 58.180, 5
58, 508.920, 58.180, 5
59, 529.790, 58.180, 5
60, 550.660, 58.180, 5
61, 571.530, 58.180, 5
62, 592.400, 58.180, 5
63, 613.270, 58.180, 5
64, 634.140, 58.180, 5
65, 655.010, 58.180, 5
66, 195.870, 66.680, 12
67, 216.740, 66.680, 12
68, 237.610, 66.680, 12
69, 258.480, 66.680, 12
70, 279.350, 66.680, 12
71, 300.220, 66.680, 12
72, 321.090, 66.680, 12
73, 341.960, 66.680, 12
74, 362.830, 66.680, 12
75, 383.700, 66.680, 12
76, 404.570, 66.680, 12
77, 425.440, 66.680, 5
78, 446.310, 66.680, 5
79, 467.180, 66.680, 5
80, 488.050, 66.680, 5
81, 508.920, 66.680, 5
82, 529.790, 66.680, 5
83, 550.660, 66.680, 5
84, 571.530, 66.680, 5
85, 592.400, 66.680, 5
86, 613.270, 66.680, 5
87, 634.140, 66.680, 5
88, 655.010, 66.680, 5
89, 675.880, 66.680, 14
90, 696.750, 66.680, 14
91, 195.870, 75.180, 12
92, 216.740, 75.180, 12
93, 237.610, 75.180, 12
94, 258.480, 75.180, 12
95, 279.350, 75.180, 12
96, 300.220, 75.180, 12
97, 321.090, 75.180, 12
98, 341.960, 75.180, 12
99, 362.830, 75.180, 12
100, 383.700, 75.180, 12
101, 404.570, 75.180, 12
102, 425.440, 75.180, 12
103, 446.310, 75.180, 5
104, 467.180, 75.180, 5
105, 488.050, 75.180, 5
106, 508.920, 75.180, 5
107, 529.790, 75.180, 5
108, 550.660, 75.180, 5
109, 571.530, 75.180, 5
110, 592.400, 75.180, 5
111, 613.270, 75.180, 5
112, 634.140, 75.180, 5
113, 655.010, 75.180, 5
114, 675.880, 75.180, 14
115, 696.750, 75.180, 14
116, 717.620, 75.180, 14
117, 738.490, 75.180, 14
118, 175.000, 83.680, 12
119, 195.870, 83.680, 12
120, 216.740, 83.680, 12
121, 237.610, 83.680, 12
122, 258.480, 83.680, 12
123, 279.350, 83.680, 12
124, 300.220, 83.680, 12
125, 321.090, 83.680, 12
126, 341.960, 83.680, 12
127, 362.830, 83.680, 12
128, 383.700, 83.680, 12
129, 404.570, 83.680, 12
130, 425.440, 83.680, 12
131, 446.310, 83.680, 5
132, 467.180, 83.680, 5
133, 488.050, 83.680, 5
134, 508.920, 83.680, 5
135, 529.790, 83.680, 5
136, 550.660, 83.680, 5
137, 571.530, 83.680, 5
138, 592.400, 83.680, 5
139, 613.270, 83.680, 5
140, 634.140, 83.680, 5
141, 655.010, 83.680, 5
142, 675.880, 83.680, 14
143, 696.750, 83.680, 14
144, 717.620, 83.680, 14
145, 738.490, 83.680, 14
146, 759.360, 83.680, 14
147, 780.230, 83.680, 14
148, 175.000, 92.180, 12
149, 195.870, 92.180, 12
150, 216.740, 92.180, 12
151, 237.610, 92.180, 12
152, 258.480, 92.180, 12
153, 279.350, 92.180, 12
154, 300.220, 92.180, 12
155, 321.090, 92.180, 12
156, 341.960, 92.180, 12
157, 362.830, 92.180, 12
158, 383.700, 92.180, 12
159, 404.570, 92.180, 12
160, 425.440, 92.180, 12
161, 446.310, 92.180, 5
162, 467.180, 92.180, 5
163, 488.050, 92.180, 5
164, 508.920, 92.180, 5
165, 529.790, 92.180, 5
166, 550.660, 92.180, 5
167, 571.530, 92.180, 5
168, 592.400, 92.180, 5
169, 613.270, 92.180, 5
170, 634.140, 92.180, 5
171, 655.010, 92.180, 5
172, 675.880, 92.180, 14
173, 696.750, 92.180, 14
174, 717.620, 92.180, 14
175, 738.490, 92.180, 14
176, 759.360, 92.180, 14
177, 780.230, 92.180, 14
178, 801.100, 92.180, 14
179, 175.000, 100.680, 12
180, 195.870, 100.680, 12
181, 216.740, 100.680, 12
182, 237.610, 100.680, 12
183, 258.480, 100.680, 12
184, 279.350, 100.680, 12
185, 300.220, 100.680, 12
186, 321.090, 100.680, 12
187, 341.960, 100.680, 12
188, 362.830, 100.680, 12
189, 383.700, 100.680, 12
190, 404.570, 100.680, 12
191, 425.440, 100.680, 12
192, 446.310, 100.680, 5
193, 467.180, 100.680, 5
194, 488.050, 100.680, 5
195, 508.920, 100.680, 5
196, 529.790, 100.680, 5
197, 550.660, 100.680, 5
198, 571.530, 100.680, 5
199, 592.400, 100.680, 5
200, 613.270, 100.680, 5
201, 634.140, 100.680, 14
202, 655.010, 100.680, 14
203, 675.880, 100.680, 14
204, 696.750, 100.680, 14
205, 717.620, 100.680, 14
206, 738.490, 100.680, 14
207, 759.360, 100.680, 14
208, 780.230, 100.680, 14
209, 801.100, 100.680, 14
210, 821.970, 100.680, 14
211, 842.840, 100.680, 14
212, 154.130, 109.180, 10
213, 175.000, 109.180, 10
214, 195.870, 109.180, 10
215, 216.740, 109.180, 10
216, 237.610, 109.180, 10
217, 258.480, 109.180, 12
218, 279.350, 109.180, 12
219, 300.220, 109.180, 12
220, 321.090, 109.180, 12
221, 341.960, 109.180, 12
222, 362.830, 109.180, 12
223, 383.700, 109.180, 12
224, 404.570, 109.180, 12
225, 425.440, 109.180, 12
226, 446.310, 109.180, 5
227, 467.180, 109.180, 5
228, 488.050, 109.180, 5
229, 508.920, 109.180, 5
230, 529.790, 109.180, 5
231, 550.660, 109.180, 5
232, 571.530, 109.180, 5
233, 592.400, 109.180, 14
234, 613.270, 109.180, 14
235, 634.140, 109.180, 14
236, 655.010, 109.180, 14
237, 675.880, 109.180, 14
238, 696.750, 109.180, 14
239, 717.620, 109.180, 14
240, 738.490, 109.180, 14
241, 759.360, 109.180, 14
242, 780.230, 109.180, 14
243, 801.100, 109.180, 14
244, 821.970, 109.180, 14
245, 842.840, 109.180, 14
246, 863.710, 109.180, 14
247, 154.130, 117.680, 10
248, 175.000, 117.680, 10
249, 195.870, 117.680, 10
250, 216.740, 117.680, 10
251, 237.610, 117.680, 10
252, 258.480, 117.680, 10
253, 279.350, 117.680, 10
254, 300.220, 117.680, 10
255, 321.090, 117.680, 10
256, 341.960, 117.680, 10
257, 362.830, 117.680, 10
258, 383.700, 117.680, 10
259, 404.570, 117.680, 10
260, 425.440, 117.680, 10
261, 446.310, 117.680, 5
262, 467.180, 117.680, 5
263, 488.050, 117.680, 5
264, 508.920, 117.680, 5
265, 529.790, 117.680, 5
266, 550.660, 117.680, 5
267, 571.530, 117.680, 5
268, 592.400, 117.680, 14
269, 613.270, 117.680, 14
270, 634.140, 117.680, 14
271, 655.010, 117.680, 14
272, 675.880, 117.680, 14
273, 696.750, 117.680, 14
274, 717.620, 117.680, 14
275, 738.490, 117.680, 14
276, 759.360, 117.680, 14
277, 780.230, 117.680, 14
278, 801.100, 117.680, 14
279, 821.970, 117.680, 14
280, 842.840, 117.680, 14
281, 863.710, 117.680, 14
282, 884.580, 117.680, 9
283, 905.450, 117.680, 9
284, 154.130, 126.180, 10
285, 175.000, 126.180, 10
286, 195.870, 126.180, 10
287, 216.740, 126.180, 10
288, 237.610, 126.180, 10
289, 258.480, 126.180, 10
290, 279.350, 126.180, 10
291, 300.220, 126.180, 10
292, 321.090, 126.180, 10
293, 341.960, 126.180, 10
294, 362.830, 126.180, 10
295, 383.700, 126.180, 10
296, 404.570, 126.180, 10
297, 425.440, 126.180, 10
298, 446.310, 126.180, 5
299, 467.180, 126.180, 5
300, 488.050, 126.180, 5
301, 508.920, 126.180, 5
302, 529.790, 126.180, 5
303, 550.660, 126.180, 5
304, 571.530, 126.180, 5
305, 592.400, 126.180, 14
306, 613.270, 126.180, 14
307, 634.140, 126.180, 14
308, 655.010, 126.180, 14
309, 675.880, 126.180, 14
310, 696.750, 126.180, 14
311, 717.620, 126.180, 14
312, 738.490, 126.180, 14
313, 759.360, 126.180, 14
314, 780.230, 126.180, 14
315, 801.100, 126.180, 14
316, 821.970, 126.180, 14
317, 842.840, 126.180, 14
318, 863.710, 126.180, 14
319, 884.580, 126.180, 9
320, 905.450, 126.180, 9
321, 926.320, 126.180, 9
322, 133.260, 134.680, 10
323, 154.130, 134.680, 10
324, 175.000, 134.680, 10
325, 195.870, 134.680, 10
326, 216.740, 134.680, 10
327, 237.610, 134.680, 10
328, 258.480, 134.680, 10
329, 279.350, 134.680, 10
330, 300.220, 134.680, 10
331, 321.090, 134.680, 10
332, 341.960, 134.680, 10
333, 362.830, 134.680, 10
334, 383.700, 134.680, 10
335, 404.570, 134.680, 10
336, 425.440, 134.680, 10
337, 446.310, 134.680, 5
338, 467.180, 134.680, 5
339, 488.050, 134.680, 5
340, 508.920, 134.680, 5
341, 529.790, 134.680, 5
342, 550.660, 134.680, 5
343, 571.530, 134.680, 5
344, 592.400, 134.680, 14
345, 613.270, 134.680, 14
346, 634.140, 134.680, 14
347, 655.010, 134.680, 14
348, 675.880, 134.680, 14
349, 696.750, 134.680, 14
350, 717.620, 134.680, 14
351, 738.490, 134.680, 14
352, 759.360, 134.680, 14
353, 780.230, 134.680, 14
354, 801.100, 134.680, 14
355, 821.970, 134.680, 14
356, 842.840, 134.680, 14
357, 863.710, 134.680, 14
358, 884.580, 134.680, 9
359, 905.450, 134.680, 9
360, 926.320, 134.680, 9
361, 947.190, 134.680, 9
362, 968.060, 134.680, 9
363, 154.130, 143.180, 10
364, 175.000, 143.180, 10
365, 195.870, 143.180, 10
366, 216.740, 143.180, 10
367, 237.610, 143.180, 10
368, 258.480, 143.180, 10
369, 279.350, 143.180, 10
370, 300.220, 143.180, 10
371, 321.090, 143.180, 10
372, 341.960, 143.180, 10
373, 362.830, 143.180, 10
374, 383.700, 143.180, 10
375, 404.570, 143.180, 10
376, 425.440, 143.180, 10
377, 446.310, 143.180, 3
378, 467.180, 143.180, 3
379, 488.050, 143.180, 3
380, 508.920, 143.180, 3
381, 529.790, 143.180, 3
382, 550.660, 143.180, 3
383, 571.530, 143.180, 3
384, 592.400, 143.180, 14
385, 613.270, 143.180, 14
386, 634.140, 143.180, 14
387, 655.010, 143.180, 14
388, 675.880, 143.180, 14
389, 696.750, 143.180, 14
390, 717.620, 143.180, 14
391, 738.490, 143.180, 14
392, 759.360, 143.180, 14
393, 780.230, 143.180, 14
394, 801.100, 143.180, 14
395, 821.970, 143.180, 14
396, 842.840, 143.180, 9
397, 863.710, 143.180, 9
398, 884.580, 143.180, 9
399, 905.450, 143.180, 9
400, 926.320, 143.180, 9
401, 947.190, 143.180, 9
402, 968.060, 143.180, 9
403, 988.930, 143.180, 9
404, 1009.800, 143.180, 9
405, 154.130, 151.680, 10
406, 175.000, 151.680, 10
407, 195.870, 151.680, 10
408, 216.740, 151.680, 10
409, 237.610, 151.680, 10
410, 258.480, 151.680, 10
411, 279.350, 151.680, 10
412, 300.220, 151.680, 10
413, 321.090, 151.680, 10
414, 341.960, 151.680, 10
415, 362.830, 151.680, 10
416, 383.700, 151.680, 10
417, 404.570, 151.680, 10
418, 425.440, 151.680, 10
419, 446.310, 151.680, 3
420, 467.180, 151.680, 3
421, 488.050, 151.680, 3
422, 508.920, 151.680, 3
423, 529.790, 151.680, 3
424, 550.660, 151.680, 3
425, 571.530, 151.680, 3
426, 592.400, 151.680, 3
427, 613.270, 151.680, 14
428, 634.140, 151.680, 14
429, 655.010, 151.680, 14
430, 675.880, 151.680, 14
431, 696.750, 151.680, 14
432, 717.620, 151.680, 14
433, 738.490, 151.680, 14
434, 759.360, 151.680, 14
435, 780.230, 151.680, 14
436, 801.100, 151.680, 14
437, 821.970, 151.680, 14
438, 842.840, 151.680, 9
439, 863.710, 151.680, 9
440, 884.580, 151.680, 9
441, 905.450, 151.680, 9
442, 926.320, 151.680, 9
443, 947.190, 151.680, 9
444, 968.060, 151.680, 9
445, 988.930, 151.680, 9
446, 1009.800, 151.680, 9
447, 154.130, 160.180, 10
448, 175.000, 160.180, 10
449, 195.870, 160.180, 10
450, 216.740, 160.180, 10
451, 237.610, 160.180, 10
452, 258.480, 160.180, 10
453, 279.350, 160.180, 10
454, 300.220, 160.180, 10
455, 321.090, 160.180, 10
456, 341.960, 160.180, 10
457, 362.830, 160.180, 10
458, 383.700, 160.180, 10
459, 404.570, 160.180, 10
460, 425.440, 160.180, 10
461, 446.310, 160.180, 3
462, 467.180, 160.180, 3
463, 488.050, 160.180, 3
464, 508.920, 160.180, 3
465, 529.790, 160.180, 3
466, 550.660, 160.180, 3
467, 571.530, 160.180, 3
468, 592.400, 160.180, 3
469, 613.270, 160.180, 2
470, 634.140, 160.180, 2
471, 655.010, 160.180, 2
472, 675.880, 160.180, 2
473, 696.750, 160.180, 2
474, 717.620, 160.180, 2
475, 738.490, 160.180, 2
476, 759.360, 160.180, 2
477, 780.230, 160.180, 2
478, 801.100, 160.180, 2
479, 821.970, 160.180, 2
480, 842.840, 160.180, 9
481, 863.710, 160.180, 9
482, 884.580, 160.180, 9
483, 905.450, 160.180, 9
484, 926.320, 160.180, 9
485, 947.190, 160.180, 9
486, 968.060, 160.180, 9
487, 988.930, 160.180, 9
488, 1009.800, 160.180, 9
489, 1030.670, 160.180, 9
490, 154.130, 168.680, 10
491, 175.000, 168.680, 10
492, 195.870, 168.680, 10
493, 216.740, 168.680, 10
494, 237.610, 168.680, 10
495, 258.480, 168.680, 10
496, 279.350, 168.680, 10
497, 300.220, 168.680, 10
498, 321.090, 168.680, 10
499, 341.960, 168.680, 10
500, 362.830, 168.680, 10
501, 383.700, 168.680, 10
502, 404.570, 168.680, 10
503, 425.440, 168.680, 10
504, 446.310, 168.680, 3
505, 467.180, 168.680, 3
506, 488.050, 168.680, 3
507, 508.920, 168.680, 3
508, 529.790, 168.680, 3
509, 550.660, 168.680, 3
510, 571.530, 168.680, 3
511, 592.400, 168.680, 3
512, 613.270, 168.680, 2
513, 634.140, 168.680, 2
514, 655.010, 168.680, 2
515, 675.880, 168.680, 2
516, 696.750, 168.680, 2
517, 717.620, 168.680, 2
518, 738.490, 168.680, 2
519, 759.360, 168.680, 2
520, 780.230, 168.680, 2
521, 801.100, 168.680, 2
522, 821.970, 168.680, 2
523, 842.840, 168.680, 9
524, 863.710, 168.680, 9
525, 884.580, 168.680, 9
526, 905.450, 168.680, 9
527, 926.320, 168.680, 9
528, 947.190, 168.680, 9
529, 968.060, 168.680, 9
530, 988.930, 168.680, 9
531, 1009.800, 168.680, 9
532, 1030.670, 168.680, 9
533, 1051.540, 168.680, 9
534, 175.000, 177.180, 10
535, 195.870, 177.180, 10
536, 216.740, 177.180, 10
537, 237.610, 177.180, 10
538, 258.480, 177.180, 10
539, 279.350, 177.180, 13
540, 300.220, 177.180, 13
541, 321.090, 177.180, 13
542, 341.960, 177.180, 13
543, 362.830, 177.180, 13
544, 383.700, 177.180, 13
545, 404.570, 177.180, 13
546, 425.440, 177.180, 13
547, 446.310, 177.180, 3
548, 467.180, 177.180, 3
549, 488.050, 177.180, 3
550, 508.920, 177.180, 3
551, 529.790, 177.180, 3
552, 550.660, 177.180, 3
553, 571.530, 177.180, 3
554, 592.400, 177.180, 3
555, 613.270, 177.180, 2
556, 634.140, 177.180, 2
557, 655.010, 177.180, 2
558, 675.880, 177.180, 2
559, 696.750, 177.180, 2
560, 717.620, 177.180, 2
561, 738.490, 177.180, 2
562, 759.360, 177.180, 2
563, 780.230, 177.180, 2
564, 801.100, 177.180, 2
565, 821.970, 177.180, 2
566, 842.840, 177.180, 9
567, 863.710, 177.180, 9
568, 884.580, 177.180, 9
569, 905.450, 177.180, 9
570, 926.320, 177.180, 9
571, 947.190, 177.180, 9
572, 968.060, 177.180, 9
573, 988.930, 177.180, 9
574, 1009.800, 177.180, 9
575, 1030.670, 177.180, 9
576, 1051.540, 177.180, 9
577, 1072.410, 177.180, 9
578, 175.000, 185.680, 13
579, 195.870, 185.680, 13
580, 216.740, 185.680, 13
581, 237.610, 185.680, 13
582, 258.480, 185.680, 13
583, 279.350, 185.680, 13
584, 300.220, 185.680, 13
585, 321.090, 185.680, 13
586, 341.960, 185.680, 13
587, 362.830, 185.680, 13
588, 383.700, 185.680, 13
589, 404.570, 185.680, 13
590, 425.440, 185.680, 13
591, 446.310, 185.680, 3
592, 467.180, 185.680, 3
593, 488.050, 185.680, 3
594, 508.920, 185.680, 3
595, 529.790, 185.680, 3
596, 550.660, 185.680, 3
597, 571.530, 185.680, 3
598, 592.400, 185.680, 3
599, 613.270, 185.680, 2
600, 634.140, 185.680, 2
601, 655.010, 185.680, 2
602, 675.880, 185.680, 2
603, 696.750, 185.680, 2
604, 717.620, 185.680, 2
605, 738.490, 185.680, 2
606, 759.360, 185.680, 2
607, 780.230, 185.680, 2
608, 801.100, 185.680, 2
609, 821.970, 185.680, 2
610, 842.840, 185.680, 9
611, 863.710, 185.680, 9
612, 884.580, 185.680, 9
613, 905.450, 185.680, 9
614, 926.320, 185.680, 9
615, 947.190, 185.680, 9
616, 968.060, 185.680, 9
617, 988.930, 185.680, 9
618, 1009.800, 185.680, 9
619, 1030.670, 185.680, 9
620, 1051.540, 185.680, 9
621, 175.000, 194.180, 13
622, 195.870, 194.180, 13
623, 216.740, 194.180, 13
624, 237.610, 194.180, 13
625, 258.480, 194.180, 13
626, 279.350, 194.180, 13
627, 300.220, 194.180, 13
628, 321.090, 194.180, 13
629, 341.960, 194.180, 13
630, 362.830, 194.180, 13
631, 383.700, 194.180, 13
632, 404.570, 194.180, 13
633, 425.440, 194.180, 3
634, 446.310, 194.180, 3
635, 467.180, 194.180, 3
636, 488.050, 194.180, 3
637, 508.920, 194.180, 3
638, 529.790, 194.180, 3
639, 550.660, 194.180, 3
640, 571.530, 194.180, 3
641, 592.400, 194.180, 3
642, 613.270, 194.180, 2
643, 634.140, 194.180, 2
644, 655.010, 194.180, 2
645, 675.880, 194.180, 2
646, 696.750, 194.180, 2
647, 717.620, 194.180, 2
648, 738.490, 194.180, 2
649, 759.360, 194.180, 2
650, 780.230, 194.180, 2
651, 801.100, 194.180, 2
652, 821.970, 194.180, 2
653, 842.840, 194.180, 9
654, 863.710, 194.180, 9
655, 884.580, 194.180, 9
656, 905.450, 194.180, 9
657, 926.320, 194.180, 9
658, 947.190, 194.180, 9
659, 968.060, 194.180, 9
660, 988.930, 194.180, 9
661, 1009.800, 194.180, 9
662, 1030.670, 194.180, 9
663, 1051.540, 194.180, 9
664, 175.000, 202.680, 13
665, 195.870, 202.680, 13
666, 216.740, 202.680, 13
667, 237.610, 202.680, 13
668, 258.480, 202.680, 13
669, 279.350, 202.680, 13
670, 300.220, 202.680, 13
671, 321.090, 202.680, 13
672, 341.960, 202.680, 13
673, 362.830, 202.680, 13
674, 383.700, 202.680, 13
675, 404.570, 202.680, 13
676, 425.440, 202.680, 3
677, 446.310, 202.680, 3
678, 467.180, 202.680, 3
679, 488.050, 202.680, 3
680, 508.920, 202.680, 3
681, 529.790, 202.680, 3
682, 550.660, 202.680, 3
683, 571.530, 202.680, 3
684, 592.400, 202.680, 3
685, 613.270, 202.680, 2
686, 634.140, 202.680, 2
687, 655.010, 202.680, 2
688, 675.880, 202.680, 2
689, 696.750, 202.680, 2
690, 717.620, 202.680, 2
691, 738.490, 202.680, 2
692, 759.360, 202.680, 2
693, 780.230, 202.680, 2
694, 801.100, 202.680, 2
695, 821.970, 202.680, 2
696, 842.840, 202.680, 9
697, 863.710, 202.680, 9
698, 884.580, 202.680, 9
699, 905.450, 202.680, 9
700, 926.320, 202.680, 9
701, 947.190, 202.680, 9
702, 968.060, 202.680, 9
703, 988.930, 202.680, 9
704, 1009.800, 202.680, 9
705, 1030.670, 202.680, 9
706, 1051.540, 202.680, 9
707, 175.000, 211.180, 13
708, 195.870, 211.180, 13
709, 216.740, 211.180, 13
710, 237.610, 211.180, 13
711, 258.480, 211.180, 13
712, 279.350, 211.180, 13
713, 300.220, 211.180, 13
714, 321.090, 211.180, 13
715, 341.960, 211.180, 13
716, 362.830, 211.180, 13
717, 383.700, 211.180, 13
718, 404.570, 211.180, 13
719, 425.440, 211.180, 3
720, 446.310, 211.180, 3
721, 467.180, 211.180, 3
722, 488.050, 211.180, 3
723, 508.920, 211.180, 3
724, 529.790, 211.180, 3
725, 550.660, 211.180, 3
726, 571.530, 211.180, 3
727, 592.400, 211.180, 3
728, 613.270, 211.180, 2
729, 634.140, 211.180, 2
730, 655.010, 211.180, 2
731, 675.880, 211.180, 2
732, 696.750, 211.180, 2
733, 717.620, 211.180, 2
734, 738.490, 211.180, 2
735, 759.360, 211.180, 2
736, 780.230, 211.180, 2
737, 801.100, 211.180, 2
738, 821.970, 211.180, 2
739, 842.840, 211.180, 9
740, 863.710, 211.180, 9
741, 884.580, 211.180, 9
742, 905.450, 211.180, 9
743, 926.320, 211.180, 9
744, 947.190, 211.180, 9
745, 968.060, 211.180, 9
746, 988.930, 211.180, 9
747, 1009.800, 211.180, 9
748, 1030.670, 211.180, 9
749, 195.870, 219.680, 13
750, 216.740, 219.680, 13
751, 237.610, 219.680, 13
752, 258.480, 219.680, 13
753, 279.350, 219.680, 13
754, 300.220, 219.680, 13
755, 321.090, 219.680, 13
756, 341.960, 219.680, 13
757, 362.830, 219.680, 13
758, 383.700, 219.680, 13
759, 404.570, 219.680, 13
760, 425.440, 219.680, 3
761, 446.310, 219.680, 3
762, 467.180, 219.680, 3
763, 488.050, 219.680, 3
764, 508.920, 219.680, 3
765, 529.790, 219.680, 3
766, 550.660, 219.680, 3
767, 571.530, 219.680, 3
768, 592.400, 219.680, 3
769, 613.270, 219.680, 2
770, 634.140, 219.680, 2
771, 655.010, 219.680, 2
772, 675.880, 219.680, 2
773, 696.750, 219.680, 2
774, 717.620, 219.680, 2
775, 738.490, 219.680, 2
776, 759.360, 219.680, 2
777, 780.230, 219.680, 2
778, 801.100, 219.680, 2
779, 821.970, 219.680, 2
780, 842.840, 219.680, 7
781, 863.710, 219.680, 7
782, 884.580, 219.680, 7
783, 905.450, 219.680, 7
784, 926.320, 219.680, 7
785, 947.190, 219.680, 9
786, 968.060, 219.680, 9
787, 988.930, 219.680, 9
788, 1009.800, 219.680, 9
789, 1030.670, 219.680, 9
790, 195.870, 228.180, 13
791, 216.740, 228.180, 13
792, 237.610, 228.180, 13
793, 258.480, 228.180, 13
794, 279.350, 228.180, 13
795, 300.220, 228.180, 13
796, 321.090, 228.180, 13
797, 341.960, 228.180, 13
798, 362.830, 228.180, 13
799, 383.700, 228.180, 13
800, 404.570, 228.180, 13
801, 425.440, 228.180, 3
802, 446.310, 228.180, 3
803, 467.180, 228.180, 3
804, 488.050, 228.180, 3
805, 508.920, 228.180, 3
806, 529.790, 228.180, 3
807, 550.660, 228.180, 3
808, 571.530, 228.180, 3
809, 592.400, 228.180, 3
810, 613.270, 228.180, 2
811, 634.140, 228.180, 2
812, 655.010, 228.180, 2
813, 675.880, 228.180, 2
814, 696.750, 228.180, 2
815, 717.620, 228.180, 2
816, 738.490, 228.180, 2
817, 759.360, 228.180, 2
818, 780.230, 228.180, 2
819, 801.100, 228.180, 2
820, 821.970, 228.180, 2
821, 842.840, 228.180, 7
822, 863.710, 228.180, 7
823, 884.580, 228.180, 7
824, 905.450, 228.180, 7
825, 926.320, 228.180, 7
826, 947.190, 228.180, 7
827, 968.060, 228.180, 7
828, 988.930, 228.180, 7
829, 1009.800, 228.180, 7
830, 1030.670, 228.180, 7
831, 216.740, 236.680, 13
832, 237.610, 236.680, 13
833, 258.480, 236.680, 13
834, 279.350, 236.680, 13
835, 300.220, 236.680, 13
836, 321.090, 236.680, 13
837, 341.960, 236.680, 13
838, 362.830, 236.680, 13
839, 383.700, 236.680, 13
840, 404.570, 236.680, 13
841, 425.440, 236.680, 3
842, 446.310, 236.680, 3
843, 467.180, 236.680, 3
844, 488.050, 236.680, 3
845, 508.920, 236.680, 3
846, 529.790, 236.680, 3
847, 550.660, 236.680, 3
848, 571.530, 236.680, 3
849, 592.400, 236.680, 3
850, 613.270, 236.680, 2
851, 634.140, 236.680, 2
852, 655.010, 236.680, 2
853, 675.880, 236.680, 2
854, 696.750, 236.680, 2
855, 717.620, 236.680, 2
856, 738.490, 236.680, 2
857, 759.360, 236.680, 2
858, 780.230, 236.680, 2
859, 801.100, 236.680, 2
860, 821.970, 236.680, 7
861, 842.840, 236.680, 7
862, 863.710, 236.680, 7
863, 884.580, 236.680, 7
864, 905.450, 236.680, 7
865, 926.320, 236.680, 7
866, 947.190, 236.680, 7
867, 968.060, 236.680, 7
868, 988.930, 236.680, 7
869, 1009.800, 236.680, 7
870, 216.740, 245.180, 13
871, 237.610, 245.180, 13
872, 258.480, 245.180, 13
873, 279.350, 245.180, 13
874, 300.220, 245.180, 13
875, 321.090, 245.180, 13
876, 341.960, 245.180, 13
877, 362.830, 245.180, 13
878, 383.700, 245.180, 13
879, 404.570, 245.180, 13
880, 425.440, 245.180, 3
881, 446.310, 245.180, 3
882, 467.180, 245.180, 3
883, 488.050, 245.180, 3
884, 508.920, 245.180, 3
885, 529.790, 245.180, 11
886, 550.660, 245.180, 11
887, 571.530, 245.180, 11
888, 592.400, 245.180, 11
889, 613.270, 245.180, 11
890, 634.140, 245.180, 11
891, 655.010, 245.180, 11
892, 675.880, 245.180, 11
893, 696.750, 245.180, 11
894, 717.620, 245.180, 11
895, 738.490, 245.180, 11
896, 759.360, 245.180, 7
897, 780.230, 245.180, 7
898, 801.100, 245.180, 7
899, 821.970, 245.180, 7
900, 842.840, 245.180, 7
901, 863.710, 245.180, 7
902, 884.580, 245.180, 7
903, 905.450, 245.180, 7
904, 926.320, 245.180, 7
905, 947.190, 245.180, 7
906, 968.060, 245.180, 7
907, 988.930, 245.180, 7
908, 1009.800, 245.180, 7
909, 216.740, 253.680, 13
910, 237.610, 253.680, 13
911, 258.480, 253.680, 13
912, 279.350, 253.680, 13
913, 300.220, 253.680, 13
914, 321.090, 253.680, 13
915, 341.960, 253.680, 13
916, 362.830, 253.680, 13
917, 383.700, 253.680, 13
918, 404.570, 253.680, 13
919, 425.440, 253.680, 3
920, 446.310, 253.680, 3
921, 467.180, 253.680, 3
922, 488.050, 253.680, 11
923, 508.920, 253.680, 11
924, 529.790, 253.680, 11
925, 550.660, 253.680, 11
926, 571.530, 253.680, 11
927, 592.400, 253.680, 11
928, 613.270, 253.680, 11
929, 634.140, 253.680, 11
930, 655.010, 253.680, 11
931, 675.880, 253.680, 11
932, 696.750, 253.680, 11
933, 717.620, 253.680, 11
934, 738.490, 253.680, 11
935, 759.360, 253.680, 7
936, 780.230, 253.680, 7
937, 801.100, 253.680, 7
938, 821.970, 253.680, 7
939, 842.840, 253.680, 7
940, 863.710, 253.680, 7
941, 884.580, 253.680, 7
942, 905.450, 253.680, 7
943, 926.320, 253.680, 7
944, 947.190, 253.680, 7
945, 968.060, 253.680, 7
946, 988.930, 253.680, 7
947, 1009.800, 253.680, 7
948, 237.610, 262.180, 1
949, 258.480, 262.180, 1
950, 279.350, 262.180, 1
951, 300.220, 262.180, 1
952, 321.090, 262.180, 1
953, 341.960, 262.180, 1
954, 362.830, 262.180, 1
955, 383.700, 262.180, 1
956, 404.570, 262.180, 1
957, 425.440, 262.180, 1
958, 446.310, 262.180, 1
959, 467.180, 262.180, 1
960, 488.050, 262.180, 11
961, 508.920, 262.180, 11
962, 529.790, 262.180, 11
963, 550.660, 262.180, 11
964, 571.530, 262.180, 11
965, 592.400, 262.180, 11
966, 613.270, 262.180, 11
967, 634.140, 262.180, 11
968, 655.010, 262.180, 11
969, 675.880, 262.180, 11
970, 696.750, 262.180, 11
971, 717.620, 262.180, 11
972, 738.490, 262.180, 11
973, 759.360, 262.180, 7
974, 780.230, 262.180, 7
975, 801.100, 262.180, 7
976, 821.970, 262.180, 7
977, 842.840, 262.180, 7
978, 863.710, 262.180, 7
979, 884.580, 262.180, 7
980, 905.450, 262.180, 7
981, 926.320, 262.180, 7
982, 947.190, 262.180, 7
983, 968.060, 262.180, 7
984, 988.930, 262.180, 7
985, 237.610, 270.680, 1
986, 258.480, 270.680, 1
987, 279.350, 270.680, 1
988, 300.220, 270.680, 1
989, 321.090, 270.680, 1
990, 341.960, 270.680, 1
991, 362.830, 270.680, 1
992, 383.700, 270.680, 1
993, 404.570, 270.680, 1
994, 425.440, 270.680, 1
995, 446.310, 270.680, 1
996, 467.180, 270.680, 1
997, 488.050, 270.680, 11
998, 508.920, 270.680, 11
999, 529.790, 270.680, 11
1000, 550.660, 270.680, 11
1001, 571.530, 270.680, 11
1002, 592.400, 270.680, 11
1003, 613.270, 270.680, 11
1004, 634.140, 270.680, 11
1005, 655.010, 270.680, 11
1006, 675.880, 270.680, 11
1007, 696.750, 270.680, 11
1008, 717.620, 270.680, 11
1009, 738.490, 270.680, 11
1010, 759.360, 270.680, 7
1011, 780.230, 270.680, 7
1012, 801.100, 270.680, 7
1013, 821.970, 270.680, 7
1014, 842.840, 270.680, 7
1015, 863.710, 270.680, 7
1016, 884.580, 270.680, 7
1017, 905.450, 270.680, 7
1018, 926.320, 270.680, 7
1019, 947.190, 270.680, 7
1020, 968.060, 270.680, 7
1021, 988.930, 270.680, 7
1022, 237.610, 279.180, 1
1023, 258.480, 279.180, 1
1024, 279.350, 279.180, 1
1025, 300.220, 279.180, 1
1026, 321.090, 279.180, 1
1027, 341.960, 279.180, 1
1028, 362.830, 279.180, 1
1029, 383.700, 279.180, 1
1030, 404.570, 279.180, 1
1031, 425.440, 279.180, 1
1032, 446.310, 279.180, 1
1033, 467.180, 279.180, 1
1034, 488.050, 279.180, 11
1035, 508.920, 279.180, 11
1036, 529.790, 279.180, 11
1037, 550.660, 279.180, 11
1038, 571.530, 279.180, 11
1039, 592.400, 279.180, 11
1040, 613.270, 279.180, 11
1041, 634.140, 279.180, 11
1042, 655.010, 279.180, 11
1043, 675.880, 279.180, 11
1044, 696.750, 279.180, 11
1045, 717.620, 279.180, 11
1046, 738.490, 279.180, 11
1047, 759.360, 279.180, 7
1048, 780.230, 279.180, 7
1049, 801.100, 279.180, 7
1050, 821.970, 279.180, 7
1051, 842.840, 279.180, 7
1052, 863.710, 279.180, 7
1053, 884.580, 279.180, 7
1054, 905.450, 279.180, 7
1055, 926.320, 279.180, 7
1056, 947.190, 279.180, 7
1057, 968.060, 279.180, 7
1058, 988.930, 279.180, 7
1059, 258.480, 287.680, 1
1060, 279.350, 287.680, 1
1061, 300.220, 287.680, 1
1062, 321.090, 287.680, 1
1063, 341.960, 287.680, 1
1064, 362.830, 287.680, 1
1065, 383.700, 287.680, 1
1066, 404.570, 287.680, 1
1067, 425.440, 287.680, 1
1068, 446.310, 287.680, 1
1069, 467.180, 287.680, 1
1070, 488.050, 287.680, 11
1071, 508.920, 287.680, 11
1072, 529.790, 287.680, 11
1073, 550.660, 287.680, 11
1074, 571.530, 287.680, 11
1075, 592.400, 287.680, 11
1076, 613.270, 287.680, 11
1077, 634.140, 287.680, 11
1078, 655.010, 287.680, 11
1079, 675.880, 287.680, 11
1080, 696.750, 287.680, 11
1081, 717.620, 287.680, 11
1082, 738.490, 287.680, 11
1083, 759.360, 287.680, 7
1084, 780.230, 287.680, 7
1085, 801.100, 287.680, 7
1086, 821.970, 287.680, 7
1087, 842.840, 287.680, 7
1088, 863.710, 287.680, 7
1089, 884.580, 287.680, 7
1090, 905.450, 287.680, 7
1091, 926.320, 287.680, 7
1092, 947.190, 287.680, 7
1093, 968.060, 287.680, 7
1094, 258.480, 296.180, 1
1095, 279.350, 296.180, 1
1096, 300.220, 296.180, 1
1097, 321.090, 296.180, 1
1098, 341.960, 296.180, 1
1099, 362.830, 296.180, 1
1100, 383.700, 296.180, 1
1101, 404.570, 296.180, 1
1102, 425.440, 296.180, 1
1103, 446.310, 296.180, 1
1104, 467.180, 296.180, 1
1105, 488.050, 296.180, 11
1106, 508.920, 296.180, 11
1107, 529.790, 296.180, 11
1108, 550.660, 296.180, 11
1109, 571.530, 296.180, 11
1110, 592.400, 296.180, 11
1111, 613.270, 296.180, 11
1112, 634.140, 296.180, 11
1113, 655.010, 296.180, 11
1114, 675.880, 296.180, 11
1115, 696.750, 296.180, 11
1116, 717.620, 296.180, 11
1117, 738.490, 296.180, 11
1118, 759.360, 296.180, 7
1119, 780.230, 296.180, 7
1120, 801.100, 296.180, 7
1121, 821.970, 296.180, 7
1122, 842.840, 296.180, 7
1123, 863.710, 296.180, 7
1124, 884.580, 296.180, 7
1125, 905.450, 296.180, 7
1126, 926.320, 296.180, 7
1127, 947.190, 296.180, 7
1128, 968.060, 296.180, 7
1129, 258.480, 304.680, 1
1130, 279.350, 304.680, 1
1131, 300.220, 304.680, 1
1132, 321.090, 304.680, 1
1133, 341.960, 304.680, 1
1134, 362.830, 304.680, 1
1135, 383.700, 304.680, 1
1136, 404.570, 304.680, 1
1137, 425.440, 304.680, 1
1138, 446.310, 304.680, 1
1139, 467.180, 304.680, 1
1140, 488.050, 304.680, 11
1141, 508.920, 304.680, 11
1142, 529.790, 304.680, 11
1143, 550.660, 304.680, 11
1144, 571.530, 304.680, 11
1145, 592.400, 304.680, 11
1146, 613.270, 304.680, 11
1147, 634.140, 304.680, 11
1148, 655.010, 304.680, 11
1149, 675.880, 304.680, 11
1150, 696.750, 304.680, 4
1151, 717.620, 304.680, 4
1152, 738.490, 304.680, 4
1153, 759.360, 304.680, 4
1154, 780.230, 304.680, 4
1155, 801.100, 304.680, 4
1156, 821.970, 304.680, 4
1157, 842.840, 304.680, 4
1158, 863.710, 304.680, 4
1159, 884.580, 304.680, 4
1160, 905.450, 304.680, 4
1161, 926.320, 304.680, 4
1162, 947.190, 304.680, 4
1163, 279.350, 313.180, 1
1164, 300.220, 313.180, 1
1165, 321.090, 313.180, 1
1166, 341.960, 313.180, 1
1167, 362.830, 313.180, 1
1168, 383.700, 313.180, 1
1169, 404.570, 313.180, 1
1170, 425.440, 313.180, 1
1171, 446.310, 313.180, 1
1172, 467.180, 313.180, 1
1173, 488.050, 313.180, 11
1174, 508.920, 313.180, 11
1175, 529.790, 313.180, 11
1176, 550.660, 313.180, 11
1177, 571.530, 313.180, 11
1178, 592.400, 313.180, 11
1179, 613.270, 313.180, 11
1180, 634.140, 313.180, 11
1181, 655.010, 313.180, 11
1182, 675.880, 313.180, 11
1183, 696.750, 313.180, 4
1184, 717.620, 313.180, 4
1185, 738.490, 313.180, 4
1186, 759.360, 313.180, 4
1187, 780.230, 313.180, 4
1188, 801.100, 313.180, 4
1189, 821.970, 313.180, 4
1190, 842.840, 313.180, 4
1191, 863.710, 313.180, 4
1192, 884.580, 313.180, 4
1193, 905.450, 313.180, 4
1194, 926.320, 313.180, 4
1195, 947.190, 313.180, 4
1196, 300.220, 321.680, 1
1197, 321.090, 321.680, 1
1198, 341.960, 321.680, 1
1199, 362.830, 321.680, 1
1200, 383.700, 321.680, 1
1201, 404.570, 321.680, 1
1202, 425.440, 321.680, 1
1203, 446.310, 321.680, 8
1204, 467.180, 321.680, 8
1205, 488.050, 321.680, 8
1206, 508.920, 321.680, 8
1207, 529.790, 321.680, 8
1208, 550.660, 321.680, 8
1209, 571.530, 321.680, 8
1210, 592.400, 321.680, 8
1211, 613.270, 321.680, 8
1212, 634.140, 321.680, 8
1213, 655.010, 321.680, 4
1214, 675.880, 321.680, 4
1215, 696.750, 321.680, 4
1216, 717.620, 321.680, 4
1217, 738.490, 321.680, 4
1218, 759.360, 321.680, 4
1219, 780.230, 321.680, 4
1220, 801.100, 321.680, 4
1221, 821.970, 321.680, 4
1222, 842.840, 321.680, 4
1223, 863.710, 321.680, 4
1224, 884.580, 321.680, 4
1225, 905.450, 321.680, 4
1226, 926.320, 321.680, 4
1227, 947.190, 321.680, 4
1228, 321.090, 330.180, 1
1229, 341.960, 330.180, 1
1230, 362.830, 330.180, 1
1231, 383.700, 330.180, 1
1232, 404.570, 330.180, 1
1233, 425.440, 330.180, 1
1234, 446.310, 330.180, 8
1235, 467.180, 330.180, 8
1236, 488.050, 330.180, 8
1237, 508.920, 330.180, 8
1238, 529.790, 330.180, 8
1239, 550.660, 330.180, 8
1240, 571.530, 330.180, 8
1241, 592.400, 330.180, 8
1242, 613.270, 330.180, 8
1243, 634.140, 330.180, 8
1244, 655.010, 330.180, 4
1245, 675.880, 330.180, 4
1246, 696.750, 330.180, 4
1247, 717.620, 330.180, 4
1248, 738.490, 330.180, 4
1249, 759.360, 330.180, 4
1250, 780.230, 330.180, 4
1251, 801.100, 330.180, 4
1252, 821.970, 330.180, 4
1253, 842.840, 330.180, 4
1254, 863.710, 330.180, 4
1255, 884.580, 330.180, 4
1256, 905.450, 330.180, 4
1257, 926.320, 330.180, 4
1258, 321.090, 338.680, 1
1259, 341.960, 338.680, 1
1260, 362.830, 338.680, 1
1261, 383.700, 338.680, 1
1262, 404.570, 338.680, 1
1263, 425.440, 338.680, 1
1264, 446.310, 338.680, 8
1265, 467.180, 338.680, 8
1266, 488.050, 338.680, 8
1267, 508.920, 338.680, 8
1268, 529.790, 338.680, 8
1269, 550.660, 338.680, 8
1270, 571.530, 338.680, 8
1271, 592.400, 338.680, 8
1272, 613.270, 338.680, 8
1273, 634.140, 338.680, 8
1274, 655.010, 338.680, 4
1275, 675.880, 338.680, 4
1276, 696.750, 338.680, 4
1277, 717.620, 338.680, 4
1278, 738.490, 338.680, 4
1279, 759.360, 338.680, 4
1280, 780.230, 338.680, 4
1281, 801.100, 338.680, 4
1282, 821.970, 338.680, 4
1283, 842.840, 338.680, 4
1284, 863.710, 338.680, 4
1285, 884.580, 338.680, 4
1286, 905.450, 338.680, 4
1287, 926.320, 338.680, 4
1288, 321.090, 347.180, 1
1289, 341.960, 347.180, 1
1290, 362.830, 347.180, 1
1291, 383.700, 347.180, 1
1292, 404.570, 347.180, 1
1293, 425.440, 347.180, 1
1294, 446.310, 347.180, 8
1295, 467.180, 347.180, 8
1296, 488.050, 347.180, 8
1297, 508.920, 347.180, 8
1298, 529.790, 347.180, 8
1299, 550.660, 347.180, 8
1300, 571.530, 347.180, 8
1301, 592.400, 347.180, 8
1302, 613.270, 347.180, 8
1303, 634.140, 347.180, 8
1304, 655.010, 347.180, 4
1305, 675.880, 347.180, 4
1306, 696.750, 347.180, 4
1307, 717.620, 347.180, 4
1308, 738.490, 347.180, 4
1309, 759.360, 347.180, 4
1310, 780.230, 347.180, 4
1311, 801.100, 347.180, 4
1312, 821.970, 347.180, 4
1313, 842.840, 347.180, 4
1314, 863.710, 347.180, 4
1315, 884.580, 347.180, 4
1316, 905.450, 347.180, 4
1317, 926.320, 347.180, 4
1318, 362.830, 355.680, 1
1319, 383.700, 355.680, 1
1320, 404.570, 355.680, 1
1321, 425.440, 355.680, 8
1322, 446.310, 355.680, 8
1323, 467.180, 355.680, 8
1324, 488.050, 355.680, 8
1325, 508.920, 355.680, 8
1326, 529.790, 355.680, 8
1327, 550.660, 355.680, 8
1328, 571.530, 355.680, 8
1329, 592.400, 355.680, 8
1330, 613.270, 355.680, 8
1331, 634.140, 355.680, 8
1332, 655.010, 355.680, 4
1333, 675.880, 355.680, 4
1334, 696.750, 355.680, 4
1335, 717.620, 355.680, 4
1336, 738.490, 355.680, 4
1337, 759.360, 355.680, 4
1338, 780.230, 355.680, 4
1339, 801.100, 355.680, 4
1340, 821.970, 355.680, 4
1341, 842.840, 355.680, 4
1342, 863.710, 355.680, 4
1343, 884.580, 355.680, 4
1344, 905.450, 355.680, 4
1345, 383.700, 364.180, 1
1346, 404.570, 364.180, 1
1347, 425.440, 364.180, 8
1348, 446.310, 364.180, 8
1349, 467.180, 364.180, 8
1350, 488.050, 364.180, 8
1351, 508.920, 364.180, 8
1352, 529.790, 364.180, 8
1353, 550.660, 364.180, 8
1354, 571.530, 364.180, 8
1355, 592.400, 364.180, 8
1356, 613.270, 364.180, 8
1357, 634.140, 364.180, 8
1358, 655.010, 364.180, 4
1359, 675.880, 364.180, 4
1360, 696.750, 364.180, 4
1361, 717.620, 364.180, 4
1362, 738.490, 364.180, 4
1363, 759.360, 364.180, 4
1364, 780.230, 364.180, 4
1365, 801.100, 364.180, 4
1366, 821.970, 364.180, 4
1367, 842.840, 364.180, 4
1368, 863.710, 364.180, 4
1369, 884.580, 364.180, 4
1370, 905.450, 364.180, 4
1371, 425.440, 372.680, 8
1372, 446.310, 372.680, 8
1373, 467.180, 372.680, 8
1374, 488.050, 372.680, 8
1375, 508.920, 372.680, 8
1376, 529.790, 372.680, 8
1377, 550.660, 372.680, 8
1378, 571.530, 372.680, 8
1379, 592.400, 372.680, 8
1380, 613.270, 372.680, 8
1381, 634.140, 372.680, 8
1382, 655.010, 372.680, 6
1383, 675.880, 372.680, 6
1384, 696.750, 372.680, 6
1385, 717.620, 372.680, 6
1386, 738.490, 372.680, 6
1387, 759.360, 372.680, 6
1388, 780.230, 372.680, 6
1389, 801.100, 372.680, 6
1390, 821.970, 372.680, 6
1391, 842.840, 372.680, 6
1392, 863.710, 372.680, 6
1393, 884.580, 372.680, 6
1394, 446.310, 381.180, 8
1395, 467.180, 381.180, 8
1396, 488.050, 381.180, 8
1397, 508.920, 381.180, 8
1398, 529.790, 381.180, 8
1399, 550.660, 381.180, 8
1400, 571.530, 381.180, 8
1401, 592.400, 381.180, 8
1402, 613.270, 381.180, 8
1403, 634.140, 381.180, 8
1404, 655.010, 381.180, 6
1405, 675.880, 381.180, 6
1406, 696.750, 381.180, 6
1407, 717.620, 381.180, 6
1408, 738.490, 381.180, 6
1409, 759.360, 381.180, 6
1410, 780.230, 381.180, 6
1411, 801.100, 381.180, 6
1412, 821.970, 381.180, 6
1413, 842.840, 381.180, 6
1414, 863.710, 381.180, 6
1415, 884.580, 381.180, 6
1416, 488.050, 389.680, 8
1417, 508.920, 389.680, 8
1418, 529.790, 389.680, 8
1419, 550.660, 389.680, 8
1420, 571.530, 389.680, 8
1421, 592.400, 389.680, 8
1422, 613.270, 389.680, 8
1423, 634.140, 389.680, 8
1424, 655.010, 389.680, 6
1425, 675.880, 389.680, 6
1426, 696.750, 389.680, 6
1427, 717.620, 389.680, 6
1428, 738.490, 389.680, 6
1429, 759.360, 389.680, 6
1430, 780.230, 389.680, 6
1431, 801.100, 389.680, 6
1432, 821.970, 389.680, 6
1433, 842.840, 389.680, 6
1434, 863.710, 389.680, 6
1435, 884.580, 389.680, 6
1436, 508.920, 398.180, 8
1437, 529.790, 398.180, 8
1438, 550.660, 398.180, 8
1439, 571.530, 398.180, 8
1440, 592.400, 398.180, 8
1441, 613.270, 398.180, 8
1442, 634.140, 398.180, 8
1443, 655.010, 398.180, 6
1444, 675.880, 398.180, 6
1445, 696.750, 398.180, 6
1446, 717.620, 398.180, 6
1447, 738.490, 398.180, 6
1448, 759.360, 398.180, 6
1449, 780.230, 398.180, 6
1450, 801.100, 398.180, 6
1451, 821.970, 398.180, 6
1452, 842.840, 398.180, 6
1453, 863.710, 398.180, 6
1454, 529.790, 406.680, 8
1455, 550.660, 406.680, 8
1456, 571.530, 406.680, 8
1457, 592.400, 406.680, 8
1458, 613.270, 406.680, 8
1459, 634.140, 406.680, 8
1460, 655.010, 406.680, 6
1461, 675.880, 406.680, 6
1462, 696.750, 406.680, 6
1463, 717.620, 406.680, 6
1464, 738.490, 406.680, 6
1465, 759.360, 406.680, 6
1466, 780.230, 406.680, 6
1467, 801.100, 406.680, 6
1468, 821.970, 406.680, 6
1469, 842.840, 406.680, 6
1470, 863.710, 406.680, 6
1471, 571.530, 415.180, 8
1472, 592.400, 415.180, 8
1473, 613.270, 415.180, 8
1474, 634.140, 415.180, 6
1475, 655.010, 415.180, 6
1476, 675.880, 415.180, 6
1477, 696.750, 415.180, 6
1478, 717.620, 415.180, 6
1479, 738.490, 415.180, 6
1480, 759.360, 415.180, 6
1481, 780.230, 415.180, 6
1482, 801.100, 415.180, 6
1483, 821.970, 415.180, 6
1484, 842.840, 415.180, 6
1485, 863.710, 415.180, 6
1486, 592.400, 423.680, 8
1487, 613.270, 423.680, 8
1488, 634.140, 423.680, 6
1489, 655.010, 423.680, 6
1490, 675.880, 423.680, 6
1491, 696.750, 423.680, 6
1492, 717.620, 423.680, 6
1493, 738.490, 423.680, 6
1494, 759.360, 423.680, 6
1495, 780.230, 423.680, 6
1496, 801.100, 423.680, 6
1497, 821.970, 423.680, 6
1498, 842.840, 423.680, 6
1499, 634.140, 432.180, 6
1500, 655.010, 432.180, 6
1501, 675.880, 432.180, 6
1502, 696.750, 432.180, 6
1503, 717.620, 432.180, 6
1504, 738.490, 432.180, 6
1505, 759.360, 432.180, 6
1506, 780.230, 432.180, 6
1507, 801.100, 432.180, 6
1508, 821.970, 432.180, 6
1509, 842.840, 432.180, 6
1510, 634.140, 440.680, 6
1511, 655.010, 440.680, 6
1512, 675.880, 440.680, 6
1513, 696.750, 440.680, 6
1514, 717.620, 440.680, 6
1515, 738.490, 440.680, 6
1516, 759.360, 440.680, 6
1517, 780.230, 440.680, 6
1518, 801.100, 440.680, 6
1519, 821.970, 440.680, 6
1520, 842.840, 440.680, 6
1521, 863.710, 440.680, 6
1522, 655.010, 449.180, 6
1523, 675.880, 449.180, 6
1524, 696.750, 449.180, 6
1525, 717.620, 449.180, 6
1526, 738.490, 449.180, 6
