1, 168.340, 326.650, 10
2, 189.210, 301.150, 10
3, 189.210, 309.650, 10
4, 189.210, 318.150, 10
5, 189.210, 326.650, 10
6, 189.210, 335.150, 10
7, 210.080, 275.650, 15
8, 210.080, 284.150, 15
9, 210.080, 292.650, 10
10, 210.080, 301.150, 10
11, 210.080, 309.650, 10
12, 210.080, 318.150, 10
13, 210.080, 326.650, 10
14, 210.080, 335.150, 10
15, 210.080, 343.650, 10
16, 230.950, 250.150, 15
17, 230.950, 258.650, 15
18, 230.950, 267.150, 15
19, 230.950, 275.650, 15
20, 230.950, 284.150, 15
21, 230.950, 292.650, 10
22, 230.950, 301.150, 10
23, 230.950, 309.650, 10
24, 230.950, 318.150, 10
25, 230.950, 326.650, 10
26, 230.950, 335.150, 10
27, 230.950, 343.650, 10
28, 230.950, 352.150, 10
29, 251.820, 224.650, 15
30, 251.820, 233.150, 15
31, 251.820, 241.650, 15
32, 251.820, 250.150, 15
33, 251.820, 258.650, 15
34, 251.820, 267.150, 15
35, 251.820, 275.650, 15
36, 251.820, 284.150, 15
37, 251.820, 292.650, 10
38, 251.820, 301.150, 10
39, 251.820, 309.650, 10
40, 251.820, 318.150, 10
41, 251.820, 326.650, 10
42, 251.820, 335.150, 10
43, 251.820, 343.650, 10
44, 251.820, 352.150, 10
45, 272.690, 199.150, 1
46, 272.690, 207.650, 1
47, 272.690, 216.150, 1
48, 272.690, 224.650, 15
49, 272.690, 233.150, 15
50, 272.690, 241.650, 15
51, 272.690, 250.150, 15
52, 272.690, 258.650, 15
53, 272.690, 267.150, 15
54, 272.690, 275.650, 15
55, 272.690, 284.150, 15
56, 272.690, 292.650, 10
57, 272.690, 301.150, 10
58, 272.690, 309.650, 10
59, 272.690, 318.150, 10
60, 272.690, 326.650, 10
61, 272.690, 335.150, 10
62, 272.690, 343.650, 10
63, 272.690, 352.150, 10
64, 272.690, 360.650, 10
65, 293.560, 173.650, 1
66, 293.560, 182.150, 1
67, 293.560, 190.650, 1
68, 293.560, 199.150, 1
69, 293.560, 207.650, 1
70, 293.560, 216.150, 1
71, 293.560, 224.650, 15
72, 293.560, 233.150, 15
73, 293.560, 241.650, 15
74, 293.560, 250.150, 15
75, 293.560, 258.650, 15
76, 293.560, 267.150, 15
77, 293.560, 275.650, 15
78, 293.560, 284.150, 15
79, 293.560, 292.650, 10
80, 293.560, 301.150, 10
81, 293.560, 309.650, 10
82, 293.560, 318.150, 10
83, 293.560, 326.650, 10
84, 293.560, 335.150, 10
85, 293.560, 343.650, 10
86, 293.560, 352.150, 10
87, 293.560, 360.650, 10
88, 293.560, 369.150, 10
89, 314.430, 148.150, 1
90, 314.430, 156.650, 1
91, 314.430, 165.150, 1
92, 314.430, 173.650, 1
93, 314.430, 182.150, 1
94, 314.430, 190.650, 1
95, 314.430, 199.150, 1
96, 314.430, 207.650, 1
97, 314.430, 216.150, 1
98, 314.430, 224.650, 15
99, 314.430, 233.150, 15
100, 314.430, 241.650, 15
101, 314.430, 250.150, 15
102, 314.430, 258.650, 15
103, 314.430, 267.150, 15
104, 314.430, 275.650, 15
105, 314.430, 284.150, 15
106, 314.430, 292.650, 10
107, 314.430, 301.150, 10
108, 314.430, 309.650, 10
109, 314.430, 318.150, 10
110, 314.430, 326.650, 10
111, 314.430, 335.150, 10
112, 314.430, 343.650, 10
113, 314.430, 352.150, 10
114, 314.430, 360.650, 10
115, 314.430, 369.150, 10
116, 314.430, 377.650, 10
117, 335.300, 122.650, 9
118, 335.300, 131.150, 9
119, 335.300, 139.650, 9
120, 335.300, 148.150, 1
121, 335.300, 156.650, 1
122, 335.300, 165.150, 1
123, 335.300, 173.650, 1
124, 335.300, 182.150, 1
125, 335.300, 190.650, 1
126, 335.300, 199.150, 1
127, 335.300, 207.650, 1
128, 335.300, 216.150, 1
129, 335.300, 224.650, 1
130, 335.300, 233.150, 15
131, 335.300, 241.650, 15
132, 335.300, 250.150, 15
133, 335.300, 258.650, 15
134, 335.300, 267.150, 15
135, 335.300, 275.650, 15
136, 335.300, 284.150, 15
137, 335.300, 292.650, 10
138, 335.300, 301.150, 10
139, 335.300, 309.650, 10
140, 335.300, 318.150, 10
141, 335.300, 326.650, 10
142, 335.300, 335.150, 10
143, 335.300, 343.650, 10
144, 335.300, 352.150, 10
145, 335.300, 360.650, 10
146, 335.300, 369.150, 10
147, 335.300, 377.650, 10
148, 356.170, 114.150, 9
149, 356.170, 122.650, 9
150, 356.170, 131.150, 9
151, 356.170, 139.650, 9
152, 356.170, 148.150, 9
153, 356.170, 156.650, 1
154, 356.170, 165.150, 1
155, 356.170, 173.650, 1
156, 356.170, 182.150, 1
157, 356.170, 190.650, 1
158, 356.170, 199.150, 1
159, 356.170, 207.650, 1
160, 356.170, 216.150, 1
161, 356.170, 224.650, 1
162, 356.170, 233.150, 15
163, 356.170, 241.650, 15
164, 356.170, 250.150, 15
165, 356.170, 258.650, 15
166, 356.170, 267.150, 15
167, 356.170, 275.650, 15
168, 356.170, 284.150, 15
169, 356.170, 292.650, 10
170, 356.170, 301.150, 10
171, 356.170, 309.650, 10
172, 356.170, 318.150, 10
173, 356.170, 326.650, 10
174, 356.170, 335.150, 10
175, 356.170, 343.650, 10
176, 356.170, 352.150, 10
177, 356.170, 360.650, 10
178, 356.170, 369.150, 10
179, 356.170, 377.650, 10
180, 356.170, 386.150, 10
181, 377.040, 105.650, 9
182, 377.040, 114.150, 9
183, 377.040, 122.650, 9
184, 377.040, 131.150, 9
185, 377.040, 139.650, 9
186, 377.040, 148.150, 9
187, 377.040, 156.650, 1
188, 377.040, 165.150, 1
189, 377.040, 173.650, 1
190, 377.040, 182.150, 1
191, 377.040, 190.650, 1
192, 377.040, 199.150, 1
193, 377.040, 207.650, 1
194, 377.040, 216.150, 1
195, 377.040, 224.650, 1
196, 377.040, 233.150, 15
197, 377.040, 241.650, 15
198, 377.040, 250.150, 15
199, 377.040, 258.650, 15
200, 377.040, 267.150, 15
201, 377.040, 275.650, 15
202, 377.040, 284.150, 15
203, 377.040, 292.650, 10
204, 377.040, 301.150, 10
205, 377.040, 309.650, 10
206, 377.040, 318.150, 10
207, 377.040, 326.650, 10
208, 377.040, 335.150, 10
209, 377.040, 343.650, 10
210, 377.040, 352.150, 10
211, 377.040, 360.650, 10
212, 377.040, 369.150, 13
213, 377.040, 377.650, 13
214, 377.040, 386.150, 13
215, 377.040, 394.650, 13
216, 397.910, 105.650, 9
217, 397.910, 114.150, 9
218, 397.910, 122.650, 9
219, 397.910, 131.150, 9
220, 397.910, 139.650, 9
221, 397.910, 148.150, 9
222, 397.910, 156.650, 1
223, 397.910, 165.150, 1
224, 397.910, 173.650, 1
225, 397.910, 182.150, 1
226, 397.910, 190.650, 1
227, 397.910, 199.150, 1
228, 397.910, 207.650, 1
229, 397.910, 216.150, 1
230, 397.910, 224.650, 1
231, 397.910, 233.150, 15
232, 397.910, 241.650, 15
233, 397.910, 250.150, 15
234, 397.910, 258.650, 15
235, 397.910, 267.150, 15
236, 397.910, 275.650, 15
237, 397.910, 284.150, 15
238, 397.910, 292.650, 10
239, 397.910, 301.150, 10
240, 397.910, 309.650, 10
241, 397.910, 318.150, 10
242, 397.910, 326.650, 10
243, 397.910, 335.150, 10
244, 397.910, 343.650, 10
245, 397.910, 352.150, 10
246, 397.910, 360.650, 10
247, 397.910, 369.150, 13
248, 397.910, 377.650, 13
249, 397.910, 386.150, 13
250, 397.910, 394.650, 13
251, 418.780, 105.650, 9
252, 418.780, 114.150, 9
253, 418.780, 122.650, 9
254, 418.780, 131.150, 9
255, 418.780, 139.650, 9
256, 418.780, 148.150, 9
257, 418.780, 156.650, 1
258, 418.780, 165.150, 1
259, 418.780, 173.650, 1
260, 418.780, 182.150, 1
261, 418.780, 190.650, 1
262, 418.780, 199.150, 1
263, 418.780, 207.650, 1
264, 418.780, 216.150, 1
265, 418.780, 224.650, 1
266, 418.780, 233.150, 15
267, 418.780, 241.650, 15
268, 418.780, 250.150, 15
269, 418.780, 258.650, 15
270, 418.780, 267.150, 15
271, 418.780, 275.650, 15
272, 418.780, 284.150, 15
273, 418.780, 292.650, 10
274, 418.780, 301.150, 10
275, 418.780, 309.650, 10
276, 418.780, 318.150, 10
277, 418.780, 326.650, 10
278, 418.780, 335.150, 10
279, 418.780, 343.650, 10
280, 418.780, 352.150, 10
281, 418.780, 360.650, 10
282, 418.780, 369.150, 13
283, 418.780, 377.650, 13
284, 418.780, 386.150, 13
285, 418.780, 394.650, 13
286, 418.780, 403.150, 13
287, 439.650, 97.150, 9
288, 439.650, 105.650, 9
289, 439.650, 114.150, 9
290, 439.650, 122.650, 9
291, 439.650, 131.150, 9
292, 439.650, 139.650, 9
293, 439.650, 148.150, 9
294, 439.650, 156.650, 1
295, 439.650, 165.150, 1
296, 439.650, 173.650, 1
297, 439.650, 182.150, 1
298, 439.650, 190.650, 1
299, 439.650, 199.150, 1
300, 439.650, 207.650, 1
301, 439.650, 216.150, 1
302, 439.650, 224.650, 1
303, 439.650, 233.150, 15
304, 439.650, 241.650, 15
305, 439.650, 250.150, 15
306, 439.650, 258.650, 15
307, 439.650, 267.150, 15
308, 439.650, 275.650, 15
309, 439.650, 284.150, 15
310, 439.650, 292.650, 12
311, 439.650, 301.150, 12
312, 439.650, 309.650, 12
313, 439.650, 318.150, 12
314, 439.650, 326.650, 12
315, 439.650, 335.150, 12
316, 439.650, 343.650, 12
317, 439.650, 352.150, 12
318, 439.650, 360.650, 12
319, 439.650, 369.150, 13
320, 439.650, 377.650, 13
321, 439.650, 386.150, 13
322, 439.650, 394.650, 13
323, 439.650, 403.150, 13
324, 439.650, 411.650, 13
325, 460.520, 97.150, 9
326, 460.520, 105.650, 9
327, 460.520, 114.150, 9
328, 460.520, 122.650, 9
329, 460.520, 131.150, 9
330, 460.520, 139.650, 9
331, 460.520, 148.150, 9
332, 460.520, 156.650, 1
333, 460.520, 165.150, 1
334, 460.520, 173.650, 1
335, 460.520, 182.150, 1
336, 460.520, 190.650, 1
337, 460.520, 199.150, 1
338, 460.520, 207.650, 1
339, 460.520, 216.150, 1
340, 460.520, 224.650, 1
341, 460.520, 233.150, 15
342, 460.520, 241.650, 15
343, 460.520, 250.150, 15
344, 460.520, 258.650, 15
345, 460.520, 267.150, 15
346, 460.520, 275.650, 15
347, 460.520, 284.150, 15
348, 460.520, 292.650, 12
349, 460.520, 301.150, 12
350, 460.520, 309.650, 12
351, 460.520, 318.150, 12
352, 460.520, 326.650, 12
353, 460.520, 335.150, 12
354, 460.520, 343.650, 12
355, 460.520, 352.150, 12
356, 460.520, 360.650, 12
357, 460.520, 369.150, 13
358, 460.520, 377.650, 13
359, 460.520, 386.150, 13
360, 460.520, 394.650, 13
361, 460.520, 403.150, 13
362, 460.520, 411.650, 13
363, 460.520, 420.150, 13
364, 481.390, 97.150, 9
365, 481.390, 105.650, 9
366, 481.390, 114.150, 9
367, 481.390, 122.650, 9
368, 481.390, 131.150, 9
369, 481.390, 139.650, 9
370, 481.390, 148.150, 9
371, 481.390, 156.650, 1
372, 481.390, 165.150, 1
373, 481.390, 173.650, 1
374, 481.390, 182.150, 1
375, 481.390, 190.650, 1
376, 481.390, 199.150, 1
377, 481.390, 207.650, 1
378, 481.390, 216.150, 1
379, 481.390, 224.650, 1
380, 481.390, 233.150, 15
381, 481.390, 241.650, 15
382, 481.390, 250.150, 15
383, 481.390, 258.650, 15
384, 481.390, 267.150, 15
385, 481.390, 275.650, 15
386, 481.390, 284.150, 15
387, 481.390, 292.650, 12
388, 481.390, 301.150, 12
389, 481.390, 309.650, 12
390, 481.390, 318.150, 12
391, 481.390, 326.650, 12
392, 481.390, 335.150, 12
393, 481.390, 343.650, 12
394, 481.390, 352.150, 12
395, 481.390, 360.650, 12
396, 481.390, 369.150, 13
397, 481.390, 377.650, 13
398, 481.390, 386.150, 13
399, 481.390, 394.650, 13
400, 481.390, 403.150, 13
401, 481.390, 411.650, 13
402, 481.390, 420.150, 13
403, 502.260, 88.650, 9
404, 502.260, 97.150, 9
405, 502.260, 105.650, 9
406, 502.260, 114.150, 9
407, 502.260, 122.650, 9
408, 502.260, 131.150, 9
409, 502.260, 139.650, 9
410, 502.260, 148.150, 9
411, 502.260, 156.650, 1
412, 502.260, 165.150, 1
413, 502.260, 173.650, 1
414, 502.260, 182.150, 1
415, 502.260, 190.650, 1
416, 502.260, 199.150, 1
417, 502.260, 207.650, 1
418, 502.260, 216.150, 1
419, 502.260, 224.650, 1
420, 502.260, 233.150, 15
421, 502.260, 241.650, 15
422, 502.260, 250.150, 15
423, 502.260, 258.650, 15
424, 502.260, 267.150, 15
425, 502.260, 275.650, 15
426, 502.260, 284.150, 15
427, 502.260, 292.650, 12
428, 502.260, 301.150, 12
429, 502.260, 309.650, 12
430, 502.260, 318.150, 12
431, 502.260, 326.650, 12
432, 502.260, 335.150, 12
433, 502.260, 343.650, 12
434, 502.260, 352.150, 12
435, 502.260, 360.650, 12
436, 502.260, 369.150, 13
437, 502.260, 377.650, 13
438, 502.260, 386.150, 13
439, 502.260, 394.650, 13
440, 502.260, 403.150, 13
441, 502.260, 411.650, 13
442, 502.260, 420.150, 13
443, 502.260, 428.650, 13
444, 523.130, 88.650, 9
445, 523.130, 97.150, 9
446, 523.130, 105.650, 9
447, 523.130, 114.150, 9
448, 523.130, 122.650, 9
449, 523.130, 131.150, 9
450, 523.130, 139.650, 9
451, 523.130, 148.150, 9
452, 523.130, 156.650, 1
453, 523.130, 165.150, 1
454, 523.130, 173.650, 1
455, 523.130, 182.150, 1
456, 523.130, 190.650, 1
457, 523.130, 199.150, 1
458, 523.130, 207.650, 1
459, 523.130, 216.150, 1
460, 523.130, 224.650, 1
461, 523.130, 233.150, 15
462, 523.130, 241.650, 15
463, 523.130, 250.150, 15
464, 523.130, 258.650, 15
465, 523.130, 267.150, 15
466, 523.130, 275.650, 15
467, 523.130, 284.150, 15
468, 523.130, 292.650, 12
469, 523.130, 301.150, 12
470, 523.130, 309.650, 12
471, 523.130, 318.150, 12
472, 523.130, 326.650, 12
473, 523.130, 335.150, 12
474, 523.130, 343.650, 12
475, 523.130, 352.150, 12
476, 523.130, 360.650, 12
477, 523.130, 369.150, 13
478, 523.130, 377.650, 13
479, 523.130, 386.150, 13
480, 523.130, 394.650, 13
481, 523.130, 403.150, 13
482, 523.130, 411.650, 13
483, 523.130, 420.150, 13
484, 523.130, 428.650, 13
485, 523.130, 437.150, 13
486, 544.000, 88.650, 9
487, 544.000, 97.150, 9
488, 544.000, 105.650, 9
489, 544.000, 114.150, 9
490, 544.000, 122.650, 9
491, 544.000, 131.150, 9
492, 544.000, 139.650, 9
493, 544.000, 148.150, 9
494, 544.000, 156.650, 7
495, 544.000, 165.150, 7
496, 544.000, 173.650, 7
497, 544.000, 182.150, 7
498, 544.000, 190.650, 7
499, 544.000, 199.150, 7
500, 544.000, 207.650, 7
501, 544.000, 216.150, 7
502, 544.000, 224.650, 7
503, 544.000, 233.150, 7
504, 544.000, 241.650, 7
505, 544.000, 250.150, 7
506, 544.000, 258.650, 7
507, 544.000, 267.150, 7
508, 544.000, 275.650, 7
509, 544.000, 284.150, 7
510, 544.000, 292.650, 12
511, 544.000, 301.150, 12
512, 544.000, 309.650, 12
513, 544.000, 318.150, 12
514, 544.000, 326.650, 12
515, 544.000, 335.150, 12
516, 544.000, 343.650, 12
517, 544.000, 352.150, 12
518, 544.000, 360.650, 12
519, 544.000, 369.150, 13
520, 544.000, 377.650, 13
521, 544.000, 386.150, 13
522, 544.000, 394.650, 13
523, 544.000, 403.150, 13
524, 544.000, 411.650, 13
525, 544.000, 420.150, 13
526, 544.000, 428.650, 13
527, 544.000, 437.150, 13
528, 544.000, 445.650, 13
529, 564.870, 80.150, 9
530, 564.870, 88.650, 9
531, 564.870, 97.150, 9
532, 564.870, 105.650, 9
533, 564.870, 114.150, 9
534, 564.870, 122.650, 9
535, 564.870, 131.150, 9
536, 564.870, 139.650, 9
537, 564.870, 148.150, 9
538, 564.870, 156.650, 7
539, 564.870, 165.150, 7
540, 564.870, 173.650, 7
541, 564.870, 182.150, 7
542, 564.870, 190.650, 7
543, 564.870, 199.150, 7
544, 564.870, 207.650, 7
545, 564.870, 216.150, 7
546, 564.870, 224.650, 7
547, 564.870, 233.150, 7
548, 564.870, 241.650, 7
549, 564.870, 250.150, 7
550, 564.870, 258.650, 7
551, 564.870, 267.150, 7
552, 564.870, 275.650, 7
553, 564.870, 284.150, 7
554, 564.870, 292.650, 12
555, 564.870, 301.150, 12
556, 564.870, 309.650, 12
557, 564.870, 318.150, 12
558, 564.870, 326.650, 12
559, 564.870, 335.150, 12
560, 564.870, 343.650, 12
561, 564.870, 352.150, 12
562, 564.870, 360.650, 12
563, 564.870, 369.150, 13
564, 564.870, 377.650, 13
565, 564.870, 386.150, 13
566, 564.870, 394.650, 13
567, 564.870, 403.150, 13
568, 564.870, 411.650, 13
569, 564.870, 420.150, 13
570, 564.870, 428.650, 13
571, 564.870, 437.150, 13
572, 564.870, 445.650, 13
573, 585.740, 80.150, 9
574, 585.740, 88.650, 9
575, 585.740, 97.150, 9
576, 585.740, 105.650, 9
577, 585.740, 114.150, 9
578, 585.740, 122.650, 9
579, 585.740, 131.150, 9
580, 585.740, 139.650, 9
581, 585.740, 148.150, 9
582, 585.740, 156.650, 7
583, 585.740, 165.150, 7
584, 585.740, 173.650, 7
585, 585.740, 182.150, 7
586, 585.740, 190.650, 7
587, 585.740, 199.150, 7
588, 585.740, 207.650, 7
589, 585.740, 216.150, 7
590, 585.740, 224.650, 7
591, 585.740, 233.150, 7
592, 585.740, 241.650, 7
593, 585.740, 250.150, 7
594, 585.740, 258.650, 7
595, 585.740, 267.150, 7
596, 585.740, 275.650, 7
597, 585.740, 284.150, 7
598, 585.740, 292.650, 12
599, 585.740, 301.150, 12
600, 585.740, 309.650, 12
601, 585.740, 318.150, 12
602, 585.740, 326.650, 12
603, 585.740, 335.150, 12
604, 585.740, 343.650, 12
605, 585.740, 352.150, 12
606, 585.740, 360.650, 12
607, 585.740, 369.150, 13
608, 585.740, 377.650, 13
609, 585.740, 386.150, 13
610, 585.740, 394.650, 13
611, 585.740, 403.150, 13
612, 585.740, 411.650, 13
613, 585.740, 420.150, 13
614, 585.740, 428.650, 13
615, 585.740, 437.150, 13
616, 585.740, 445.650, 13
617, 585.740, 454.150, 13
618, 606.610, 71.650, 9
619, 606.610, 80.150, 9
620, 606.610, 88.650, 9
621, 606.610, 97.150, 9
622, 606.610, 105.650, 9
623, 606.610, 114.150, 9
624, 606.610, 122.650, 9
625, 606.610, 131.150, 9
626, 606.610, 139.650, 9
627, 606.610, 148.150, 9
628, 606.610, 156.650, 7
629, 606.610, 165.150, 7
630, 606.610, 173.650, 7
631, 606.610, 182.150, 7
632, 606.610, 190.650, 7
633, 606.610, 199.150, 7
634, 606.610, 207.650, 7
635, 606.610, 216.150, 7
636, 606.610, 224.650, 7
637, 606.610, 233.150, 7
638, 606.610, 241.650, 7
639, 606.610, 250.150, 7
640, 606.610, 258.650, 7
641, 606.610, 267.150, 7
642, 606.610, 275.650, 7
643, 606.610, 284.150, 7
644, 606.610, 292.650, 12
645, 606.610, 301.150, 12
646, 606.610, 309.650, 12
647, 606.610, 318.150, 12
648, 606.610, 326.650, 12
649, 606.610, 335.150, 12
650, 606.610, 343.650, 12
651, 606.610, 352.150, 12
652, 606.610, 360.650, 12
653, 606.610, 369.150, 13
654, 606.610, 377.650, 13
655, 606.610, 386.150, 13
656, 606.610, 394.650, 13
657, 606.610, 403.150, 13
658, 606.610, 411.650, 13
659, 606.610, 420.150, 13
660, 606.610, 428.650, 13
661, 606.610, 437.150, 13
662, 606.610, 445.650, 13
663, 606.610, 454.150, 13
664, 627.480, 71.650, 9
665, 627.480, 80.150, 9
666, 627.480, 88.650, 9
667, 627.480, 97.150, 9
668, 627.480, 105.650, 9
669, 627.480, 114.150, 9
670, 627.480, 122.650, 9
671, 627.480, 131.150, 9
672, 627.480, 139.650, 9
673, 627.480, 148.150, 9
674, 627.480, 156.650, 7
675, 627.480, 165.150, 7
676, 627.480, 173.650, 7
677, 627.480, 182.150, 7
678, 627.480, 190.650, 7
679, 627.480, 199.150, 7
680, 627.480, 207.650, 7
681, 627.480, 216.150, 7
682, 627.480, 224.650, 7
683, 627.480, 233.150, 7
684, 627.480, 241.650, 7
685, 627.480, 250.150, 7
686, 627.480, 258.650, 7
687, 627.480, 267.150, 7
688, 627.480, 275.650, 7
689, 627.480, 284.150, 7
690, 627.480, 292.650, 12
691, 627.480, 301.150, 12
692, 627.480, 309.650, 12
693, 627.480, 318.150, 12
694, 627.480, 326.650, 12
695, 627.480, 335.150, 12
696, 627.480, 343.650, 12
697, 627.480, 352.150, 12
698, 627.480, 360.650, 12
699, 627.480, 369.150, 13
700, 627.480, 377.650, 13
701, 627.480, 386.150, 13
702, 627.480, 394.650, 13
703, 627.480, 403.150, 13
704, 627.480, 411.650, 13
705, 627.480, 420.150, 13
706, 627.480, 428.650, 13
707, 627.480, 437.150, 13
708, 627.480, 445.650, 13
709, 627.480, 454.150, 13
710, 627.480, 462.650, 3
711, 648.350, 71.650, 11
712, 648.350, 80.150, 11
713, 648.350, 88.650, 11
714, 648.350, 97.150, 11
715, 648.350, 105.650, 11
716, 648.350, 114.150, 11
717, 648.350, 122.650, 11
718, 648.350, 131.150, 11
719, 648.350, 139.650, 11
720, 648.350, 148.150, 11
721, 648.350, 156.650, 7
722, 648.350, 165.150, 7
723, 648.350, 173.650, 7
724, 648.350, 182.150, 7
725, 648.350, 190.650, 7
726, 648.350, 199.150, 7
727, 648.350, 207.650, 7
728, 648.350, 216.150, 7
729, 648.350, 224.650, 7
730, 648.350, 233.150, 7
731, 648.350, 241.650, 7
732, 648.350, 250.150, 7
733, 648.350, 258.650, 7
734, 648.350, 267.150, 7
735, 648.350, 275.650, 7
736, 648.350, 284.150, 7
737, 648.350, 292.650, 12
738, 648.350, 301.150, 12
739, 648.350, 309.650, 12
740, 648.350, 318.150, 12
741, 648.350, 326.650, 12
742, 648.350, 335.150, 12
743, 648.350, 343.650, 12
744, 648.350, 352.150, 12
745, 648.350, 360.650, 12
746, 648.350, 369.150, 12
747, 648.350, 377.650, 13
748, 648.350, 386.150, 13
749, 648.350, 394.650, 13
750, 648.350, 403.150, 13
751, 648.350, 411.650, 13
752, 648.350, 420.150, 13
753, 648.350, 428.650, 16
754, 648.350, 437.150, 16
755, 648.350, 445.650, 16
756, 648.350, 454.150, 16
757, 648.350, 462.650, 3
758, 648.350, 471.150, 3
759, 669.220, 63.150, 11
760, 669.220, 71.650, 11
761, 669.220, 80.150, 11
762, 669.220, 88.650, 11
763, 669.220, 97.150, 11
764, 669.220, 105.650, 11
765, 669.220, 114.150, 11
766, 669.220, 122.650, 11
767, 669.220, 131.150, 11
768, 669.220, 139.650, 11
769, 669.220, 148.150, 11
770, 669.220, 156.650, 11
771, 669.220, 165.150, 11
772, 669.220, 173.650, 11
773, 669.220, 182.150, 7
774, 669.220, 190.650, 7
775, 669.220, 199.150, 7
776, 669.220, 207.650, 7
777, 669.220, 216.150, 7
778, 669.220, 224.650, 7
779, 669.220, 233.150, 7
780, 669.220, 241.650, 7
781, 669.220, 250.150, 7
782, 669.220, 258.650, 7
783, 669.220, 267.150, 7
784, 669.220, 275.650, 7
785, 669.220, 284.150, 7
786, 669.220, 292.650, 12
787, 669.220, 301.150, 12
788, 669.220, 309.650, 12
789, 669.220, 318.150, 12
790, 669.220, 326.650, 12
791, 669.220, 335.150, 12
792, 669.220, 343.650, 12
793, 669.220, 352.150, 12
794, 669.220, 360.650, 12
795, 669.220, 369.150, 16
796, 669.220, 377.650, 16
797, 669.220, 386.150, 16
798, 669.220, 394.650, 16
799, 669.220, 403.150, 16
800, 669.220, 411.650, 16
801, 669.220, 420.150, 16
802, 669.220, 428.650, 16
803, 669.220, 437.150, 16
804, 669.220, 445.650, 16
805, 669.220, 454.150, 16
806, 669.220, 462.650, 3
807, 669.220, 471.150, 3
808, 690.090, 63.150, 11
809, 690.090, 71.650, 11
810, 690.090, 80.150, 11
811, 690.090, 88.650, 11
812, 690.090, 97.150, 11
813, 690.090, 105.650, 11
814, 690.090, 114.150, 11
815, 690.090, 122.650, 11
816, 690.090, 131.150, 11
817, 690.090, 139.650, 11
818, 690.090, 148.150, 11
819, 690.090, 156.650, 11
820, 690.090, 165.150, 11
821, 690.090, 173.650, 11
822, 690.090, 182.150, 8
823, 690.090, 190.650, 8
824, 690.090, 199.150, 8
825, 690.090, 207.650, 8
826, 690.090, 216.150, 8
827, 690.090, 224.650, 8
828, 690.090, 233.150, 8
829, 690.090, 241.650, 8
830, 690.090, 250.150, 8
831, 690.090, 258.650, 8
832, 690.090, 267.150, 8
833, 690.090, 275.650, 6
834, 690.090, 284.150, 6
835, 690.090, 292.650, 6
836, 690.090, 301.150, 6
837, 690.090, 309.650, 6
838, 690.090, 318.150, 6
839, 690.090, 326.650, 6
840, 690.090, 335.150, 6
841, 690.090, 343.650, 6
842, 690.090, 352.150, 6
843, 690.090, 360.650, 6
844, 690.090, 369.150, 16
845, 690.090, 377.650, 16
846, 690.090, 386.150, 16
847, 690.090, 394.650, 16
848, 690.090, 403.150, 16
849, 690.090, 411.650, 16
850, 690.090, 420.150, 16
851, 690.090, 428.650, 16
852, 690.090, 437.150, 16
853, 690.090, 445.650, 16
854, 690.090, 454.150, 16
855, 690.090, 462.650, 3
856, 690.090, 471.150, 3
857, 690.090, 479.650, 3
858, 710.960, 63.150, 11
859, 710.960, 71.650, 11
860, 710.960, 80.150, 11
861, 710.960, 88.650, 11
862, 710.960, 97.150, 11
863, 710.960, 105.650, 11
864, 710.960, 114.150, 11
865, 710.960, 122.650, 11
866, 710.960, 131.150, 11
867, 710.960, 139.650, 11
868, 710.960, 148.150, 11
869, 710.960, 156.650, 11
870, 710.960, 165.150, 11
871, 710.960, 173.650, 11
872, 710.960, 182.150, 8
873, 710.960, 190.650, 8
874, 710.960, 199.150, 8
875, 710.960, 207.650, 8
876, 710.960, 216.150, 8
877, 710.960, 224.650, 8
878, 710.960, 233.150, 8
879, 710.960, 241.650, 8
880, 710.960, 250.150, 8
881, 710.960, 258.650, 8
882, 710.960, 267.150, 8
883, 710.960, 275.650, 6
884, 710.960, 284.150, 6
885, 710.960, 292.650, 6
886, 710.960, 301.150, 6
887, 710.960, 309.650, 6
888, 710.960, 318.150, 6
889, 710.960, 326.650, 6
890, 710.960, 335.150, 6
891, 710.960, 343.650, 6
892, 710.960, 352.150, 6
893, 710.960, 360.650, 6
894, 710.960, 369.150, 16
895, 710.960, 377.650, 16
896, 710.960, 386.150, 16
897, 710.960, 394.650, 16
898, 710.960, 403.150, 16
899, 710.960, 411.650, 16
900, 710.960, 420.150, 16
901, 710.960, 428.650, 16
902, 710.960, 437.150, 16
903, 710.960, 445.650, 16
904, 710.960, 454.150, 16
905, 710.960, 462.650, 3
906, 710.960, 471.150, 3
907, 710.960, 479.650, 3
908, 731.830, 54.650, 11
909, 731.830, 63.150, 11
910, 731.830, 71.650, 11
911, 731.830, 80.150, 11
912, 731.830, 88.650, 11
913, 731.830, 97.150, 11
914, 731.830, 105.650, 11
915, 731.830, 114.150, 11
916, 731.830, 122.650, 11
917, 731.830, 131.150, 11
918, 731.830, 139.650, 11
919, 731.830, 148.150, 11
920, 731.830, 156.650, 11
921, 731.830, 165.150, 11
922, 731.830, 173.650, 11
923, 731.830, 182.150, 8
924, 731.830, 190.650, 8
925, 731.830, 199.150, 8
926, 731.830, 207.650, 8
927, 731.830, 216.150, 8
928, 731.830, 224.650, 8
929, 731.830, 233.150, 8
930, 731.830, 241.650, 8
931, 731.830, 250.150, 8
932, 731.830, 258.650, 8
933, 731.830, 267.150, 8
934, 731.830, 275.650, 6
935, 731.830, 284.150, 6
936, 731.830, 292.650, 6
937, 731.830, 301.150, 6
938, 731.830, 309.650, 6
939, 731.830, 318.150, 6
940, 731.830, 326.650, 6
941, 731.830, 335.150, 6
942, 731.830, 343.650, 6
943, 731.830, 352.150, 6
944, 731.830, 360.650, 6
945, 731.830, 369.150, 16
946, 731.830, 377.650, 16
947, 731.830, 386.150, 16
948, 731.830, 394.650, 16
949, 731.830, 403.150, 16
950, 731.830, 411.650, 16
951, 731.830, 420.150, 16
952, 731.830, 428.650, 16
953, 731.830, 437.150, 16
954, 731.830, 445.650, 3
955, 731.830, 454.150, 3
956, 731.830, 462.650, 3
957, 731.830, 471.150, 3
958, 731.830, 479.650, 3
959, 731.830, 488.150, 3
960, 752.700, 54.650, 11
961, 752.700, 63.150, 11
962, 752.700, 71.650, 11
963, 752.700, 80.150, 11
964, 752.700, 88.650, 11
965, 752.700, 97.150, 11
966, 752.700, 105.650, 11
967, 752.700, 114.150, 11
968, 752.700, 122.650, 11
969, 752.700, 131.150, 11
970, 752.700, 139.650, 11
971, 752.700, 148.150, 11
972, 752.700, 156.650, 11
973, 752.700, 165.150, 11
974, 752.700, 173.650, 11
975, 752.700, 182.150, 8
976, 752.700, 190.650, 8
977, 752.700, 199.150, 8
978, 752.700, 207.650, 8
979, 752.700, 216.150, 8
980, 752.700, 224.650, 8
981, 752.700, 233.150, 8
982, 752.700, 241.650, 8
983, 752.700, 250.150, 8
984, 752.700, 258.650, 8
985, 752.700, 267.150, 8
986, 752.700, 275.650, 6
987, 752.700, 284.150, 6
988, 752.700, 292.650, 6
989, 752.700, 301.150, 6
990, 752.700, 309.650, 6
991, 752.700, 318.150, 6
992, 752.700, 326.650, 6
993, 752.700, 335.150, 6
994, 752.700, 343.650, 6
995, 752.700, 352.150, 6
996, 752.700, 360.650, 6
997, 752.700, 369.150, 16
998, 752.700, 377.650, 16
999, 752.700, 386.150, 16
1000, 752.700, 394.650, 16
1001, 752.700, 403.150, 16
1002, 752.700, 411.650, 16
1003, 752.700, 420.150, 16
1004, 752.700, 428.650, 16
1005, 752.700, 437.150, 16
1006, 752.700, 445.650, 3
1007, 752.700, 454.150, 3
1008, 752.700, 462.650, 3
1009, 752.700, 471.150, 3
1010, 752.700, 479.650, 3
1011, 752.700, 488.150, 3
1012, 752.700, 496.650, 3
1013, 773.570, 63.150, 11
1014, 773.570, 71.650, 11
1015, 773.570, 80.150, 11
1016, 773.570, 88.650, 11
1017, 773.570, 97.150, 11
1018, 773.570, 105.650, 11
1019, 773.570, 114.150, 11
1020, 773.570, 122.650, 11
1021, 773.570, 131.150, 11
1022, 773.570, 139.650, 11
1023, 773.570, 148.150, 11
1024, 773.570, 156.650, 11
1025, 773.570, 165.150, 11
1026, 773.570, 173.650, 11
1027, 773.570, 182.150, 8
1028, 773.570, 190.650, 8
1029, 773.570, 199.150, 8
1030, 773.570, 207.650, 8
1031, 773.570, 216.150, 8
1032, 773.570, 224.650, 8
1033, 773.570, 233.150, 8
1034, 773.570, 241.650, 8
1035, 773.570, 250.150, 8
1036, 773.570, 258.650, 8
1037, 773.570, 267.150, 8
1038, 773.570, 275.650, 6
1039, 773.570, 284.150, 6
1040, 773.570, 292.650, 6
1041, 773.570, 301.150, 6
1042, 773.570, 309.650, 6
1043, 773.570, 318.150, 6
1044, 773.570, 326.650, 6
1045, 773.570, 335.150, 6
1046, 773.570, 343.650, 6
1047, 773.570, 352.150, 6
1048, 773.570, 360.650, 6
1049, 773.570, 369.150, 16
1050, 773.570, 377.650, 16
1051, 773.570, 386.150, 16
1052, 773.570, 394.650, 16
1053, 773.570, 403.150, 16
1054, 773.570, 411.650, 16
1055, 773.570, 420.150, 16
1056, 773.570, 428.650, 16
1057, 773.570, 437.150, 16
1058, 773.570, 445.650, 3
1059, 773.570, 454.150, 3
1060, 773.570, 462.650, 3
1061, 773.570, 471.150, 3
1062, 773.570, 479.650, 3
1063, 773.570, 488.150, 3
1064, 773.570, 496.650, 3
1065, 794.440, 71.650, 11
1066, 794.440, 80.150, 11
1067, 794.440, 88.650, 11
1068, 794.440, 97.150, 11
1069, 794.440, 105.650, 11
1070, 794.440, 114.150, 11
1071, 794.440, 122.650, 11
1072, 794.440, 131.150, 11
1073, 794.440, 139.650, 11
1074, 794.440, 148.150, 11
1075, 794.440, 156.650, 11
1076, 794.440, 165.150, 11
1077, 794.440, 173.650, 11
1078, 794.440, 182.150, 8
1079, 794.440, 190.650, 8
1080, 794.440, 199.150, 8
1081, 794.440, 207.650, 8
1082, 794.440, 216.150, 8
1083, 794.440, 224.650, 8
1084, 794.440, 233.150, 8
1085, 794.440, 241.650, 8
1086, 794.440, 250.150, 8
1087, 794.440, 258.650, 8
1088, 794.440, 267.150, 8
1089, 794.440, 275.650, 6
1090, 794.440, 284.150, 6
1091, 794.440, 292.650, 6
1092, 794.440, 301.150, 6
1093, 794.440, 309.650, 6
1094, 794.440, 318.150, 6
1095, 794.440, 326.650, 6
1096, 794.440, 335.150, 6
1097, 794.440, 343.650, 6
1098, 794.440, 352.150, 6
1099, 794.440, 360.650, 6
1100, 794.440, 369.150, 16
1101, 794.440, 377.650, 16
1102, 794.440, 386.150, 16
1103, 794.440, 394.650, 16
1104, 794.440, 403.150, 16
1105, 794.440, 411.650, 16
1106, 794.440, 420.150, 16
1107, 794.440, 428.650, 16
1108, 794.440, 437.150, 16
1109, 794.440, 445.650, 3
1110, 794.440, 454.150, 3
1111, 794.440, 462.650, 3
1112, 794.440, 471.150, 3
1113, 794.440, 479.650, 3
1114, 794.440, 488.150, 3
1115, 794.440, 496.650, 3
1116, 794.440, 505.150, 3
1117, 815.310, 80.150, 2
1118, 815.310, 88.650, 2
1119, 815.310, 97.150, 2
1120, 815.310, 105.650, 2
1121, 815.310, 114.150, 2
1122, 815.310, 122.650, 2
1123, 815.310, 131.150, 2
1124, 815.310, 139.650, 2
1125, 815.310, 148.150, 2
1126, 815.310, 156.650, 2
1127, 815.310, 165.150, 2
1128, 815.310, 173.650, 2
1129, 815.310, 182.150, 8
1130, 815.310, 190.650, 8
1131, 815.310, 199.150, 8
1132, 815.310, 207.650, 8
1133, 815.310, 216.150, 8
1134, 815.310, 224.650, 8
1135, 815.310, 233.150, 8
1136, 815.310, 241.650, 8
1137, 815.310, 250.150, 8
1138, 815.310, 258.650, 8
1139, 815.310, 267.150, 8
1140, 815.310, 275.650, 6
1141, 815.310, 284.150, 6
1142, 815.310, 292.650, 6
1143, 815.310, 301.150, 6
1144, 815.310, 309.650, 6
1145, 815.310, 318.150, 6
1146, 815.310, 326.650, 6
1147, 815.310, 335.150, 6
1148, 815.310, 343.650, 6
1149, 815.310, 352.150, 6
1150, 815.310, 360.650, 6
1151, 815.310, 369.150, 16
1152, 815.310, 377.650, 16
1153, 815.310, 386.150, 16
1154, 815.310, 394.650, 16
1155, 815.310, 403.150, 16
1156, 815.310, 411.650, 16
1157, 815.310, 420.150, 16
1158, 815.310, 428.650, 16
1159, 815.310, 437.150, 16
1160, 815.310, 445.650, 3
1161, 815.310, 454.150, 3
1162, 815.310, 462.650, 3
1163, 815.310, 471.150, 3
1164, 815.310, 479.650, 3
1165, 815.310, 488.150, 3
1166, 815.310, 496.650, 3
1167, 815.310, 505.150, 3
1168, 836.180, 88.650, 2
1169, 836.180, 97.150, 2
1170, 836.180, 105.650, 2
1171, 836.180, 114.150, 2
1172, 836.180, 122.650, 2
1173, 836.180, 131.150, 2
1174, 836.180, 139.650, 2
1175, 836.180, 148.150, 2
1176, 836.180, 156.650, 2
1177, 836.180, 165.150, 2
1178, 836.180, 173.650, 2
1179, 836.180, 182.150, 8
1180, 836.180, 190.650, 8
1181, 836.180, 199.150, 8
1182, 836.180, 207.650, 8
1183, 836.180, 216.150, 8
1184, 836.180, 224.650, 8
1185, 836.180, 233.150, 8
1186, 836.180, 241.650, 8
1187, 836.180, 250.150, 8
1188, 836.180, 258.650, 8
1189, 836.180, 267.150, 8
1190, 836.180, 275.650, 6
1191, 836.180, 284.150, 6
1192, 836.180, 292.650, 6
1193, 836.180, 301.150, 6
1194, 836.180, 309.650, 6
1195, 836.180, 318.150, 6
1196, 836.180, 326.650, 6
1197, 836.180, 335.150, 6
1198, 836.180, 343.650, 6
1199, 836.180, 352.150, 6
1200, 836.180, 360.650, 6
1201, 836.180, 369.150, 16
1202, 836.180, 377.650, 16
1203, 836.180, 386.150, 16
1204, 836.180, 394.650, 16
1205, 836.180, 403.150, 16
1206, 836.180, 411.650, 16
1207, 836.180, 420.150, 16
1208, 836.180, 428.650, 16
1209, 836.180, 437.150, 16
1210, 836.180, 445.650, 3
1211, 836.180, 454.150, 3
1212, 836.180, 462.650, 3
1213, 836.180, 471.150, 3
1214, 836.180, 479.650, 3
1215, 836.180, 488.150, 3
1216, 836.180, 496.650, 3
1217, 836.180, 505.150, 3
1218, 836.180, 513.650, 3
1219, 857.050, 88.650, 2
1220, 857.050, 97.150, 2
1221, 857.050, 105.650, 2
1222, 857.050, 114.150, 2
1223, 857.050, 122.650, 2
1224, 857.050, 131.150, 2
1225, 857.050, 139.650, 2
1226, 857.050, 148.150, 2
1227, 857.050, 156.650, 2
1228, 857.050, 165.150, 2
1229, 857.050, 173.650, 2
1230, 857.050, 182.150, 8
1231, 857.050, 190.650, 8
1232, 857.050, 199.150, 8
1233, 857.050, 207.650, 8
1234, 857.050, 216.150, 8
1235, 857.050, 224.650, 8
1236, 857.050, 233.150, 8
1237, 857.050, 241.650, 8
1238, 857.050, 250.150, 8
1239, 857.050, 258.650, 8
1240, 857.050, 267.150, 8
1241, 857.050, 275.650, 6
1242, 857.050, 284.150, 6
1243, 857.050, 292.650, 6
1244, 857.050, 301.150, 6
1245, 857.050, 309.650, 6
1246, 857.050, 318.150, 6
1247, 857.050, 326.650, 6
1248, 857.050, 335.150, 6
1249, 857.050, 343.650, 6
1250, 857.050, 352.150, 6
1251, 857.050, 360.650, 6
1252, 857.050, 369.150, 16
1253, 857.050, 377.650, 16
1254, 857.050, 386.150, 16
1255, 857.050, 394.650, 16
1256, 857.050, 403.150, 16
1257, 857.050, 411.650, 16
1258, 857.050, 420.150, 16
1259, 857.050, 428.650, 16
1260, 857.050, 437.150, 16
1261, 857.050, 445.650, 3
1262, 857.050, 454.150, 3
1263, 857.050, 462.650, 3
1264, 857.050, 471.150, 3
1265, 857.050, 479.650, 3
1266, 857.050, 488.150, 3
1267, 857.050, 496.650, 3
1268, 857.050, 505.150, 3
1269, 857.050, 513.650, 3
1270, 857.050, 522.150, 3
1271, 877.920, 97.150, 2
1272, 877.920, 105.650, 2
1273, 877.920, 114.150, 2
1274, 877.920, 122.650, 2
1275, 877.920, 131.150, 2
1276, 877.920, 139.650, 2
1277, 877.920, 148.150, 2
1278, 877.920, 156.650, 2
1279, 877.920, 165.150, 2
1280, 877.920, 173.650, 2
1281, 877.920, 182.150, 8
1282, 877.920, 190.650, 8
1283, 877.920, 199.150, 8
1284, 877.920, 207.650, 8
1285, 877.920, 216.150, 8
1286, 877.920, 224.650, 8
1287, 877.920, 233.150, 8
1288, 877.920, 241.650, 8
1289, 877.920, 250.150, 8
1290, 877.920, 258.650, 8
1291, 877.920, 267.150, 5
1292, 877.920, 275.650, 5
1293, 877.920, 284.150, 6
1294, 877.920, 292.650, 6
1295, 877.920, 301.150, 6
1296, 877.920, 309.650, 6
1297, 877.920, 318.150, 6
1298, 877.920, 326.650, 6
1299, 877.920, 335.150, 6
1300, 877.920, 343.650, 6
1301, 877.920, 352.150, 6
1302, 877.920, 360.650, 6
1303, 877.920, 369.150, 16
1304, 877.920, 377.650, 16
1305, 877.920, 386.150, 16
1306, 877.920, 394.650, 16
1307, 877.920, 403.150, 16
1308, 877.920, 411.650, 16
1309, 877.920, 420.150, 16
1310, 877.920, 428.650, 16
1311, 877.920, 437.150, 16
1312, 877.920, 445.650, 3
1313, 877.920, 454.150, 3
1314, 877.920, 462.650, 3
1315, 877.920, 471.150, 3
1316, 877.920, 479.650, 3
1317, 877.920, 488.150, 3
1318, 877.920, 496.650, 3
1319, 877.920, 505.150, 3
1320, 877.920, 513.650, 3
1321, 877.920, 522.150, 3
1322, 898.790, 105.650, 2
1323, 898.790, 114.150, 2
1324, 898.790, 122.650, 2
1325, 898.790, 131.150, 2
1326, 898.790, 139.650, 2
1327, 898.790, 148.150, 2
1328, 898.790, 156.650, 2
1329, 898.790, 165.150, 2
1330, 898.790, 173.650, 2
1331, 898.790, 182.150, 2
1332, 898.790, 190.650, 2
1333, 898.790, 199.150, 5
1334, 898.790, 207.650, 5
1335, 898.790, 216.150, 5
1336, 898.790, 224.650, 5
1337, 898.790, 233.150, 5
1338, 898.790, 241.650, 5
1339, 898.790, 250.150, 5
1340, 898.790, 258.650, 5
1341, 898.790, 267.150, 5
1342, 898.790, 275.650, 5
1343, 898.790, 284.150, 4
1344, 898.790, 292.650, 4
1345, 898.790, 301.150, 4
1346, 898.790, 309.650, 4
1347, 898.790, 318.150, 4
1348, 898.790, 326.650, 4
1349, 898.790, 335.150, 4
1350, 898.790, 343.650, 4
1351, 898.790, 352.150, 4
1352, 898.790, 360.650, 14
1353, 898.790, 369.150, 14
1354, 898.790, 377.650, 14
1355, 898.790, 386.150, 14
1356, 898.790, 394.650, 14
1357, 898.790, 403.150, 14
1358, 898.790, 411.650, 14
1359, 898.790, 420.150, 14
1360, 898.790, 428.650, 14
1361, 898.790, 437.150, 14
1362, 898.790, 445.650, 14
1363, 898.790, 454.150, 14
1364, 898.790, 462.650, 3
1365, 898.790, 471.150, 3
1366, 898.790, 479.650, 3
1367, 898.790, 488.150, 3
1368, 898.790, 496.650, 3
1369, 898.790, 505.150, 3
1370, 898.790, 513.650, 3
1371, 898.790, 522.150, 3
1372, 898.790, 530.650, 3
1373, 919.660, 114.150, 2
1374, 919.660, 122.650, 2
1375, 919.660, 131.150, 2
1376, 919.660, 139.650, 2
1377, 919.660, 148.150, 2
1378, 919.660, 156.650, 2
1379, 919.660, 165.150, 2
1380, 919.660, 173.650, 2
1381, 919.660, 182.150, 2
1382, 919.660, 190.650, 2
1383, 919.660, 199.150, 5
1384, 919.660, 207.650, 5
1385, 919.660, 216.150, 5
1386, 919.660, 224.650, 5
1387, 919.660, 233.150, 5
1388, 919.660, 241.650, 5
1389, 919.660, 250.150, 5
1390, 919.660, 258.650, 5
1391, 919.660, 267.150, 5
1392, 919.660, 275.650, 5
1393, 919.660, 284.150, 4
1394, 919.660, 292.650, 4
1395, 919.660, 301.150, 4
1396, 919.660, 309.650, 4
1397, 919.660, 318.150, 4
1398, 919.660, 326.650, 4
1399, 919.660, 335.150, 4
1400, 919.660, 343.650, 4
1401, 919.660, 352.150, 4
1402, 919.660, 360.650, 14
1403, 919.660, 369.150, 14
1404, 919.660, 377.650, 14
1405, 919.660, 386.150, 14
1406, 919.660, 394.650, 14
1407, 919.660, 403.150, 14
1408, 919.660, 411.650, 14
1409, 919.660, 420.150, 14
1410, 919.660, 428.650, 14
1411, 919.660, 437.150, 14
1412, 919.660, 445.650, 14
1413, 919.660, 454.150, 14
1414, 919.660, 462.650, 3
1415, 919.660, 471.150, 3
1416, 919.660, 479.650, 3
1417, 919.660, 488.150, 3
1418, 919.660, 496.650, 3
1419, 919.660, 505.150, 3
1420, 919.660, 513.650, 3
1421, 919.660, 522.150, 3
1422, 919.660, 530.650, 3
1423, 940.530, 122.650, 2
1424, 940.530, 131.150, 2
1425, 940.530, 139.650, 2
1426, 940.530, 148.150, 2
1427, 940.530, 156.650, 2
1428, 940.530, 165.150, 2
1429, 940.530, 173.650, 2
1430, 940.530, 182.150, 2
1431, 940.530, 190.650, 2
1432, 940.530, 199.150, 5
1433, 940.530, 207.650, 5
1434, 940.530, 216.150, 5
1435, 940.530, 224.650, 5
1436, 940.530, 233.150, 5
1437, 940.530, 241.650, 5
1438, 940.530, 250.150, 5
1439, 940.530, 258.650, 5
1440, 940.530, 267.150, 5
1441, 940.530, 275.650, 5
1442, 940.530, 284.150, 4
1443, 940.530, 292.650, 4
1444, 940.530, 301.150, 4
1445, 940.530, 309.650, 4
1446, 940.530, 318.150, 4
1447, 940.530, 326.650, 4
1448, 940.530, 335.150, 4
1449, 940.530, 343.650, 4
1450, 940.530, 352.150, 4
1451, 940.530, 360.650, 14
1452, 940.530, 369.150, 14
1453, 940.530, 377.650, 14
1454, 940.530, 386.150, 14
1455, 940.530, 394.650, 14
1456, 940.530, 403.150, 14
1457, 940.530, 411.650, 14
1458, 940.530, 420.150, 14
1459, 940.530, 428.650, 14
1460, 940.530, 437.150, 14
1461, 940.530, 445.650, 14
1462, 940.530, 454.150, 14
1463, 940.530, 462.650, 3
1464, 940.530, 471.150, 3
1465, 940.530, 479.650, 3
1466, 940.530, 488.150, 3
1467, 940.530, 496.650, 3
1468, 940.530, 505.150, 3
1469, 940.530, 513.650, 3
1470, 961.400, 131.150, 2
1471, 961.400, 139.650, 2
1472, 961.400, 148.150, 2
1473, 961.400, 156.650, 2
1474, 961.400, 165.150, 2
1475, 961.400, 173.650, 2
1476, 961.400, 182.150, 2
1477, 961.400, 190.650, 2
1478, 961.400, 199.150, 5
1479, 961.400, 207.650, 5
1480, 961.400, 216.150, 5
1481, 961.400, 224.650, 5
1482, 961.400, 233.150, 5
1483, 961.400, 241.650, 5
1484, 961.400, 250.150, 5
1485, 961.400, 258.650, 5
1486, 961.400, 267.150, 5
1487, 961.400, 275.650, 5
1488, 961.400, 284.150, 4
1489, 961.400, 292.650, 4
1490, 961.400, 301.150, 4
1491, 961.400, 309.650, 4
1492, 961.400, 318.150, 4
1493, 961.400, 326.650, 4
1494, 961.400, 335.150, 4
1495, 961.400, 343.650, 4
1496, 961.400, 352.150, 4
1497, 961.400, 360.650, 14
1498, 961.400, 369.150, 14
1499, 961.400, 377.650, 14
1500, 961.400, 386.150, 14
1501, 961.400, 394.650, 14
1502, 961.400, 403.150, 14
1503, 961.400, 411.650, 14
1504, 961.400, 420.150, 14
1505, 961.400, 428.650, 14
1506, 961.400, 437.150, 14
1507, 961.400, 445.650, 14
1508, 961.400, 454.150, 14
1509, 961.400, 462.650, 3
1510, 961.400, 471.150, 3
1511, 961.400, 479.650, 3
1512, 961.400, 488.150, 3
1513, 961.400, 496.650, 3
1514, 982.270, 139.650, 2
1515, 982.270, 148.150, 2
1516, 982.270, 156.650, 2
1517, 982.270, 165.150, 2
1518, 982.270, 173.650, 2
1519, 982.270, 182.150, 2
1520, 982.270, 190.650, 2
1521, 982.270, 199.150, 5
1522, 982.270, 207.650, 5
1523, 982.270, 216.150, 5
1524, 982.270, 224.650, 5
1525, 982.270, 233.150, 5
1526, 982.270, 241.650, 5
1527, 982.270, 250.150, 5
1528, 982.270, 258.650, 5
1529, 982.270, 267.150, 5
1530, 982.270, 275.650, 5
1531, 982.270, 284.150, 4
1532, 982.270, 292.650, 4
1533, 982.270, 301.150, 4
1534, 982.270, 309.650, 4
1535, 982.270, 318.150, 4
1536, 982.270, 326.650, 4
1537, 982.270, 335.150, 4
1538, 982.270, 343.650, 4
1539, 982.270, 352.150, 4
1540, 982.270, 360.650, 14
1541, 982.270, 369.150, 14
1542, 982.270, 377.650, 14
1543, 982.270, 386.150, 14
1544, 982.270, 394.650, 14
1545, 982.270, 403.150, 14
1546, 982.270, 411.650, 14
1547, 982.270, 420.150, 14
1548, 982.270, 428.650, 14
1549, 982.270, 437.150, 14
1550, 982.270, 445.650, 14
1551, 982.270, 454.150, 14
1552, 982.270, 462.650, 3
1553, 982.270, 471.150, 3
1554, 982.270, 479.650, 3
1555, 1003.140, 148.150, 2
1556, 1003.140, 156.650, 2
1557, 1003.140, 165.150, 2
1558, 1003.140, 173.650, 2
1559, 1003.140, 182.150, 2
1560, 1003.140, 190.650, 2
1561, 1003.140, 199.150, 5
1562, 1003.140, 207.650, 5
1563, 1003.140, 216.150, 5
1564, 1003.140, 224.650, 5
1565, 1003.140, 233.150, 5
1566, 1003.140, 241.650, 5
1567, 1003.140, 250.150, 5
1568, 1003.140, 258.650, 5
1569, 1003.140, 267.150, 5
1570, 1003.140, 275.650, 5
1571, 1003.140, 284.150, 4
1572, 1003.140, 292.650, 4
1573, 1003.140, 301.150, 4
1574, 1003.140, 309.650, 4
1575, 1003.140, 318.150, 4
1576, 1003.140, 326.650, 4
1577, 1003.140, 335.150, 4
1578, 1003.140, 343.650, 4
1579, 1003.140, 352.150, 4
1580, 1003.140, 360.650, 14
1581, 1003.140, 369.150, 14
1582, 1003.140, 377.650, 14
1583, 1003.140, 386.150, 14
1584, 1003.140, 394.650, 14
1585, 1003.140, 403.150, 14
1586, 1003.140, 411.650, 14
1587, 1003.140, 420.150, 14
1588, 1003.140, 428.650, 14
1589, 1003.140, 437.150, 14
1590, 1003.140, 445.650, 14
1591, 1003.140, 454.150, 14
1592, 1003.140, 462.650, 14
1593, 1024.010, 156.650, 2
1594, 1024.010, 165.150, 2
1595, 1024.010, 173.650, 2
1596, 1024.010, 182.150, 2
1597, 1024.010, 190.650, 2
1598, 1024.010, 199.150, 5
1599, 1024.010, 207.650, 5
1600, 1024.010, 216.150, 5
1601, 1024.010, 224.650, 5
1602, 1024.010, 233.150, 5
1603, 1024.010, 241.650, 5
1604, 1024.010, 250.150, 5
1605, 1024.010, 258.650, 5
1606, 1024.010, 267.150, 5
1607, 1024.010, 275.650, 5
1608, 1024.010, 284.150, 4
1609, 1024.010, 292.650, 4
1610, 1024.010, 301.150, 4
1611, 1024.010, 309.650, 4
1612, 1024.010, 318.150, 4
1613, 1024.010, 326.650, 4
1614, 1024.010, 335.150, 4
1615, 1024.010, 343.650, 4
1616, 1024.010, 352.150, 4
1617, 1024.010, 360.650, 4
1618, 1024.010, 369.150, 14
1619, 1024.010, 377.650, 14
1620, 1024.010, 386.150, 14
1621, 1024.010, 394.650, 14
1622, 1024.010, 403.150, 14
1623, 1024.010, 411.650, 14
1624, 1024.010, 420.150, 14
1625, 1024.010, 428.650, 14
1626, 1024.010, 437.150, 14
1627, 1024.010, 445.650, 14
1628, 1024.010, 454.150, 14
1629, 1044.880, 156.650, 2
1630, 1044.880, 165.150, 2
1631, 1044.880, 173.650, 2
1632, 1044.880, 182.150, 2
1633, 1044.880, 190.650, 2
1634, 1044.880, 199.150, 5
1635, 1044.880, 207.650, 5
1636, 1044.880, 216.150, 5
1637, 1044.880, 224.650, 5
1638, 1044.880, 233.150, 5
1639, 1044.880, 241.650, 5
1640, 1044.880, 250.150, 5
1641, 1044.880, 258.650, 5
1642, 1044.880, 267.150, 5
1643, 1044.880, 275.650, 5
1644, 1044.880, 284.150, 4
1645, 1044.880, 292.650, 4
1646, 1044.880, 301.150, 4
1647, 1044.880, 309.650, 4
1648, 1044.880, 318.150, 4
1649, 1044.880, 326.650, 4
1650, 1044.880, 335.150, 4
1651, 1044.880, 343.650, 4
1652, 1044.880, 352.150, 4
1653, 1044.880, 360.650, 4
1654, 1044.880, 369.150, 14
1655, 1044.880, 377.650, 14
1656, 1044.880, 386.150, 14
1657, 1044.880, 394.650, 14
1658, 1044.880, 403.150, 14
1659, 1044.880, 411.650, 14
1660, 1044.880, 420.150, 14
1661, 1044.880, 428.650, 14
1662, 1044.880, 437.150, 14
1663, 1065.750, 165.150, 2
1664, 1065.750, 173.650, 2
1665, 1065.750, 182.150, 2
1666, 1065.750, 190.650, 2
1667, 1065.750, 199.150, 5
1668, 1065.750, 207.650, 5
1669, 1065.750, 216.150, 5
1670, 1065.750, 224.650, 5
1671, 1065.750, 233.150, 5
1672, 1065.750, 241.650, 5
1673, 1065.750, 250.150, 5
1674, 1065.750, 258.650, 5
1675, 1065.750, 267.150, 5
1676, 1065.750, 275.650, 5
1677, 1065.750, 284.150, 5
1678, 1065.750, 292.650, 4
1679, 1065.750, 301.150, 4
1680, 1065.750, 309.650, 4
1681, 1065.750, 318.150, 4
1682, 1065.750, 326.650, 4
1683, 1065.750, 335.150, 4
1684, 1065.750, 343.650, 4
1685, 1065.750, 352.150, 4
1686, 1065.750, 360.650, 4
1687, 1065.750, 369.150, 14
1688, 1065.750, 377.650, 14
1689, 1065.750, 386.150, 14
1690, 1065.750, 394.650, 14
1691, 1065.750, 403.150, 14
1692, 1065.750, 411.650, 14
1693, 1065.750, 420.150, 14
1694, 1086.620, 199.150, 5
1695, 1086.620, 207.650, 5
1696, 1086.620, 216.150, 5
1697, 1086.620, 224.650, 5
1698, 1086.620, 233.150, 5
1699, 1086.620, 241.650, 5
1700, 1086.620, 250.150, 5
1701, 1086.620, 258.650, 5
1702, 1086.620, 267.150, 5
1703, 1086.620, 275.650, 5
1704, 1086.620, 284.150, 5
1705, 1086.620, 292.650, 4
1706, 1086.620, 301.150, 4
1707, 1086.620, 309.650, 4
1708, 1086.620, 318.150, 4
1709, 1086.620, 326.650, 4
1710, 1086.620, 335.150, 4
1711, 1086.620, 343.650, 4
1712, 1086.620, 352.150, 4
1713, 1086.620, 360.650, 4
1714, 1086.620, 369.150, 14
1715, 1086.620, 377.650, 14
1716, 1086.620, 386.150, 14
1717, 1086.620, 394.650, 14
1718, 1086.620, 403.150, 14
1719, 1107.490, 250.150, 5
1720, 1107.490, 258.650, 5
1721, 1107.490, 267.150, 5
1722, 1107.490, 275.650, 5
1723, 1107.490, 284.150, 5
1724, 1107.490, 292.650, 4
1725, 1107.490, 301.150, 4
1726, 1107.490, 309.650, 4
1727, 1107.490, 318.150, 4
1728, 1107.490, 326.650, 4
1729, 1107.490, 335.150, 4
1730, 1107.490, 343.650, 4
1731, 1107.490, 352.150, 4
1732, 1107.490, 360.650, 4
1733, 1107.490, 369.150, 14
1734, 1107.490, 377.650, 14
1735, 1107.490, 386.150, 14
1736, 1128.360, 301.150, 4
1737, 1128.360, 309.650, 4
1738, 1128.360, 318.150, 4
1739, 1128.360, 326.650, 4
1740, 1128.360, 335.150, 4
1741, 1128.360, 343.650, 4
1742, 1128.360, 352.150, 4
1743, 1128.360, 360.650, 4
1744, 1128.360, 369.150, 14
