1, 138.520, 196.840, 6
2, 138.520, 205.340, 6
3, 138.520, 213.840, 6
4, 138.520, 222.340, 6
5, 138.520, 230.840, 6
6, 138.520, 239.340, 6
7, 138.520, 247.840, 6
8, 138.520, 256.340, 6
9, 138.520, 264.840, 12
10, 138.520, 273.340, 12
11, 138.520, 281.840, 12
12, 138.520, 290.340, 12
13, 138.520, 298.840, 12
14, 159.390, 179.840, 6
15, 159.390, 188.340, 6
16, 159.390, 196.840, 6
17, 159.390, 205.340, 6
18, 159.390, 213.840, 6
19, 159.390, 222.340, 6
20, 159.390, 230.840, 6
21, 159.390, 239.340, 6
22, 159.390, 247.840, 6
23, 159.390, 256.340, 6
24, 159.390, 264.840, 12
25, 159.390, 273.340, 12
26, 159.390, 281.840, 12
27, 159.390, 290.340, 12
28, 159.390, 298.840, 12
29, 159.390, 307.340, 12
30, 159.390, 315.840, 12
31, 159.390, 324.340, 12
32, 159.390, 332.840, 12
33, 159.390, 341.340, 12
34, 180.260, 162.840, 17
35, 180.260, 171.340, 17
36, 180.260, 179.840, 6
37, 180.260, 188.340, 6
38, 180.260, 196.840, 6
39, 180.260, 205.340, 6
40, 180.260, 213.840, 6
41, 180.260, 222.340, 6
42, 180.260, 230.840, 6
43, 180.260, 239.340, 6
44, 180.260, 247.840, 6
45, 180.260, 256.340, 6
46, 180.260, 264.840, 12
47, 180.260, 273.340, 12
48, 180.260, 281.840, 12
49, 180.260, 290.340, 12
50, 180.260, 298.840, 12
51, 180.260, 307.340, 12
52, 180.260, 315.840, 12
53, 180.260, 324.340, 12
54, 180.260, 332.840, 12
55, 180.260, 341.340, 12
56, 201.130, 154.340, 17
57, 201.130, 162.840, 17
58, 201.130, 171.340, 17
59, 201.130, 179.840, 6
60, 201.130, 188.340, 6
61, 201.130, 196.840, 6
62, 201.130, 205.340, 6
63, 201.130, 213.840, 6
64, 201.130, 222.340, 6
65, 201.130, 230.840, 6
66, 201.130, 239.340, 6
67, 201.130, 247.840, 6
68, 201.130, 256.340, 6
69, 201.130, 264.840, 12
70, 201.130, 273.340, 12
71, 201.130, 281.840, 12
72, 201.130, 290.340, 12
73, 201.130, 298.840, 12
74, 201.130, 307.340, 12
75, 201.130, 315.840, 12
76, 201.130, 324.340, 12
77, 201.130, 332.840, 12
78, 201.130, 341.340, 12
79, 201.130, 349.840, 12
80, 222.000, 137.340, 17
81, 222.000, 145.840, 17
82, 222.000, 154.340, 17
83, 222.000, 162.840, 17
84, 222.000, 171.340, 17
85, 222.000, 179.840, 17
86, 222.000, 188.340, 6
87, 222.000, 196.840, 6
88, 222.000, 205.340, 6
89, 222.000, 213.840, 6
90, 222.000, 222.340, 6
91, 222.000, 230.840, 6
92, 222.000, 239.340, 6
93, 222.000, 247.840, 6
94, 222.000, 256.340, 6
95, 222.000, 264.840, 12
96, 222.000, 273.340, 12
97, 222.000, 281.840, 12
98, 222.000, 290.340, 12
99, 222.000, 298.840, 12
100, 222.000, 307.340, 12
101, 222.000, 315.840, 12
102, 222.000, 324.340, 12
103, 222.000, 332.840, 12
104, 222.000, 341.340, 12
105, 222.000, 349.840, 12
106, 222.000, 358.340, 12
107, 242.870, 137.340, 17
108, 242.870, 145.840, 17
109, 242.870, 154.340, 17
110, 242.870, 162.840, 17
111, 242.870, 171.340, 17
112, 242.870, 179.840, 17
113, 242.870, 188.340, 6
114, 242.870, 196.840, 6
115, 242.870, 205.340, 6
116, 242.870, 213.840, 6
117, 242.870, 222.340, 6
118, 242.870, 230.840, 6
119, 242.870, 239.340, 6
120, 242.870, 247.840, 6
121, 242.870, 256.340, 6
122, 242.870, 264.840, 12
123, 242.870, 273.340, 12
124, 242.870, 281.840, 12
125, 242.870, 290.340, 12
126, 242.870, 298.840, 12
127, 242.870, 307.340, 12
128, 242.870, 315.840, 12
129, 242.870, 324.340, 12
130, 242.870, 332.840, 12
131, 242.870, 341.340, 12
132, 242.870, 349.840, 12
133, 242.870, 358.340, 12
134, 263.740, 128.840, 17
135, 263.740, 137.340, 17
136, 263.740, 145.840, 17
137, 263.740, 154.340, 17
138, 263.740, 162.840, 17
139, 263.740, 171.340, 17
140, 263.740, 179.840, 17
141, 263.740, 188.340, 6
142, 263.740, 196.840, 6
143, 263.740, 205.340, 6
144, 263.740, 213.840, 6
145, 263.740, 222.340, 6
146, 263.740, 230.840, 6
147, 263.740, 239.340, 6
148, 263.740, 247.840, 6
149, 263.740, 256.340, 6
150, 263.740, 264.840, 12
151, 263.740, 273.340, 12
152, 263.740, 281.840, 12
153, 263.740, 290.340, 12
154, 263.740, 298.840, 12
155, 263.740, 307.340, 12
156, 263.740, 315.840, 12
157, 263.740, 324.340, 12
158, 263.740, 332.840, 12
159, 263.740, 341.340, 12
160, 263.740, 349.840, 12
161, 263.740, 358.340, 12
162, 263.740, 366.840, 12
163, 284.610, 128.840, 17
164, 284.610, 137.340, 17
165, 284.610, 145.840, 17
166, 284.610, 154.340, 17
167, 284.610, 162.840, 17
168, 284.610, 171.340, 17
169, 284.610, 179.840, 17
170, 284.610, 188.340, 6
171, 284.610, 196.840, 6
172, 284.610, 205.340, 6
173, 284.610, 213.840, 6
174, 284.610, 222.340, 6
175, 284.610, 230.840, 6
176, 284.610, 239.340, 6
177, 284.610, 247.840, 6
178, 284.610, 256.340, 6
179, 284.610, 264.840, 12
180, 284.610, 273.340, 12
181, 284.610, 281.840, 12
182, 284.610, 290.340, 12
183, 284.610, 298.840, 12
184, 284.610, 307.340, 12
185, 284.610, 315.840, 12
186, 284.610, 324.340, 12
187, 284.610, 332.840, 12
188, 284.610, 341.340, 12
189, 284.610, 349.840, 12
190, 284.610, 358.340, 12
191, 284.610, 366.840, 12
192, 284.610, 375.340, 12
193, 305.480, 120.340, 17
194, 305.480, 128.840, 17
195, 305.480, 137.340, 17
196, 305.480, 145.840, 17
197, 305.480, 154.340, 17
198, 305.480, 162.840, 17
199, 305.480, 171.340, 17
200, 305.480, 179.840, 17
201, 305.480, 188.340, 6
202, 305.480, 196.840, 6
203, 305.480, 205.340, 6
204, 305.480, 213.840, 6
205, 305.480, 222.340, 6
206, 305.480, 230.840, 6
207, 305.480, 239.340, 6
208, 305.480, 247.840, 6
209, 305.480, 256.340, 6
210, 305.480, 264.840, 12
211, 305.480, 273.340, 12
212, 305.480, 281.840, 12
213, 305.480, 290.340, 12
214, 305.480, 298.840, 12
215, 305.480, 307.340, 12
216, 305.480, 315.840, 12
217, 305.480, 324.340, 12
218, 305.480, 332.840, 12
219, 305.480, 341.340, 12
220, 305.480, 349.840, 12
221, 305.480, 358.340, 12
222, 305.480, 366.840, 12
223, 305.480, 375.340, 12
224, 326.350, 120.340, 17
225, 326.350, 128.840, 17
226, 326.350, 137.340, 17
227, 326.350, 145.840, 17
228, 326.350, 154.340, 17
229, 326.350, 162.840, 17
230, 326.350, 171.340, 17
231, 326.350, 179.840, 17
232, 326.350, 188.340, 6
233, 326.350, 196.840, 6
234, 326.350, 205.340, 6
235, 326.350, 213.840, 6
236, 326.350, 222.340, 6
237, 326.350, 230.840, 6
238, 326.350, 239.340, 6
239, 326.350, 247.840, 6
240, 326.350, 256.340, 6
241, 326.350, 264.840, 12
242, 326.350, 273.340, 12
243, 326.350, 281.840, 12
244, 326.350, 290.340, 12
245, 326.350, 298.840, 12
246, 326.350, 307.340, 12
247, 326.350, 315.840, 12
248, 326.350, 324.340, 12
249, 326.350, 332.840, 8
250, 326.350, 341.340, 8
251, 326.350, 349.840, 8
252, 326.350, 358.340, 8
253, 326.350, 366.840, 8
254, 326.350, 375.340, 8
255, 326.350, 383.840, 8
256, 347.220, 111.840, 17
257, 347.220, 120.340, 17
258, 347.220, 128.840, 17
259, 347.220, 137.340, 17
260, 347.220, 145.840, 17
261, 347.220, 154.340, 17
262, 347.220, 162.840, 17
263, 347.220, 171.340, 17
264, 347.220, 179.840, 17
265, 347.220, 188.340, 6
266, 347.220, 196.840, 6
267, 347.220, 205.340, 6
268, 347.220, 213.840, 6
269, 347.220, 222.340, 6
270, 347.220, 230.840, 6
271, 347.220, 239.340, 6
272, 347.220, 247.840, 6
273, 347.220, 256.340, 6
274, 347.220, 264.840, 9
275, 347.220, 273.340, 9
276, 347.220, 281.840, 9
277, 347.220, 290.340, 9
278, 347.220, 298.840, 9
279, 347.220, 307.340, 9
280, 347.220, 315.840, 9
281, 347.220, 324.340, 9
282, 347.220, 332.840, 8
283, 347.220, 341.340, 8
284, 347.220, 349.840, 8
285, 347.220, 358.340, 8
286, 347.220, 366.840, 8
287, 347.220, 375.340, 8
288, 347.220, 383.840, 8
289, 347.220, 392.340, 8
290, 368.090, 111.840, 17
291, 368.090, 120.340, 17
292, 368.090, 128.840, 17
293, 368.090, 137.340, 17
294, 368.090, 145.840, 17
295, 368.090, 154.340, 17
296, 368.090, 162.840, 17
297, 368.090, 171.340, 17
298, 368.090, 179.840, 17
299, 368.090, 188.340, 6
300, 368.090, 196.840, 6
301, 368.090, 205.340, 6
302, 368.090, 213.840, 6
303, 368.090, 222.340, 6
304, 368.090, 230.840, 6
305, 368.090, 239.340, 6
306, 368.090, 247.840, 6
307, 368.090, 256.340, 9
308, 368.090, 264.840, 9
309, 368.090, 273.340, 9
310, 368.090, 281.840, 9
311, 368.090, 290.340, 9
312, 368.090, 298.840, 9
313, 368.090, 307.340, 9
314, 368.090, 315.840, 9
315, 368.090, 324.340, 9
316, 368.090, 332.840, 8
317, 368.090, 341.340, 8
318, 368.090, 349.840, 8
319, 368.090, 358.340, 8
320, 368.090, 366.840, 8
321, 368.090, 375.340, 8
322, 368.090, 383.840, 8
323, 368.090, 392.340, 8
324, 388.960, 103.340, 17
325, 388.960, 111.840, 17
326, 388.960, 120.340, 17
327, 388.960, 128.840, 17
328, 388.960, 137.340, 17
329, 388.960, 145.840, 17
330, 388.960, 154.340, 17
331, 388.960, 162.840, 17
332, 388.960, 171.340, 17
333, 388.960, 179.840, 17
334, 388.960, 188.340, 20
335, 388.960, 196.840, 20
336, 388.960, 205.340, 20
337, 388.960, 213.840, 20
338, 388.960, 222.340, 20
339, 388.960, 230.840, 20
340, 388.960, 239.340, 20
341, 388.960, 247.840, 9
342, 388.960, 256.340, 9
343, 388.960, 264.840, 9
344, 388.960, 273.340, 9
345, 388.960, 281.840, 9
346, 388.960, 290.340, 9
347, 388.960, 298.840, 9
348, 388.960, 307.340, 9
349, 388.960, 315.840, 9
350, 388.960, 324.340, 9
351, 388.960, 332.840, 8
352, 388.960, 341.340, 8
353, 388.960, 349.840, 8
354, 388.960, 358.340, 8
355, 388.960, 366.840, 8
356, 388.960, 375.340, 8
357, 388.960, 383.840, 8
358, 388.960, 392.340, 8
359, 388.960, 400.840, 8
360, 409.830, 103.340, 17
361, 409.830, 111.840, 17
362, 409.830, 120.340, 17
363, 409.830, 128.840, 17
364, 409.830, 137.340, 17
365, 409.830, 145.840, 17
366, 409.830, 154.340, 17
367, 409.830, 162.840, 17
368, 409.830, 171.340, 17
369, 409.830, 179.840, 17
370, 409.830, 188.340, 20
371, 409.830, 196.840, 20
372, 409.830, 205.340, 20
373, 409.830, 213.840, 20
374, 409.830, 222.340, 20
375, 409.830, 230.840, 20
376, 409.830, 239.340, 20
377, 409.830, 247.840, 9
378, 409.830, 256.340, 9
379, 409.830, 264.840, 9
380, 409.830, 273.340, 9
381, 409.830, 281.840, 9
382, 409.830, 290.340, 9
383, 409.830, 298.840, 9
384, 409.830, 307.340, 9
385, 409.830, 315.840, 9
386, 409.830, 324.340, 9
387, 409.830, 332.840, 8
388, 409.830, 341.340, 8
389, 409.830, 349.840, 8
390, 409.830, 358.340, 8
391, 409.830, 366.840, 8
392, 409.830, 375.340, 8
393, 409.830, 383.840, 8
394, 409.830, 392.340, 8
395, 409.830, 400.840, 8
396, 409.830, 409.340, 8
397, 430.700, 94.840, 17
398, 430.700, 103.340, 17
399, 430.700, 111.840, 17
400, 430.700, 120.340, 17
401, 430.700, 128.840, 17
402, 430.700, 137.340, 17
403, 430.700, 145.840, 17
404, 430.700, 154.340, 17
405, 430.700, 162.840, 17
406, 430.700, 171.340, 17
407, 430.700, 179.840, 20
408, 430.700, 188.340, 20
409, 430.700, 196.840, 20
410, 430.700, 205.340, 20
411, 430.700, 213.840, 20
412, 430.700, 222.340, 20
413, 430.700, 230.840, 20
414, 430.700, 239.340, 20
415, 430.700, 247.840, 9
416, 430.700, 256.340, 9
417, 430.700, 264.840, 9
418, 430.700, 273.340, 9
419, 430.700, 281.840, 9
420, 430.700, 290.340, 9
421, 430.700, 298.840, 9
422, 430.700, 307.340, 9
423, 430.700, 315.840, 9
424, 430.700, 324.340, 9
425, 430.700, 332.840, 8
426, 430.700, 341.340, 8
427, 430.700, 349.840, 8
428, 430.700, 358.340, 8
429, 430.700, 366.840, 8
430, 430.700, 375.340, 8
431, 430.700, 383.840, 8
432, 430.700, 392.340, 8
433, 430.700, 400.840, 8
434, 430.700, 409.340, 8
435, 451.570, 94.840, 17
436, 451.570, 103.340, 17
437, 451.570, 111.840, 17
438, 451.570, 120.340, 17
439, 451.570, 128.840, 17
440, 451.570, 137.340, 17
441, 451.570, 145.840, 17
442, 451.570, 154.340, 17
443, 451.570, 162.840, 17
444, 451.570, 171.340, 20
445, 451.570, 179.840, 20
446, 451.570, 188.340, 20
447, 451.570, 196.840, 20
448, 451.570, 205.340, 20
449, 451.570, 213.840, 20
450, 451.570, 222.340, 20
451, 451.570, 230.840, 20
452, 451.570, 239.340, 20
453, 451.570, 247.840, 9
454, 451.570, 256.340, 9
455, 451.570, 264.840, 9
456, 451.570, 273.340, 9
457, 451.570, 281.840, 9
458, 451.570, 290.340, 9
459, 451.570, 298.840, 9
460, 451.570, 307.340, 9
461, 451.570, 315.840, 9
462, 451.570, 324.340, 9
463, 451.570, 332.840, 8
464, 451.570, 341.340, 8
465, 451.570, 349.840, 8
466, 451.570, 358.340, 8
467, 451.570, 366.840, 8
468, 451.570, 375.340, 8
469, 451.570, 383.840, 8
470, 451.570, 392.340, 8
471, 451.570, 400.840, 8
472, 451.570, 409.340, 8
473, 451.570, 417.840, 8
474, 472.440, 86.340, 19
475, 472.440, 94.840, 19
476, 472.440, 103.340, 19
477, 472.440, 111.840, 19
478, 472.440, 120.340, 19
479, 472.440, 128.840, 17
480, 472.440, 137.340, 17
481, 472.440, 145.840, 17
482, 472.440, 154.340, 17
483, 472.440, 162.840, 17
484, 472.440, 171.340, 20
485, 472.440, 179.840, 20
486, 472.440, 188.340, 20
487, 472.440, 196.840, 20
488, 472.440, 205.340, 20
489, 472.440, 213.840, 20
490, 472.440, 222.340, 20
491, 472.440, 230.840, 20
492, 472.440, 239.340, 20
493, 472.440, 247.840, 9
494, 472.440, 256.340, 9
495, 472.440, 264.840, 9
496, 472.440, 273.340, 9
497, 472.440, 281.840, 9
498, 472.440, 290.340, 9
499, 472.440, 298.840, 9
500, 472.440, 307.340, 9
501, 472.440, 315.840, 9
502, 472.440, 324.340, 9
503, 472.440, 332.840, 8
504, 472.440, 341.340, 8
505, 472.440, 349.840, 8
506, 472.440, 358.340, 8
507, 472.440, 366.840, 8
508, 472.440, 375.340, 8
509, 472.440, 383.840, 8
510, 472.440, 392.340, 8
511, 472.440, 400.840, 8
512, 472.440, 409.340, 8
513, 472.440, 417.840, 8
514, 472.440, 426.340, 8
515, 493.310, 86.340, 19
516, 493.310, 94.840, 19
517, 493.310, 103.340, 19
518, 493.310, 111.840, 19
519, 493.310, 120.340, 19
520, 493.310, 128.840, 19
521, 493.310, 137.340, 19
522, 493.310, 145.840, 19
523, 493.310, 154.340, 19
524, 493.310, 162.840, 20
525, 493.310, 171.340, 20
526, 493.310, 179.840, 20
527, 493.310, 188.340, 20
528, 493.310, 196.840, 20
529, 493.310, 205.340, 20
530, 493.310, 213.840, 20
531, 493.310, 222.340, 20
532, 493.310, 230.840, 20
533, 493.310, 239.340, 20
534, 493.310, 247.840, 9
535, 493.310, 256.340, 9
536, 493.310, 264.840, 9
537, 493.310, 273.340, 9
538, 493.310, 281.840, 9
539, 493.310, 290.340, 9
540, 493.310, 298.840, 9
541, 493.310, 307.340, 9
542, 493.310, 315.840, 9
543, 493.310, 324.340, 9
544, 493.310, 332.840, 8
545, 493.310, 341.340, 8
546, 493.310, 349.840, 8
547, 493.310, 358.340, 8
548, 493.310, 366.840, 8
549, 493.310, 375.340, 8
550, 493.310, 383.840, 8
551, 493.310, 392.340, 8
552, 493.310, 400.840, 8
553, 493.310, 409.340, 8
554, 493.310, 417.840, 8
555, 493.310, 426.340, 8
556, 493.310, 434.840, 8
557, 514.180, 77.840, 19
558, 514.180, 86.340, 19
559, 514.180, 94.840, 19
560, 514.180, 103.340, 19
561, 514.180, 111.840, 19
562, 514.180, 120.340, 19
563, 514.180, 128.840, 19
564, 514.180, 137.340, 19
565, 514.180, 145.840, 19
566, 514.180, 154.340, 19
567, 514.180, 162.840, 20
568, 514.180, 171.340, 20
569, 514.180, 179.840, 20
570, 514.180, 188.340, 20
571, 514.180, 196.840, 20
572, 514.180, 205.340, 20
573, 514.180, 213.840, 20
574, 514.180, 222.340, 20
575, 514.180, 230.840, 20
576, 514.180, 239.340, 20
577, 514.180, 247.840, 9
578, 514.180, 256.340, 9
579, 514.180, 264.840, 9
580, 514.180, 273.340, 9
581, 514.180, 281.840, 9
582, 514.180, 290.340, 9
583, 514.180, 298.840, 9
584, 514.180, 307.340, 9
585, 514.180, 315.840, 9
586, 514.180, 324.340, 9
587, 514.180, 332.840, 8
588, 514.180, 341.340, 8
589, 514.180, 349.840, 8
590, 514.180, 358.340, 8
591, 514.180, 366.840, 8
592, 514.180, 375.340, 8
593, 514.180, 383.840, 8
594, 514.180, 392.340, 8
595, 514.180, 400.840, 8
596, 514.180, 409.340, 8
597, 514.180, 417.840, 8
598, 514.180, 426.340, 8
599, 514.180, 434.840, 8
600, 535.050, 77.840, 19
601, 535.050, 86.340, 19
602, 535.050, 94.840, 19
603, 535.050, 103.340, 19
604, 535.050, 111.840, 19
605, 535.050, 120.340, 19
606, 535.050, 128.840, 19
607, 535.050, 137.340, 19
608, 535.050, 145.840, 19
609, 535.050, 154.340, 19
610, 535.050, 162.840, 20
611, 535.050, 171.340, 20
612, 535.050, 179.840, 20
613, 535.050, 188.340, 20
614, 535.050, 196.840, 20
615, 535.050, 205.340, 20
616, 535.050, 213.840, 20
617, 535.050, 222.340, 20
618, 535.050, 230.840, 20
619, 535.050, 239.340, 20
620, 535.050, 247.840, 9
621, 535.050, 256.340, 9
622, 535.050, 264.840, 9
623, 535.050, 273.340, 9
624, 535.050, 281.840, 9
625, 535.050, 290.340, 9
626, 535.050, 298.840, 9
627, 535.050, 307.340, 9
628, 535.050, 315.840, 9
629, 535.050, 324.340, 9
630, 535.050, 332.840, 3
631, 535.050, 341.340, 3
632, 535.050, 349.840, 3
633, 535.050, 358.340, 3
634, 535.050, 366.840, 3
635, 535.050, 375.340, 8
636, 535.050, 383.840, 8
637, 535.050, 392.340, 8
638, 535.050, 400.840, 8
639, 535.050, 409.340, 8
640, 535.050, 417.840, 8
641, 535.050, 426.340, 8
642, 535.050, 434.840, 8
643, 555.920, 77.840, 19
644, 555.920, 86.340, 19
645, 555.920, 94.840, 19
646, 555.920, 103.340, 19
647, 555.920, 111.840, 19
648, 555.920, 120.340, 19
649, 555.920, 128.840, 19
650, 555.920, 137.340, 19
651, 555.920, 145.840, 19
652, 555.920, 154.340, 19
653, 555.920, 162.840, 20
654, 555.920, 171.340, 20
655, 555.920, 179.840, 20
656, 555.920, 188.340, 20
657, 555.920, 196.840, 20
658, 555.920, 205.340, 20
659, 555.920, 213.840, 20
660, 555.920, 222.340, 20
661, 555.920, 230.840, 20
662, 555.920, 239.340, 20
663, 555.920, 247.840, 9
664, 555.920, 256.340, 9
665, 555.920, 264.840, 9
666, 555.920, 273.340, 9
667, 555.920, 281.840, 9
668, 555.920, 290.340, 9
669, 555.920, 298.840, 3
670, 555.920, 307.340, 3
671, 555.920, 315.840, 3
672, 555.920, 324.340, 3
673, 555.920, 332.840, 3
674, 555.920, 341.340, 3
675, 555.920, 349.840, 3
676, 555.920, 358.340, 3
677, 555.920, 366.840, 3
678, 555.920, 375.340, 21
679, 555.920, 383.840, 21
680, 555.920, 392.340, 21
681, 555.920, 400.840, 21
682, 555.920, 409.340, 21
683, 555.920, 417.840, 21
684, 555.920, 426.340, 21
685, 555.920, 434.840, 21
686, 576.790, 69.340, 19
687, 576.790, 77.840, 19
688, 576.790, 86.340, 19
689, 576.790, 94.840, 19
690, 576.790, 103.340, 19
691, 576.790, 111.840, 19
692, 576.790, 120.340, 19
693, 576.790, 128.840, 19
694, 576.790, 137.340, 19
695, 576.790, 145.840, 19
696, 576.790, 154.340, 19
697, 576.790, 162.840, 20
698, 576.790, 171.340, 20
699, 576.790, 179.840, 20
700, 576.790, 188.340, 20
701, 576.790, 196.840, 20
702, 576.790, 205.340, 20
703, 576.790, 213.840, 20
704, 576.790, 222.340, 20
705, 576.790, 230.840, 20
706, 576.790, 239.340, 20
707, 576.790, 247.840, 9
708, 576.790, 256.340, 9
709, 576.790, 264.840, 9
710, 576.790, 273.340, 9
711, 576.790, 281.840, 9
712, 576.790, 290.340, 9
713, 576.790, 298.840, 3
714, 576.790, 307.340, 3
715, 576.790, 315.840, 3
716, 576.790, 324.340, 3
717, 576.790, 332.840, 3
718, 576.790, 341.340, 3
719, 576.790, 349.840, 3
720, 576.790, 358.340, 3
721, 576.790, 366.840, 3
722, 576.790, 375.340, 21
723, 576.790, 383.840, 21
724, 576.790, 392.340, 21
725, 576.790, 400.840, 21
726, 576.790, 409.340, 21
727, 576.790, 417.840, 21
728, 576.790, 426.340, 21
729, 576.790, 434.840, 21
730, 597.660, 69.340, 19
731, 597.660, 77.840, 19
732, 597.660, 86.340, 19
733, 597.660, 94.840, 19
734, 597.660, 103.340, 19
735, 597.660, 111.840, 19
736, 597.660, 120.340, 19
737, 597.660, 128.840, 19
738, 597.660, 137.340, 19
739, 597.660, 145.840, 19
740, 597.660, 154.340, 19
741, 597.660, 162.840, 20
742, 597.660, 171.340, 20
743, 597.660, 179.840, 20
744, 597.660, 188.340, 20
745, 597.660, 196.840, 20
746, 597.660, 205.340, 20
747, 597.660, 213.840, 20
748, 597.660, 222.340, 14
749, 597.660, 230.840, 14
750, 597.660, 239.340, 14
751, 597.660, 247.840, 14
752, 597.660, 256.340, 14
753, 597.660, 264.840, 14
754, 597.660, 273.340, 14
755, 597.660, 281.840, 14
756, 597.660, 290.340, 3
757, 597.660, 298.840, 3
758, 597.660, 307.340, 3
759, 597.660, 315.840, 3
760, 597.660, 324.340, 3
761, 597.660, 332.840, 3
762, 597.660, 341.340, 3
763, 597.660, 349.840, 3
764, 597.660, 358.340, 3
765, 597.660, 366.840, 3
766, 597.660, 375.340, 21
767, 597.660, 383.840, 21
768, 597.660, 392.340, 21
769, 597.660, 400.840, 21
770, 597.660, 409.340, 21
771, 597.660, 417.840, 21
772, 597.660, 426.340, 21
773, 597.660, 434.840, 21
774, 597.660, 443.340, 21
775, 618.530, 69.340, 19
776, 618.530, 77.840, 19
777, 618.530, 86.340, 19
778, 618.530, 94.840, 19
779, 618.530, 103.340, 19
780, 618.530, 111.840, 19
781, 618.530, 120.340, 19
782, 618.530, 128.840, 19
783, 618.530, 137.340, 19
784, 618.530, 145.840, 19
785, 618.530, 154.340, 19
786, 618.530, 162.840, 20
787, 618.530, 171.340, 20
788, 618.530, 179.840, 20
789, 618.530, 188.340, 20
790, 618.530, 196.840, 20
791, 618.530, 205.340, 20
792, 618.530, 213.840, 20
793, 618.530, 222.340, 14
794, 618.530, 230.840, 14
795, 618.530, 239.340, 14
796, 618.530, 247.840, 14
797, 618.530, 256.340, 14
798, 618.530, 264.840, 14
799, 618.530, 273.340, 14
800, 618.530, 281.840, 14
801, 618.530, 290.340, 3
802, 618.530, 298.840, 3
803, 618.530, 307.340, 3
804, 618.530, 315.840, 3
805, 618.530, 324.340, 3
806, 618.530, 332.840, 3
807, 618.530, 341.340, 3
808, 618.530, 349.840, 3
809, 618.530, 358.340, 3
810, 618.530, 366.840, 3
811, 618.530, 375.340, 21
812, 618.530, 383.840, 21
813, 618.530, 392.340, 21
814, 618.530, 400.840, 21
815, 618.530, 409.340, 21
816, 618.530, 417.840, 21
817, 618.530, 426.340, 21
818, 618.530, 434.840, 21
819, 618.530, 443.340, 21
820, 639.400, 60.840, 19
821, 639.400, 69.340, 19
822, 639.400, 77.840, 19
823, 639.400, 86.340, 19
824, 639.400, 94.840, 19
825, 639.400, 103.340, 19
826, 639.400, 111.840, 19
827, 639.400, 120.340, 19
828, 639.400, 128.840, 19
829, 639.400, 137.340, 19
830, 639.400, 145.840, 19
831, 639.400, 154.340, 19
832, 639.400, 162.840, 20
833, 639.400, 171.340, 20
834, 639.400, 179.840, 20
835, 639.400, 188.340, 20
836, 639.400, 196.840, 20
837, 639.400, 205.340, 14
838, 639.400, 213.840, 14
839, 639.400, 222.340, 14
840, 639.400, 230.840, 14
841, 639.400, 239.340, 14
842, 639.400, 247.840, 14
843, 639.400, 256.340, 14
844, 639.400, 264.840, 14
845, 639.400, 273.340, 14
846, 639.400, 281.840, 14
847, 639.400, 290.340, 3
848, 639.400, 298.840, 3
849, 639.400, 307.340, 3
850, 639.400, 315.840, 3
851, 639.400, 324.340, 3
852, 639.400, 332.840, 3
853, 639.400, 341.340, 3
854, 639.400, 349.840, 3
855, 639.400, 358.340, 3
856, 639.400, 366.840, 3
857, 639.400, 375.340, 21
858, 639.400, 383.840, 21
859, 639.400, 392.340, 21
860, 639.400, 400.840, 21
861, 639.400, 409.340, 21
862, 639.400, 417.840, 21
863, 639.400, 426.340, 21
864, 639.400, 434.840, 21
865, 639.400, 443.340, 21
866, 660.270, 60.840, 19
867, 660.270, 69.340, 19
868, 660.270, 77.840, 19
869, 660.270, 86.340, 19
870, 660.270, 94.840, 19
871, 660.270, 103.340, 19
872, 660.270, 111.840, 19
873, 660.270, 120.340, 19
874, 660.270, 128.840, 19
875, 660.270, 137.340, 19
876, 660.270, 145.840, 19
877, 660.270, 154.340, 4
878, 660.270, 162.840, 4
879, 660.270, 171.340, 4
880, 660.270, 179.840, 4
881, 660.270, 188.340, 4
882, 660.270, 196.840, 14
883, 660.270, 205.340, 14
884, 660.270, 213.840, 14
885, 660.270, 222.340, 14
886, 660.270, 230.840, 14
887, 660.270, 239.340, 14
888, 660.270, 247.840, 14
889, 660.270, 256.340, 14
890, 660.270, 264.840, 14
891, 660.270, 273.340, 14
892, 660.270, 281.840, 14
893, 660.270, 290.340, 3
894, 660.270, 298.840, 3
895, 660.270, 307.340, 3
896, 660.270, 315.840, 3
897, 660.270, 324.340, 3
898, 660.270, 332.840, 3
899, 660.270, 341.340, 3
900, 660.270, 349.840, 3
901, 660.270, 358.340, 3
902, 660.270, 366.840, 3
903, 660.270, 375.340, 21
904, 660.270, 383.840, 21
905, 660.270, 392.340, 21
906, 660.270, 400.840, 21
907, 660.270, 409.340, 21
908, 660.270, 417.840, 21
909, 660.270, 426.340, 21
910, 660.270, 434.840, 21
911, 660.270, 443.340, 21
912, 681.140, 60.840, 19
913, 681.140, 69.340, 19
914, 681.140, 77.840, 19
915, 681.140, 86.340, 19
916, 681.140, 94.840, 19
917, 681.140, 103.340, 19
918, 681.140, 111.840, 19
919, 681.140, 120.340, 19
920, 681.140, 128.840, 19
921, 681.140, 137.340, 4
922, 681.140, 145.840, 4
923, 681.140, 154.340, 4
924, 681.140, 162.840, 4
925, 681.140, 171.340, 4
926, 681.140, 179.840, 4
927, 681.140, 188.340, 4
928, 681.140, 196.840, 14
929, 681.140, 205.340, 14
930, 681.140, 213.840, 14
931, 681.140, 222.340, 14
932, 681.140, 230.840, 14
933, 681.140, 239.340, 14
934, 681.140, 247.840, 14
935, 681.140, 256.340, 14
936, 681.140, 264.840, 14
937, 681.140, 273.340, 14
938, 681.140, 281.840, 14
939, 681.140, 290.340, 3
940, 681.140, 298.840, 3
941, 681.140, 307.340, 3
942, 681.140, 315.840, 3
943, 681.140, 324.340, 3
944, 681.140, 332.840, 3
945, 681.140, 341.340, 3
946, 681.140, 349.840, 3
947, 681.140, 358.340, 3
948, 681.140, 366.840, 3
949, 681.140, 375.340, 21
950, 681.140, 383.840, 21
951, 681.140, 392.340, 21
952, 681.140, 400.840, 21
953, 681.140, 409.340, 21
954, 681.140, 417.840, 21
955, 681.140, 426.340, 21
956, 681.140, 434.840, 21
957, 681.140, 443.340, 21
958, 702.010, 52.340, 13
959, 702.010, 60.840, 13
960, 702.010, 69.340, 13
961, 702.010, 77.840, 13
962, 702.010, 86.340, 13
963, 702.010, 94.840, 13
964, 702.010, 103.340, 13
965, 702.010, 111.840, 13
966, 702.010, 120.340, 13
967, 702.010, 128.840, 13
968, 702.010, 137.340, 4
969, 702.010, 145.840, 4
970, 702.010, 154.340, 4
971, 702.010, 162.840, 4
972, 702.010, 171.340, 4
973, 702.010, 179.840, 4
974, 702.010, 188.340, 4
975, 702.010, 196.840, 14
976, 702.010, 205.340, 14
977, 702.010, 213.840, 14
978, 702.010, 222.340, 14
979, 702.010, 230.840, 14
980, 702.010, 239.340, 14
981, 702.010, 247.840, 14
982, 702.010, 256.340, 14
983, 702.010, 264.840, 14
984, 702.010, 273.340, 14
985, 702.010, 281.840, 14
986, 702.010, 290.340, 3
987, 702.010, 298.840, 3
988, 702.010, 307.340, 3
989, 702.010, 315.840, 3
990, 702.010, 324.340, 3
991, 702.010, 332.840, 3
992, 702.010, 341.340, 3
993, 702.010, 349.840, 3
994, 702.010, 358.340, 3
995, 702.010, 366.840, 3
996, 702.010, 375.340, 21
997, 702.010, 383.840, 21
998, 702.010, 392.340, 21
999, 702.010, 400.840, 21
1000, 702.010, 409.340, 21
1001, 702.010, 417.840, 21
1002, 702.010, 426.340, 21
1003, 702.010, 434.840, 21
1004, 702.010, 443.340, 21
1005, 702.010, 451.840, 21
1006, 722.880, 52.340, 13
1007, 722.880, 60.840, 13
1008, 722.880, 69.340, 13
1009, 722.880, 77.840, 13
1010, 722.880, 86.340, 13
1011, 722.880, 94.840, 13
1012, 722.880, 103.340, 13
1013, 722.880, 111.840, 13
1014, 722.880, 120.340, 13
1015, 722.880, 128.840, 13
1016, 722.880, 137.340, 4
1017, 722.880, 145.840, 4
1018, 722.880, 154.340, 4
1019, 722.880, 162.840, 4
1020, 722.880, 171.340, 4
1021, 722.880, 179.840, 4
1022, 722.880, 188.340, 4
1023, 722.880, 196.840, 14
1024, 722.880, 205.340, 14
1025, 722.880, 213.840, 14
1026, 722.880, 222.340, 14
1027, 722.880, 230.840, 14
1028, 722.880, 239.340, 14
1029, 722.880, 247.840, 14
1030, 722.880, 256.340, 14
1031, 722.880, 264.840, 14
1032, 722.880, 273.340, 14
1033, 722.880, 281.840, 14
1034, 722.880, 290.340, 3
1035, 722.880, 298.840, 3
1036, 722.880, 307.340, 3
1037, 722.880, 315.840, 3
1038, 722.880, 324.340, 3
1039, 722.880, 332.840, 3
1040, 722.880, 341.340, 3
1041, 722.880, 349.840, 3
1042, 722.880, 358.340, 3
1043, 722.880, 366.840, 3
1044, 722.880, 375.340, 21
1045, 722.880, 383.840, 21
1046, 722.880, 392.340, 21
1047, 722.880, 400.840, 21
1048, 722.880, 409.340, 21
1049, 722.880, 417.840, 21
1050, 722.880, 426.340, 21
1051, 722.880, 434.840, 21
1052, 722.880, 443.340, 21
1053, 722.880, 451.840, 21
1054, 743.750, 52.340, 13
1055, 743.750, 60.840, 13
1056, 743.750, 69.340, 13
1057, 743.750, 77.840, 13
1058, 743.750, 86.340, 13
1059, 743.750, 94.840, 13
1060, 743.750, 103.340, 13
1061, 743.750, 111.840, 13
1062, 743.750, 120.340, 13
1063, 743.750, 128.840, 13
1064, 743.750, 137.340, 4
1065, 743.750, 145.840, 4
1066, 743.750, 154.340, 4
1067, 743.750, 162.840, 4
1068, 743.750, 171.340, 4
1069, 743.750, 179.840, 4
1070, 743.750, 188.340, 4
1071, 743.750, 196.840, 14
1072, 743.750, 205.340, 14
1073, 743.750, 213.840, 14
1074, 743.750, 222.340, 14
1075, 743.750, 230.840, 14
1076, 743.750, 239.340, 14
1077, 743.750, 247.840, 14
1078, 743.750, 256.340, 14
1079, 743.750, 264.840, 14
1080, 743.750, 273.340, 14
1081, 743.750, 281.840, 14
1082, 743.750, 290.340, 3
1083, 743.750, 298.840, 3
1084, 743.750, 307.340, 3
1085, 743.750, 315.840, 3
1086, 743.750, 324.340, 3
1087, 743.750, 332.840, 3
1088, 743.750, 341.340, 3
1089, 743.750, 349.840, 3
1090, 743.750, 358.340, 3
1091, 743.750, 366.840, 3
1092, 743.750, 375.340, 21
1093, 743.750, 383.840, 21
1094, 743.750, 392.340, 21
1095, 743.750, 400.840, 21
1096, 743.750, 409.340, 21
1097, 743.750, 417.840, 21
1098, 743.750, 426.340, 21
1099, 743.750, 434.840, 21
1100, 743.750, 443.340, 21
1101, 743.750, 451.840, 21
1102, 764.620, 43.840, 13
1103, 764.620, 52.340, 13
1104, 764.620, 60.840, 13
1105, 764.620, 69.340, 13
1106, 764.620, 77.840, 13
1107, 764.620, 86.340, 13
1108, 764.620, 94.840, 13
1109, 764.620, 103.340, 13
1110, 764.620, 111.840, 13
1111, 764.620, 120.340, 13
1112, 764.620, 128.840, 13
1113, 764.620, 137.340, 4
1114, 764.620, 145.840, 4
1115, 764.620, 154.340, 4
1116, 764.620, 162.840, 4
1117, 764.620, 171.340, 4
1118, 764.620, 179.840, 4
1119, 764.620, 188.340, 4
1120, 764.620, 196.840, 14
1121, 764.620, 205.340, 14
1122, 764.620, 213.840, 14
1123, 764.620, 222.340, 14
1124, 764.620, 230.840, 14
1125, 764.620, 239.340, 14
1126, 764.620, 247.840, 14
1127, 764.620, 256.340, 14
1128, 764.620, 264.840, 14
1129, 764.620, 273.340, 14
1130, 764.620, 281.840, 15
1131, 764.620, 290.340, 15
1132, 764.620, 298.840, 15
1133, 764.620, 307.340, 15
1134, 764.620, 315.840, 15
1135, 764.620, 324.340, 3
1136, 764.620, 332.840, 3
1137, 764.620, 341.340, 3
1138, 764.620, 349.840, 3
1139, 764.620, 358.340, 3
1140, 764.620, 366.840, 3
1141, 764.620, 375.340, 21
1142, 764.620, 383.840, 21
1143, 764.620, 392.340, 21
1144, 764.620, 400.840, 21
1145, 764.620, 409.340, 21
1146, 764.620, 417.840, 21
1147, 764.620, 426.340, 21
1148, 764.620, 434.840, 21
1149, 764.620, 443.340, 21
1150, 764.620, 451.840, 21
1151, 785.490, 35.340, 13
1152, 785.490, 43.840, 13
1153, 785.490, 52.340, 13
1154, 785.490, 60.840, 13
1155, 785.490, 69.340, 13
1156, 785.490, 77.840, 13
1157, 785.490, 86.340, 13
1158, 785.490, 94.840, 13
1159, 785.490, 103.340, 13
1160, 785.490, 111.840, 13
1161, 785.490, 120.340, 13
1162, 785.490, 128.840, 13
1163, 785.490, 137.340, 4
1164, 785.490, 145.840, 4
1165, 785.490, 154.340, 4
1166, 785.490, 162.840, 4
1167, 785.490, 171.340, 4
1168, 785.490, 179.840, 4
1169, 785.490, 188.340, 4
1170, 785.490, 196.840, 14
1171, 785.490, 205.340, 14
1172, 785.490, 213.840, 14
1173, 785.490, 222.340, 14
1174, 785.490, 230.840, 14
1175, 785.490, 239.340, 14
1176, 785.490, 247.840, 14
1177, 785.490, 256.340, 14
1178, 785.490, 264.840, 14
1179, 785.490, 273.340, 15
1180, 785.490, 281.840, 15
1181, 785.490, 290.340, 15
1182, 785.490, 298.840, 15
1183, 785.490, 307.340, 15
1184, 785.490, 315.840, 15
1185, 785.490, 324.340, 15
1186, 785.490, 332.840, 15
1187, 785.490, 341.340, 15
1188, 785.490, 349.840, 15
1189, 785.490, 358.340, 15
1190, 785.490, 366.840, 15
1191, 785.490, 375.340, 15
1192, 785.490, 383.840, 21
1193, 785.490, 392.340, 21
1194, 785.490, 400.840, 21
1195, 785.490, 409.340, 21
1196, 785.490, 417.840, 21
1197, 785.490, 426.340, 21
1198, 785.490, 434.840, 21
1199, 785.490, 443.340, 21
1200, 785.490, 451.840, 18
1201, 785.490, 460.340, 18
1202, 806.360, 35.340, 13
1203, 806.360, 43.840, 13
1204, 806.360, 52.340, 13
1205, 806.360, 60.840, 13
1206, 806.360, 69.340, 13
1207, 806.360, 77.840, 13
1208, 806.360, 86.340, 13
1209, 806.360, 94.840, 13
1210, 806.360, 103.340, 13
1211, 806.360, 111.840, 13
1212, 806.360, 120.340, 13
1213, 806.360, 128.840, 13
1214, 806.360, 137.340, 4
1215, 806.360, 145.840, 4
1216, 806.360, 154.340, 4
1217, 806.360, 162.840, 4
1218, 806.360, 171.340, 4
1219, 806.360, 179.840, 4
1220, 806.360, 188.340, 4
1221, 806.360, 196.840, 14
1222, 806.360, 205.340, 14
1223, 806.360, 213.840, 14
1224, 806.360, 222.340, 14
1225, 806.360, 230.840, 14
1226, 806.360, 239.340, 14
1227, 806.360, 247.840, 14
1228, 806.360, 256.340, 14
1229, 806.360, 264.840, 14
1230, 806.360, 273.340, 15
1231, 806.360, 281.840, 15
1232, 806.360, 290.340, 15
1233, 806.360, 298.840, 15
1234, 806.360, 307.340, 15
1235, 806.360, 315.840, 15
1236, 806.360, 324.340, 15
1237, 806.360, 332.840, 15
1238, 806.360, 341.340, 15
1239, 806.360, 349.840, 15
1240, 806.360, 358.340, 15
1241, 806.360, 366.840, 15
1242, 806.360, 375.340, 15
1243, 806.360, 383.840, 18
1244, 806.360, 392.340, 18
1245, 806.360, 400.840, 18
1246, 806.360, 409.340, 18
1247, 806.360, 417.840, 18
1248, 806.360, 426.340, 18
1249, 806.360, 434.840, 18
1250, 806.360, 443.340, 18
1251, 806.360, 451.840, 18
1252, 806.360, 460.340, 18
1253, 827.230, 26.840, 13
1254, 827.230, 35.340, 13
1255, 827.230, 43.840, 13
1256, 827.230, 52.340, 13
1257, 827.230, 60.840, 13
1258, 827.230, 69.340, 13
1259, 827.230, 77.840, 13
1260, 827.230, 86.340, 13
1261, 827.230, 94.840, 13
1262, 827.230, 103.340, 13
1263, 827.230, 111.840, 13
1264, 827.230, 120.340, 13
1265, 827.230, 128.840, 13
1266, 827.230, 137.340, 4
1267, 827.230, 145.840, 4
1268, 827.230, 154.340, 4
1269, 827.230, 162.840, 4
1270, 827.230, 171.340, 4
1271, 827.230, 179.840, 4
1272, 827.230, 188.340, 4
1273, 827.230, 196.840, 16
1274, 827.230, 205.340, 16
1275, 827.230, 213.840, 16
1276, 827.230, 222.340, 16
1277, 827.230, 230.840, 16
1278, 827.230, 239.340, 16
1279, 827.230, 247.840, 16
1280, 827.230, 256.340, 16
1281, 827.230, 264.840, 16
1282, 827.230, 273.340, 15
1283, 827.230, 281.840, 15
1284, 827.230, 290.340, 15
1285, 827.230, 298.840, 15
1286, 827.230, 307.340, 15
1287, 827.230, 315.840, 15
1288, 827.230, 324.340, 15
1289, 827.230, 332.840, 15
1290, 827.230, 341.340, 15
1291, 827.230, 349.840, 15
1292, 827.230, 358.340, 15
1293, 827.230, 366.840, 15
1294, 827.230, 375.340, 15
1295, 827.230, 383.840, 18
1296, 827.230, 392.340, 18
1297, 827.230, 400.840, 18
1298, 827.230, 409.340, 18
1299, 827.230, 417.840, 18
1300, 827.230, 426.340, 18
1301, 827.230, 434.840, 18
1302, 827.230, 443.340, 18
1303, 827.230, 451.840, 18
1304, 827.230, 460.340, 18
1305, 848.100, 35.340, 13
1306, 848.100, 43.840, 13
1307, 848.100, 52.340, 13
1308, 848.100, 60.840, 13
1309, 848.100, 69.340, 13
1310, 848.100, 77.840, 13
1311, 848.100, 86.340, 13
1312, 848.100, 94.840, 13
1313, 848.100, 103.340, 13
1314, 848.100, 111.840, 13
1315, 848.100, 120.340, 13
1316, 848.100, 128.840, 13
1317, 848.100, 137.340, 4
1318, 848.100, 145.840, 4
1319, 848.100, 154.340, 4
1320, 848.100, 162.840, 4
1321, 848.100, 171.340, 4
1322, 848.100, 179.840, 4
1323, 848.100, 188.340, 4
1324, 848.100, 196.840, 16
1325, 848.100, 205.340, 16
1326, 848.100, 213.840, 16
1327, 848.100, 222.340, 16
1328, 848.100, 230.840, 16
1329, 848.100, 239.340, 16
1330, 848.100, 247.840, 16
1331, 848.100, 256.340, 16
1332, 848.100, 264.840, 16
1333, 848.100, 273.340, 15
1334, 848.100, 281.840, 15
1335, 848.100, 290.340, 15
1336, 848.100, 298.840, 15
1337, 848.100, 307.340, 15
1338, 848.100, 315.840, 15
1339, 848.100, 324.340, 15
1340, 848.100, 332.840, 15
1341, 848.100, 341.340, 15
1342, 848.100, 349.840, 15
1343, 848.100, 358.340, 15
1344, 848.100, 366.840, 15
1345, 848.100, 375.340, 15
1346, 848.100, 383.840, 18
1347, 848.100, 392.340, 18
1348, 848.100, 400.840, 18
1349, 848.100, 409.340, 18
1350, 848.100, 417.840, 18
1351, 848.100, 426.340, 18
1352, 848.100, 434.840, 18
1353, 848.100, 443.340, 18
1354, 848.100, 451.840, 18
1355, 848.100, 460.340, 18
1356, 868.970, 35.340, 13
1357, 868.970, 43.840, 13
1358, 868.970, 52.340, 13
1359, 868.970, 60.840, 13
1360, 868.970, 69.340, 13
1361, 868.970, 77.840, 13
1362, 868.970, 86.340, 13
1363, 868.970, 94.840, 13
1364, 868.970, 103.340, 13
1365, 868.970, 111.840, 13
1366, 868.970, 120.340, 13
1367, 868.970, 128.840, 13
1368, 868.970, 137.340, 4
1369, 868.970, 145.840, 4
1370, 868.970, 154.340, 4
1371, 868.970, 162.840, 4
1372, 868.970, 171.340, 4
1373, 868.970, 179.840, 4
1374, 868.970, 188.340, 4
1375, 868.970, 196.840, 16
1376, 868.970, 205.340, 16
1377, 868.970, 213.840, 16
1378, 868.970, 222.340, 16
1379, 868.970, 230.840, 16
1380, 868.970, 239.340, 16
1381, 868.970, 247.840, 16
1382, 868.970, 256.340, 16
1383, 868.970, 264.840, 16
1384, 868.970, 273.340, 16
1385, 868.970, 281.840, 15
1386, 868.970, 290.340, 15
1387, 868.970, 298.840, 15
1388, 868.970, 307.340, 15
1389, 868.970, 315.840, 15
1390, 868.970, 324.340, 15
1391, 868.970, 332.840, 15
1392, 868.970, 341.340, 15
1393, 868.970, 349.840, 15
1394, 868.970, 358.340, 15
1395, 868.970, 366.840, 15
1396, 868.970, 375.340, 18
1397, 868.970, 383.840, 18
1398, 868.970, 392.340, 18
1399, 868.970, 400.840, 18
1400, 868.970, 409.340, 18
1401, 868.970, 417.840, 18
1402, 868.970, 426.340, 18
1403, 868.970, 434.840, 18
1404, 868.970, 443.340, 18
1405, 868.970, 451.840, 18
1406, 868.970, 460.340, 18
1407, 889.840, 43.840, 13
1408, 889.840, 52.340, 13
1409, 889.840, 60.840, 13
1410, 889.840, 69.340, 13
1411, 889.840, 77.840, 13
1412, 889.840, 86.340, 13
1413, 889.840, 94.840, 13
1414, 889.840, 103.340, 10
1415, 889.840, 111.840, 10
1416, 889.840, 120.340, 10
1417, 889.840, 128.840, 10
1418, 889.840, 137.340, 4
1419, 889.840, 145.840, 4
1420, 889.840, 154.340, 4
1421, 889.840, 162.840, 4
1422, 889.840, 171.340, 4
1423, 889.840, 179.840, 4
1424, 889.840, 188.340, 4
1425, 889.840, 196.840, 16
1426, 889.840, 205.340, 16
1427, 889.840, 213.840, 16
1428, 889.840, 222.340, 16
1429, 889.840, 230.840, 16
1430, 889.840, 239.340, 16
1431, 889.840, 247.840, 16
1432, 889.840, 256.340, 16
1433, 889.840, 264.840, 16
1434, 889.840, 273.340, 16
1435, 889.840, 281.840, 15
1436, 889.840, 290.340, 15
1437, 889.840, 298.840, 15
1438, 889.840, 307.340, 15
1439, 889.840, 315.840, 15
1440, 889.840, 324.340, 15
1441, 889.840, 332.840, 15
1442, 889.840, 341.340, 15
1443, 889.840, 349.840, 15
1444, 889.840, 358.340, 15
1445, 889.840, 366.840, 15
1446, 889.840, 375.340, 18
1447, 889.840, 383.840, 18
1448, 889.840, 392.340, 18
1449, 889.840, 400.840, 18
1450, 889.840, 409.340, 18
1451, 889.840, 417.840, 18
1452, 889.840, 426.340, 18
1453, 889.840, 434.840, 18
1454, 889.840, 443.340, 18
1455, 889.840, 451.840, 18
1456, 889.840, 460.340, 18
1457, 910.710, 43.840, 10
1458, 910.710, 52.340, 10
1459, 910.710, 60.840, 10
1460, 910.710, 69.340, 10
1461, 910.710, 77.840, 10
1462, 910.710, 86.340, 10
1463, 910.710, 94.840, 10
1464, 910.710, 103.340, 10
1465, 910.710, 111.840, 10
1466, 910.710, 120.340, 10
1467, 910.710, 128.840, 10
1468, 910.710, 137.340, 4
1469, 910.710, 145.840, 4
1470, 910.710, 154.340, 4
1471, 910.710, 162.840, 4
1472, 910.710, 171.340, 4
1473, 910.710, 179.840, 4
1474, 910.710, 188.340, 4
1475, 910.710, 196.840, 16
1476, 910.710, 205.340, 16
1477, 910.710, 213.840, 16
1478, 910.710, 222.340, 16
1479, 910.710, 230.840, 16
1480, 910.710, 239.340, 16
1481, 910.710, 247.840, 16
1482, 910.710, 256.340, 16
1483, 910.710, 264.840, 16
1484, 910.710, 273.340, 16
1485, 910.710, 281.840, 15
1486, 910.710, 290.340, 15
1487, 910.710, 298.840, 15
1488, 910.710, 307.340, 15
1489, 910.710, 315.840, 15
1490, 910.710, 324.340, 15
1491, 910.710, 332.840, 15
1492, 910.710, 341.340, 15
1493, 910.710, 349.840, 15
1494, 910.710, 358.340, 15
1495, 910.710, 366.840, 15
1496, 910.710, 375.340, 18
1497, 910.710, 383.840, 18
1498, 910.710, 392.340, 18
1499, 910.710, 400.840, 18
1500, 910.710, 409.340, 18
1501, 910.710, 417.840, 18
1502, 910.710, 426.340, 18
1503, 910.710, 434.840, 18
1504, 910.710, 443.340, 18
1505, 910.710, 451.840, 18
1506, 910.710, 460.340, 18
1507, 931.580, 43.840, 10
1508, 931.580, 52.340, 10
1509, 931.580, 60.840, 10
1510, 931.580, 69.340, 10
1511, 931.580, 77.840, 10
1512, 931.580, 86.340, 10
1513, 931.580, 94.840, 10
1514, 931.580, 103.340, 10
1515, 931.580, 111.840, 10
1516, 931.580, 120.340, 10
1517, 931.580, 128.840, 10
1518, 931.580, 137.340, 4
1519, 931.580, 145.840, 4
1520, 931.580, 154.340, 4
1521, 931.580, 162.840, 4
1522, 931.580, 171.340, 4
1523, 931.580, 179.840, 4
1524, 931.580, 188.340, 4
1525, 931.580, 196.840, 16
1526, 931.580, 205.340, 16
1527, 931.580, 213.840, 16
1528, 931.580, 222.340, 16
1529, 931.580, 230.840, 16
1530, 931.580, 239.340, 16
1531, 931.580, 247.840, 16
1532, 931.580, 256.340, 16
1533, 931.580, 264.840, 16
1534, 931.580, 273.340, 16
1535, 931.580, 281.840, 15
1536, 931.580, 290.340, 15
1537, 931.580, 298.840, 15
1538, 931.580, 307.340, 15
1539, 931.580, 315.840, 15
1540, 931.580, 324.340, 15
1541, 931.580, 332.840, 15
1542, 931.580, 341.340, 15
1543, 931.580, 349.840, 15
1544, 931.580, 358.340, 15
1545, 931.580, 366.840, 15
1546, 931.580, 375.340, 18
1547, 931.580, 383.840, 18
1548, 931.580, 392.340, 18
1549, 931.580, 400.840, 18
1550, 931.580, 409.340, 18
1551, 931.580, 417.840, 18
1552, 931.580, 426.340, 18
1553, 931.580, 434.840, 18
1554, 931.580, 443.340, 18
1555, 931.580, 451.840, 18
1556, 931.580, 460.340, 18
1557, 952.450, 52.340, 10
1558, 952.450, 60.840, 10
1559, 952.450, 69.340, 10
1560, 952.450, 77.840, 10
1561, 952.450, 86.340, 10
1562, 952.450, 94.840, 10
1563, 952.450, 103.340, 10
1564, 952.450, 111.840, 10
1565, 952.450, 120.340, 10
1566, 952.450, 128.840, 10
1567, 952.450, 137.340, 4
1568, 952.450, 145.840, 4
1569, 952.450, 154.340, 4
1570, 952.450, 162.840, 4
1571, 952.450, 171.340, 4
1572, 952.450, 179.840, 4
1573, 952.450, 188.340, 4
1574, 952.450, 196.840, 16
1575, 952.450, 205.340, 16
1576, 952.450, 213.840, 16
1577, 952.450, 222.340, 16
1578, 952.450, 230.840, 16
1579, 952.450, 239.340, 16
1580, 952.450, 247.840, 16
1581, 952.450, 256.340, 16
1582, 952.450, 264.840, 16
1583, 952.450, 273.340, 16
1584, 952.450, 281.840, 15
1585, 952.450, 290.340, 15
1586, 952.450, 298.840, 15
1587, 952.450, 307.340, 15
1588, 952.450, 315.840, 15
1589, 952.450, 324.340, 15
1590, 952.450, 332.840, 15
1591, 952.450, 341.340, 15
1592, 952.450, 349.840, 2
1593, 952.450, 358.340, 2
1594, 952.450, 366.840, 2
1595, 952.450, 375.340, 18
1596, 952.450, 383.840, 18
1597, 952.450, 392.340, 18
1598, 952.450, 400.840, 18
1599, 952.450, 409.340, 18
1600, 952.450, 417.840, 18
1601, 952.450, 426.340, 18
1602, 952.450, 434.840, 18
1603, 952.450, 443.340, 18
1604, 952.450, 451.840, 18
1605, 952.450, 460.340, 18
1606, 973.320, 52.340, 10
1607, 973.320, 60.840, 10
1608, 973.320, 69.340, 10
1609, 973.320, 77.840, 10
1610, 973.320, 86.340, 10
1611, 973.320, 94.840, 10
1612, 973.320, 103.340, 10
1613, 973.320, 111.840, 10
1614, 973.320, 120.340, 10
1615, 973.320, 128.840, 10
1616, 973.320, 137.340, 4
1617, 973.320, 145.840, 4
1618, 973.320, 154.340, 4
1619, 973.320, 162.840, 4
1620, 973.320, 171.340, 4
1621, 973.320, 179.840, 4
1622, 973.320, 188.340, 5
1623, 973.320, 196.840, 5
1624, 973.320, 205.340, 16
1625, 973.320, 213.840, 16
1626, 973.320, 222.340, 16
1627, 973.320, 230.840, 16
1628, 973.320, 239.340, 16
1629, 973.320, 247.840, 16
1630, 973.320, 256.340, 16
1631, 973.320, 264.840, 16
1632, 973.320, 273.340, 16
1633, 973.320, 281.840, 2
1634, 973.320, 290.340, 2
1635, 973.320, 298.840, 2
1636, 973.320, 307.340, 2
1637, 973.320, 315.840, 2
1638, 973.320, 324.340, 2
1639, 973.320, 332.840, 2
1640, 973.320, 341.340, 2
1641, 973.320, 349.840, 2
1642, 973.320, 358.340, 2
1643, 973.320, 366.840, 2
1644, 973.320, 375.340, 18
1645, 973.320, 383.840, 18
1646, 973.320, 392.340, 18
1647, 973.320, 400.840, 18
1648, 973.320, 409.340, 18
1649, 973.320, 417.840, 18
1650, 973.320, 426.340, 18
1651, 973.320, 434.840, 18
1652, 973.320, 443.340, 18
1653, 973.320, 451.840, 18
1654, 973.320, 460.340, 18
1655, 994.190, 60.840, 10
1656, 994.190, 69.340, 10
1657, 994.190, 77.840, 10
1658, 994.190, 86.340, 10
1659, 994.190, 94.840, 10
1660, 994.190, 103.340, 10
1661, 994.190, 111.840, 10
1662, 994.190, 120.340, 10
1663, 994.190, 128.840, 10
1664, 994.190, 137.340, 5
1665, 994.190, 145.840, 5
1666, 994.190, 154.340, 5
1667, 994.190, 162.840, 5
1668, 994.190, 171.340, 5
1669, 994.190, 179.840, 5
1670, 994.190, 188.340, 5
1671, 994.190, 196.840, 5
1672, 994.190, 205.340, 5
1673, 994.190, 213.840, 16
1674, 994.190, 222.340, 16
1675, 994.190, 230.840, 16
1676, 994.190, 239.340, 16
1677, 994.190, 247.840, 16
1678, 994.190, 256.340, 16
1679, 994.190, 264.840, 16
1680, 994.190, 273.340, 16
1681, 994.190, 281.840, 2
1682, 994.190, 290.340, 2
1683, 994.190, 298.840, 2
1684, 994.190, 307.340, 2
1685, 994.190, 315.840, 2
1686, 994.190, 324.340, 2
1687, 994.190, 332.840, 2
1688, 994.190, 341.340, 2
1689, 994.190, 349.840, 2
1690, 994.190, 358.340, 2
1691, 994.190, 366.840, 2
1692, 994.190, 375.340, 18
1693, 994.190, 383.840, 18
1694, 994.190, 392.340, 18
1695, 994.190, 400.840, 18
1696, 994.190, 409.340, 18
1697, 994.190, 417.840, 18
1698, 994.190, 426.340, 18
1699, 994.190, 434.840, 18
1700, 994.190, 443.340, 18
1701, 994.190, 451.840, 18
1702, 994.190, 460.340, 18
1703, 1015.060, 60.840, 10
1704, 1015.060, 69.340, 10
1705, 1015.060, 77.840, 10
1706, 1015.060, 86.340, 10
1707, 1015.060, 94.840, 10
1708, 1015.060, 103.340, 10
1709, 1015.060, 111.840, 10
1710, 1015.060, 120.340, 10
1711, 1015.060, 128.840, 10
1712, 1015.060, 137.340, 5
1713, 1015.060, 145.840, 5
1714, 1015.060, 154.340, 5
1715, 1015.060, 162.840, 5
1716, 1015.060, 171.340, 5
1717, 1015.060, 179.840, 5
1718, 1015.060, 188.340, 5
1719, 1015.060, 196.840, 5
1720, 1015.060, 205.340, 5
1721, 1015.060, 213.840, 16
1722, 1015.060, 222.340, 16
1723, 1015.060, 230.840, 16
1724, 1015.060, 239.340, 16
1725, 1015.060, 247.840, 16
1726, 1015.060, 256.340, 16
1727, 1015.060, 264.840, 16
1728, 1015.060, 273.340, 16
1729, 1015.060, 281.840, 2
1730, 1015.060, 290.340, 2
1731, 1015.060, 298.840, 2
1732, 1015.060, 307.340, 2
1733, 1015.060, 315.840, 2
1734, 1015.060, 324.340, 2
1735, 1015.060, 332.840, 2
1736, 1015.060, 341.340, 2
1737, 1015.060, 349.840, 2
1738, 1015.060, 358.340, 2
1739, 1015.060, 366.840, 11
1740, 1015.060, 375.340, 11
1741, 1015.060, 383.840, 11
1742, 1015.060, 392.340, 11
1743, 1015.060, 400.840, 11
1744, 1015.060, 409.340, 11
1745, 1015.060, 417.840, 11
1746, 1015.060, 426.340, 11
1747, 1015.060, 434.840, 11
1748, 1015.060, 443.340, 11
1749, 1015.060, 451.840, 11
1750, 1035.930, 60.840, 10
1751, 1035.930, 69.340, 10
1752, 1035.930, 77.840, 10
1753, 1035.930, 86.340, 10
1754, 1035.930, 94.840, 10
1755, 1035.930, 103.340, 10
1756, 1035.930, 111.840, 10
1757, 1035.930, 120.340, 10
1758, 1035.930, 128.840, 10
1759, 1035.930, 137.340, 5
1760, 1035.930, 145.840, 5
1761, 1035.930, 154.340, 5
1762, 1035.930, 162.840, 5
1763, 1035.930, 171.340, 5
1764, 1035.930, 179.840, 5
1765, 1035.930, 188.340, 5
1766, 1035.930, 196.840, 5
1767, 1035.930, 205.340, 5
1768, 1035.930, 213.840, 16
1769, 1035.930, 222.340, 16
1770, 1035.930, 230.840, 16
1771, 1035.930, 239.340, 16
1772, 1035.930, 247.840, 16
1773, 1035.930, 256.340, 16
1774, 1035.930, 264.840, 16
1775, 1035.930, 273.340, 16
1776, 1035.930, 281.840, 2
1777, 1035.930, 290.340, 2
1778, 1035.930, 298.840, 2
1779, 1035.930, 307.340, 2
1780, 1035.930, 315.840, 2
1781, 1035.930, 324.340, 2
1782, 1035.930, 332.840, 2
1783, 1035.930, 341.340, 2
1784, 1035.930, 349.840, 2
1785, 1035.930, 358.340, 2
1786, 1035.930, 366.840, 11
1787, 1035.930, 375.340, 11
1788, 1035.930, 383.840, 11
1789, 1035.930, 392.340, 11
1790, 1035.930, 400.840, 11
1791, 1035.930, 409.340, 11
1792, 1035.930, 417.840, 11
1793, 1035.930, 426.340, 11
1794, 1035.930, 434.840, 11
1795, 1035.930, 443.340, 11
1796, 1035.930, 451.840, 11
1797, 1056.800, 69.340, 10
1798, 1056.800, 77.840, 10
1799, 1056.800, 86.340, 10
1800, 1056.800, 94.840, 10
1801, 1056.800, 103.340, 10
1802, 1056.800, 111.840, 10
1803, 1056.800, 120.340, 10
1804, 1056.800, 128.840, 10
1805, 1056.800, 137.340, 5
1806, 1056.800, 145.840, 5
1807, 1056.800, 154.340, 5
1808, 1056.800, 162.840, 5
1809, 1056.800, 171.340, 5
1810, 1056.800, 179.840, 5
1811, 1056.800, 188.340, 5
1812, 1056.800, 196.840, 5
1813, 1056.800, 205.340, 5
1814, 1056.800, 213.840, 16
1815, 1056.800, 222.340, 16
1816, 1056.800, 230.840, 16
1817, 1056.800, 239.340, 16
1818, 1056.800, 247.840, 16
1819, 1056.800, 256.340, 16
1820, 1056.800, 264.840, 16
1821, 1056.800, 273.340, 16
1822, 1056.800, 281.840, 2
1823, 1056.800, 290.340, 2
1824, 1056.800, 298.840, 2
1825, 1056.800, 307.340, 2
1826, 1056.800, 315.840, 2
1827, 1056.800, 324.340, 2
1828, 1056.800, 332.840, 2
1829, 1056.800, 341.340, 2
1830, 1056.800, 349.840, 2
1831, 1056.800, 358.340, 2
1832, 1056.800, 366.840, 11
1833, 1056.800, 375.340, 11
1834, 1056.800, 383.840, 11
1835, 1056.800, 392.340, 11
1836, 1056.800, 400.840, 11
1837, 1056.800, 409.340, 11
1838, 1056.800, 417.840, 11
1839, 1056.800, 426.340, 11
1840, 1056.800, 434.840, 11
1841, 1056.800, 443.340, 11
1842, 1056.800, 451.840, 11
1843, 1077.670, 69.340, 10
1844, 1077.670, 77.840, 10
1845, 1077.670, 86.340, 10
1846, 1077.670, 94.840, 10
1847, 1077.670, 103.340, 10
1848, 1077.670, 111.840, 10
1849, 1077.670, 120.340, 10
1850, 1077.670, 128.840, 5
1851, 1077.670, 137.340, 5
1852, 1077.670, 145.840, 5
1853, 1077.670, 154.340, 5
1854, 1077.670, 162.840, 5
1855, 1077.670, 171.340, 5
1856, 1077.670, 179.840, 5
1857, 1077.670, 188.340, 5
1858, 1077.670, 196.840, 5
1859, 1077.670, 205.340, 5
1860, 1077.670, 213.840, 1
1861, 1077.670, 222.340, 1
1862, 1077.670, 230.840, 1
1863, 1077.670, 239.340, 1
1864, 1077.670, 247.840, 1
1865, 1077.670, 256.340, 1
1866, 1077.670, 264.840, 1
1867, 1077.670, 273.340, 1
1868, 1077.670, 281.840, 2
1869, 1077.670, 290.340, 2
1870, 1077.670, 298.840, 2
1871, 1077.670, 307.340, 2
1872, 1077.670, 315.840, 2
1873, 1077.670, 324.340, 2
1874, 1077.670, 332.840, 2
1875, 1077.670, 341.340, 2
1876, 1077.670, 349.840, 2
1877, 1077.670, 358.340, 2
1878, 1077.670, 366.840, 11
1879, 1077.670, 375.340, 11
1880, 1077.670, 383.840, 11
1881, 1077.670, 392.340, 11
1882, 1077.670, 400.840, 11
1883, 1077.670, 409.340, 11
1884, 1077.670, 417.840, 11
1885, 1077.670, 426.340, 11
1886, 1077.670, 434.840, 11
1887, 1077.670, 443.340, 11
1888, 1077.670, 451.840, 11
1889, 1098.540, 69.340, 10
1890, 1098.540, 77.840, 10
1891, 1098.540, 86.340, 10
1892, 1098.540, 94.840, 10
1893, 1098.540, 103.340, 10
1894, 1098.540, 111.840, 10
1895, 1098.540, 120.340, 10
1896, 1098.540, 128.840, 5
1897, 1098.540, 137.340, 5
1898, 1098.540, 145.840, 5
1899, 1098.540, 154.340, 5
1900, 1098.540, 162.840, 5
1901, 1098.540, 171.340, 5
1902, 1098.540, 179.840, 5
1903, 1098.540, 188.340, 5
1904, 1098.540, 196.840, 5
1905, 1098.540, 205.340, 1
1906, 1098.540, 213.840, 1
1907, 1098.540, 222.340, 1
1908, 1098.540, 230.840, 1
1909, 1098.540, 239.340, 1
1910, 1098.540, 247.840, 1
1911, 1098.540, 256.340, 1
1912, 1098.540, 264.840, 1
1913, 1098.540, 273.340, 1
1914, 1098.540, 281.840, 2
1915, 1098.540, 290.340, 2
1916, 1098.540, 298.840, 2
1917, 1098.540, 307.340, 2
1918, 1098.540, 315.840, 2
1919, 1098.540, 324.340, 2
1920, 1098.540, 332.840, 2
1921, 1098.540, 341.340, 2
1922, 1098.540, 349.840, 2
1923, 1098.540, 358.340, 2
1924, 1098.540, 366.840, 11
1925, 1098.540, 375.340, 11
1926, 1098.540, 383.840, 11
1927, 1098.540, 392.340, 11
1928, 1098.540, 400.840, 11
1929, 1098.540, 409.340, 11
1930, 1098.540, 417.840, 11
1931, 1098.540, 426.340, 11
1932, 1098.540, 434.840, 11
1933, 1098.540, 443.340, 11
1934, 1098.540, 451.840, 11
1935, 1119.410, 86.340, 10
1936, 1119.410, 94.840, 10
1937, 1119.410, 103.340, 10
1938, 1119.410, 111.840, 10
1939, 1119.410, 120.340, 10
1940, 1119.410, 128.840, 5
1941, 1119.410, 137.340, 5
1942, 1119.410, 145.840, 5
1943, 1119.410, 154.340, 5
1944, 1119.410, 162.840, 5
1945, 1119.410, 171.340, 5
1946, 1119.410, 179.840, 5
1947, 1119.410, 188.340, 5
1948, 1119.410, 196.840, 5
1949, 1119.410, 205.340, 1
1950, 1119.410, 213.840, 1
1951, 1119.410, 222.340, 1
1952, 1119.410, 230.840, 1
1953, 1119.410, 239.340, 1
1954, 1119.410, 247.840, 1
1955, 1119.410, 256.340, 1
1956, 1119.410, 264.840, 1
1957, 1119.410, 273.340, 1
1958, 1119.410, 281.840, 2
1959, 1119.410, 290.340, 2
1960, 1119.410, 298.840, 2
1961, 1119.410, 307.340, 2
1962, 1119.410, 315.840, 2
1963, 1119.410, 324.340, 2
1964, 1119.410, 332.840, 2
1965, 1119.410, 341.340, 2
1966, 1119.410, 349.840, 2
1967, 1119.410, 358.340, 2
1968, 1119.410, 366.840, 11
1969, 1119.410, 375.340, 11
1970, 1119.410, 383.840, 11
1971, 1119.410, 392.340, 11
1972, 1119.410, 400.840, 11
1973, 1119.410, 409.340, 11
1974, 1119.410, 417.840, 11
1975, 1119.410, 426.340, 11
1976, 1119.410, 434.840, 11
1977, 1119.410, 443.340, 11
1978, 1119.410, 451.840, 11
1979, 1140.280, 94.840, 10
1980, 1140.280, 103.340, 10
1981, 1140.280, 111.840, 10
1982, 1140.280, 120.340, 10
1983, 1140.280, 128.840, 5
1984, 1140.280, 137.340, 5
1985, 1140.280, 145.840, 5
1986, 1140.280, 154.340, 5
1987, 1140.280, 162.840, 5
1988, 1140.280, 171.340, 5
1989, 1140.280, 179.840, 5
1990, 1140.280, 188.340, 5
1991, 1140.280, 196.840, 5
1992, 1140.280, 205.340, 1
1993, 1140.280, 213.840, 1
1994, 1140.280, 222.340, 1
1995, 1140.280, 230.840, 1
1996, 1140.280, 239.340, 1
1997, 1140.280, 247.840, 1
1998, 1140.280, 256.340, 1
1999, 1140.280, 264.840, 1
2000, 1140.280, 273.340, 1
2001, 1140.280, 281.840, 2
2002, 1140.280, 290.340, 2
2003, 1140.280, 298.840, 2
2004, 1140.280, 307.340, 2
2005, 1140.280, 315.840, 2
2006, 1140.280, 324.340, 2
2007, 1140.280, 332.840, 2
2008, 1140.280, 341.340, 2
2009, 1140.280, 349.840, 2
2010, 1140.280, 358.340, 2
2011, 1140.280, 366.840, 11
2012, 1140.280, 375.340, 11
2013, 1140.280, 383.840, 11
2014, 1140.280, 392.340, 11
2015, 1140.280, 400.840, 11
2016, 1140.280, 409.340, 11
2017, 1140.280, 417.840, 11
2018, 1140.280, 426.340, 11
2019, 1140.280, 434.840, 11
2020, 1140.280, 443.340, 11
2021, 1161.150, 103.340, 10
2022, 1161.150, 111.840, 10
2023, 1161.150, 120.340, 10
2024, 1161.150, 128.840, 5
2025, 1161.150, 137.340, 5
2026, 1161.150, 145.840, 5
2027, 1161.150, 154.340, 5
2028, 1161.150, 162.840, 5
2029, 1161.150, 171.340, 5
2030, 1161.150, 179.840, 5
2031, 1161.150, 188.340, 5
2032, 1161.150, 196.840, 5
2033, 1161.150, 205.340, 1
2034, 1161.150, 213.840, 1
2035, 1161.150, 222.340, 1
2036, 1161.150, 230.840, 1
2037, 1161.150, 239.340, 1
2038, 1161.150, 247.840, 1
2039, 1161.150, 256.340, 1
2040, 1161.150, 264.840, 1
2041, 1161.150, 273.340, 1
2042, 1161.150, 281.840, 2
2043, 1161.150, 290.340, 2
2044, 1161.150, 298.840, 2
2045, 1161.150, 307.340, 2
2046, 1161.150, 315.840, 2
2047, 1161.150, 324.340, 2
2048, 1161.150, 332.840, 2
2049, 1161.150, 341.340, 2
2050, 1161.150, 349.840, 2
2051, 1161.150, 358.340, 2
2052, 1161.150, 366.840, 11
2053, 1161.150, 375.340, 11
2054, 1161.150, 383.840, 11
2055, 1161.150, 392.340, 11
2056, 1161.150, 400.840, 11
2057, 1161.150, 409.340, 11
2058, 1161.150, 417.840, 11
2059, 1161.150, 426.340, 11
2060, 1161.150, 434.840, 11
2061, 1161.150, 443.340, 11
2062, 1182.020, 111.840, 10
2063, 1182.020, 120.340, 10
2064, 1182.020, 128.840, 5
2065, 1182.020, 137.340, 5
2066, 1182.020, 145.840, 5
2067, 1182.020, 154.340, 5
2068, 1182.020, 162.840, 5
2069, 1182.020, 171.340, 5
2070, 1182.020, 179.840, 5
2071, 1182.020, 188.340, 5
2072, 1182.020, 196.840, 5
2073, 1182.020, 205.340, 1
2074, 1182.020, 213.840, 1
2075, 1182.020, 222.340, 1
2076, 1182.020, 230.840, 1
2077, 1182.020, 239.340, 1
2078, 1182.020, 247.840, 1
2079, 1182.020, 256.340, 1
2080, 1182.020, 264.840, 1
2081, 1182.020, 273.340, 1
2082, 1182.020, 281.840, 1
2083, 1182.020, 290.340, 2
2084, 1182.020, 298.840, 2
2085, 1182.020, 307.340, 2
2086, 1182.020, 315.840, 2
2087, 1182.020, 324.340, 7
2088, 1182.020, 332.840, 7
2089, 1182.020, 341.340, 7
2090, 1182.020, 349.840, 7
2091, 1182.020, 358.340, 7
2092, 1182.020, 366.840, 11
2093, 1182.020, 375.340, 11
2094, 1182.020, 383.840, 11
2095, 1182.020, 392.340, 11
2096, 1182.020, 400.840, 11
2097, 1182.020, 409.340, 11
2098, 1182.020, 417.840, 11
2099, 1182.020, 426.340, 11
2100, 1182.020, 434.840, 11
2101, 1182.020, 443.340, 11
2102, 1202.890, 137.340, 5
2103, 1202.890, 145.840, 5
2104, 1202.890, 154.340, 5
2105, 1202.890, 162.840, 5
2106, 1202.890, 171.340, 5
2107, 1202.890, 179.840, 5
2108, 1202.890, 188.340, 5
2109, 1202.890, 196.840, 5
2110, 1202.890, 205.340, 1
2111, 1202.890, 213.840, 1
2112, 1202.890, 222.340, 1
2113, 1202.890, 230.840, 1
2114, 1202.890, 239.340, 1
2115, 1202.890, 247.840, 1
2116, 1202.890, 256.340, 1
2117, 1202.890, 264.840, 1
2118, 1202.890, 273.340, 1
2119, 1202.890, 281.840, 1
2120, 1202.890, 290.340, 7
2121, 1202.890, 298.840, 7
2122, 1202.890, 307.340, 7
2123, 1202.890, 315.840, 7
2124, 1202.890, 324.340, 7
2125, 1202.890, 332.840, 7
2126, 1202.890, 341.340, 7
2127, 1202.890, 349.840, 7
2128, 1202.890, 358.340, 7
2129, 1202.890, 366.840, 11
2130, 1202.890, 375.340, 11
2131, 1202.890, 383.840, 11
2132, 1202.890, 392.340, 11
2133, 1202.890, 400.840, 11
2134, 1202.890, 409.340, 11
2135, 1202.890, 417.840, 11
2136, 1202.890, 426.340, 11
2137, 1223.760, 162.840, 5
2138, 1223.760, 171.340, 5
2139, 1223.760, 179.840, 5
2140, 1223.760, 188.340, 5
2141, 1223.760, 196.840, 5
2142, 1223.760, 205.340, 1
2143, 1223.760, 213.840, 1
2144, 1223.760, 222.340, 1
2145, 1223.760, 230.840, 1
2146, 1223.760, 239.340, 1
2147, 1223.760, 247.840, 1
2148, 1223.760, 256.340, 1
2149, 1223.760, 264.840, 1
2150, 1223.760, 273.340, 1
2151, 1223.760, 281.840, 1
2152, 1223.760, 290.340, 7
2153, 1223.760, 298.840, 7
2154, 1223.760, 307.340, 7
2155, 1223.760, 315.840, 7
2156, 1223.760, 324.340, 7
2157, 1223.760, 332.840, 7
2158, 1223.760, 341.340, 7
2159, 1223.760, 349.840, 7
2160, 1223.760, 358.340, 7
2161, 1223.760, 366.840, 7
2162, 1223.760, 375.340, 7
2163, 1223.760, 383.840, 7
2164, 1223.760, 392.340, 11
2165, 1223.760, 400.840, 11
2166, 1223.760, 409.340, 11
2167, 1223.760, 417.840, 11
2168, 1244.630, 179.840, 5
2169, 1244.630, 188.340, 5
2170, 1244.630, 196.840, 5
2171, 1244.630, 205.340, 1
2172, 1244.630, 213.840, 1
2173, 1244.630, 222.340, 1
2174, 1244.630, 230.840, 1
2175, 1244.630, 239.340, 1
2176, 1244.630, 247.840, 1
2177, 1244.630, 256.340, 1
2178, 1244.630, 264.840, 1
2179, 1244.630, 273.340, 1
2180, 1244.630, 281.840, 1
2181, 1244.630, 290.340, 7
2182, 1244.630, 298.840, 7
2183, 1244.630, 307.340, 7
2184, 1244.630, 315.840, 7
2185, 1244.630, 324.340, 7
2186, 1244.630, 332.840, 7
2187, 1244.630, 341.340, 7
2188, 1244.630, 349.840, 7
2189, 1244.630, 358.340, 7
2190, 1244.630, 366.840, 7
2191, 1244.630, 375.340, 7
2192, 1244.630, 383.840, 7
2193, 1244.630, 392.340, 7
2194, 1244.630, 400.840, 7
2195, 1244.630, 409.340, 11
2196, 1265.500, 205.340, 1
2197, 1265.500, 213.840, 1
2198, 1265.500, 222.340, 1
2199, 1265.500, 230.840, 1
2200, 1265.500, 239.340, 1
2201, 1265.500, 247.840, 1
2202, 1265.500, 256.340, 1
2203, 1265.500, 264.840, 1
2204, 1265.500, 273.340, 1
2205, 1265.500, 281.840, 1
2206, 1265.500, 290.340, 7
2207, 1265.500, 298.840, 7
2208, 1265.500, 307.340, 7
2209, 1265.500, 315.840, 7
2210, 1265.500, 324.340, 7
2211, 1265.500, 332.840, 7
2212, 1265.500, 341.340, 7
2213, 1265.500, 349.840, 7
2214, 1265.500, 358.340, 7
2215, 1265.500, 366.840, 7
2216, 1265.500, 375.340, 7
2217, 1265.500, 383.840, 7
2218, 1265.500, 392.340, 7
2219, 1265.500, 400.840, 7
2220, 1286.370, 222.340, 1
2221, 1286.370, 230.840, 1
2222, 1286.370, 239.340, 1
2223, 1286.370, 247.840, 1
2224, 1286.370, 256.340, 1
2225, 1286.370, 264.840, 1
2226, 1286.370, 273.340, 1
2227, 1286.370, 281.840, 1
2228, 1286.370, 290.340, 7
2229, 1286.370, 298.840, 7
2230, 1286.370, 307.340, 7
2231, 1286.370, 315.840, 7
2232, 1286.370, 324.340, 7
2233, 1286.370, 332.840, 7
2234, 1286.370, 341.340, 7
2235, 1286.370, 349.840, 7
2236, 1286.370, 358.340, 7
2237, 1286.370, 366.840, 7
2238, 1286.370, 375.340, 7
2239, 1286.370, 383.840, 7
2240, 1286.370, 392.340, 7
2241, 1307.240, 247.840, 1
2242, 1307.240, 256.340, 1
2243, 1307.240, 264.840, 1
2244, 1307.240, 273.340, 1
2245, 1307.240, 281.840, 1
2246, 1307.240, 290.340, 7
2247, 1307.240, 298.840, 7
2248, 1307.240, 307.340, 7
2249, 1307.240, 315.840, 7
2250, 1307.240, 324.340, 7
2251, 1307.240, 332.840, 7
2252, 1307.240, 341.340, 7
2253, 1307.240, 349.840, 7
2254, 1307.240, 358.340, 7
2255, 1307.240, 366.840, 7
2256, 1307.240, 375.340, 7
2257, 1307.240, 383.840, 7
2258, 1328.110, 273.340, 1
2259, 1328.110, 281.840, 1
2260, 1328.110, 290.340, 7
2261, 1328.110, 298.840, 7
2262, 1328.110, 307.340, 7
2263, 1328.110, 315.840, 7
2264, 1328.110, 324.340, 7
2265, 1328.110, 332.840, 7
2266, 1328.110, 341.340, 7
2267, 1328.110, 349.840, 7
2268, 1328.110, 358.340, 7
2269, 1328.110, 366.840, 7
2270, 1328.110, 375.340, 7
2271, 1348.980, 290.340, 7
2272, 1348.980, 298.840, 7
2273, 1348.980, 307.340, 7
2274, 1348.980, 315.840, 7
2275, 1348.980, 324.340, 7
2276, 1348.980, 332.840, 7
2277, 1348.980, 341.340, 7
2278, 1348.980, 349.840, 7
2279, 1348.980, 358.340, 7
2280, 1348.980, 366.840, 7
2281, 1369.850, 315.840, 7
2282, 1369.850, 324.340, 7
2283, 1369.850, 332.840, 7
2284, 1369.850, 341.340, 7
2285, 1369.850, 349.840, 7
2286, 1369.850, 358.340, 7
2287, 1390.720, 332.840, 7
2288, 1390.720, 341.340, 7
2289, 1390.720, 349.840, 7
