1, 213.320, 89.450, 22
2, 213.320, 97.950, 22
3, 213.320, 106.450, 22
4, 213.320, 114.950, 22
5, 213.320, 123.450, 22
6, 213.320, 131.950, 22
7, 213.320, 140.450, 22
8, 213.320, 148.950, 22
9, 213.320, 157.450, 22
10, 213.320, 165.950, 22
11, 213.320, 174.450, 22
12, 213.320, 182.950, 22
13, 213.320, 191.450, 22
14, 213.320, 199.950, 22
15, 213.320, 208.450, 22
16, 213.320, 216.950, 22
17, 213.320, 225.450, 8
18, 213.320, 233.950, 8
19, 213.320, 242.450, 8
20, 213.320, 250.950, 8
21, 213.320, 259.450, 8
22, 213.320, 267.950, 8
23, 213.320, 276.450, 8
24, 213.320, 284.950, 8
25, 213.320, 293.450, 8
26, 213.320, 301.950, 8
27, 213.320, 310.450, 8
28, 213.320, 318.950, 8
29, 213.320, 327.450, 8
30, 213.320, 335.950, 8
31, 213.320, 344.450, 8
32, 234.190, 89.450, 22
33, 234.190, 97.950, 22
34, 234.190, 106.450, 22
35, 234.190, 114.950, 22
36, 234.190, 123.450, 22
37, 234.190, 131.950, 22
38, 234.190, 140.450, 22
39, 234.190, 148.950, 22
40, 234.190, 157.450, 22
41, 234.190, 165.950, 22
42, 234.190, 174.450, 22
43, 234.190, 182.950, 22
44, 234.190, 191.450, 22
45, 234.190, 199.950, 22
46, 234.190, 208.450, 22
47, 234.190, 216.950, 22
48, 234.190, 225.450, 8
49, 234.190, 233.950, 8
50, 234.190, 242.450, 8
51, 234.190, 250.950, 8
52, 234.190, 259.450, 8
53, 234.190, 267.950, 8
54, 234.190, 276.450, 8
55, 234.190, 284.950, 8
56, 234.190, 293.450, 8
57, 234.190, 301.950, 8
58, 234.190, 310.450, 8
59, 234.190, 318.950, 8
60, 234.190, 327.450, 8
61, 234.190, 335.950, 8
62, 234.190, 344.450, 8
63, 234.190, 352.950, 8
64, 255.060, 89.450, 22
65, 255.060, 97.950, 22
66, 255.060, 106.450, 22
67, 255.060, 114.950, 22
68, 255.060, 123.450, 22
69, 255.060, 131.950, 22
70, 255.060, 140.450, 22
71, 255.060, 148.950, 22
72, 255.060, 157.450, 22
73, 255.060, 165.950, 22
74, 255.060, 174.450, 22
75, 255.060, 182.950, 22
76, 255.060, 191.450, 22
77, 255.060, 199.950, 22
78, 255.060, 208.450, 22
79, 255.060, 216.950, 22
80, 255.060, 225.450, 8
81, 255.060, 233.950, 8
82, 255.060, 242.450, 8
83, 255.060, 250.950, 8
84, 255.060, 259.450, 8
85, 255.060, 267.950, 8
86, 255.060, 276.450, 8
87, 255.060, 284.950, 8
88, 255.060, 293.450, 8
89, 255.060, 301.950, 8
90, 255.060, 310.450, 8
91, 255.060, 318.950, 8
92, 255.060, 327.450, 8
93, 255.060, 335.950, 8
94, 255.060, 344.450, 8
95, 255.060, 352.950, 8
96, 275.930, 97.950, 22
97, 275.930, 106.450, 22
98, 275.930, 114.950, 22
99, 275.930, 123.450, 22
100, 275.930, 131.950, 22
101, 275.930, 140.450, 22
102, 275.930, 148.950, 22
103, 275.930, 157.450, 22
104, 275.930, 165.950, 22
105, 275.930, 174.450, 22
106, 275.930, 182.950, 22
107, 275.930, 191.450, 22
108, 275.930, 199.950, 22
109, 275.930, 208.450, 22
110, 275.930, 216.950, 22
111, 275.930, 225.450, 8
112, 275.930, 233.950, 8
113, 275.930, 242.450, 8
114, 275.930, 250.950, 8
115, 275.930, 259.450, 8
116, 275.930, 267.950, 8
117, 275.930, 276.450, 8
118, 275.930, 284.950, 8
119, 275.930, 293.450, 8
120, 275.930, 301.950, 8
121, 275.930, 310.450, 8
122, 275.930, 318.950, 8
123, 275.930, 327.450, 8
124, 275.930, 335.950, 8
125, 275.930, 344.450, 8
126, 275.930, 352.950, 8
127, 275.930, 361.450, 21
128, 296.800, 89.450, 22
129, 296.800, 97.950, 22
130, 296.800, 106.450, 22
131, 296.800, 114.950, 22
132, 296.800, 123.450, 22
133, 296.800, 131.950, 22
134, 296.800, 140.450, 22
135, 296.800, 148.950, 22
136, 296.800, 157.450, 22
137, 296.800, 165.950, 22
138, 296.800, 174.450, 22
139, 296.800, 182.950, 22
140, 296.800, 191.450, 22
141, 296.800, 199.950, 22
142, 296.800, 208.450, 22
143, 296.800, 216.950, 22
144, 296.800, 225.450, 8
145, 296.800, 233.950, 8
146, 296.800, 242.450, 8
147, 296.800, 250.950, 8
148, 296.800, 259.450, 8
149, 296.800, 267.950, 8
150, 296.800, 276.450, 8
151, 296.800, 284.950, 8
152, 296.800, 293.450, 8
153, 296.800, 301.950, 8
154, 296.800, 310.450, 8
155, 296.800, 318.950, 8
156, 296.800, 327.450, 8
157, 296.800, 335.950, 8
158, 296.800, 344.450, 8
159, 296.800, 352.950, 8
160, 296.800, 361.450, 21
161, 296.800, 369.950, 21
162, 317.670, 89.450, 22
163, 317.670, 97.950, 22
164, 317.670, 106.450, 22
165, 317.670, 114.950, 22
166, 317.670, 123.450, 22
167, 317.670, 131.950, 22
168, 317.670, 140.450, 22
169, 317.670, 148.950, 22
170, 317.670, 157.450, 22
171, 317.670, 165.950, 22
172, 317.670, 174.450, 22
173, 317.670, 182.950, 22
174, 317.670, 191.450, 22
175, 317.670, 199.950, 22
176, 317.670, 208.450, 22
177, 317.670, 216.950, 22
178, 317.670, 225.450, 8
179, 317.670, 233.950, 8
180, 317.670, 242.450, 8
181, 317.670, 250.950, 8
182, 317.670, 259.450, 8
183, 317.670, 267.950, 8
184, 317.670, 276.450, 8
185, 317.670, 284.950, 8
186, 317.670, 293.450, 8
187, 317.670, 301.950, 8
188, 317.670, 310.450, 8
189, 317.670, 318.950, 8
190, 317.670, 327.450, 8
191, 317.670, 335.950, 8
192, 317.670, 344.450, 8
193, 317.670, 352.950, 8
194, 317.670, 361.450, 21
195, 317.670, 369.950, 21
196, 317.670, 378.450, 21
197, 317.670, 386.950, 21
198, 338.540, 89.450, 22
199, 338.540, 97.950, 22
200, 338.540, 106.450, 22
201, 338.540, 114.950, 22
202, 338.540, 123.450, 22
203, 338.540, 131.950, 22
204, 338.540, 140.450, 22
205, 338.540, 148.950, 22
206, 338.540, 157.450, 22
207, 338.540, 165.950, 22
208, 338.540, 174.450, 22
209, 338.540, 182.950, 22
210, 338.540, 191.450, 22
211, 338.540, 199.950, 22
212, 338.540, 208.450, 18
213, 338.540, 216.950, 18
214, 338.540, 225.450, 18
215, 338.540, 233.950, 8
216, 338.540, 242.450, 8
217, 338.540, 250.950, 8
218, 338.540, 259.450, 8
219, 338.540, 267.950, 8
220, 338.540, 276.450, 8
221, 338.540, 284.950, 8
222, 338.540, 293.450, 8
223, 338.540, 301.950, 8
224, 338.540, 310.450, 8
225, 338.540, 318.950, 8
226, 338.540, 327.450, 8
227, 338.540, 335.950, 8
228, 338.540, 344.450, 8
229, 338.540, 352.950, 21
230, 338.540, 361.450, 21
231, 338.540, 369.950, 21
232, 338.540, 378.450, 21
233, 338.540, 386.950, 21
234, 338.540, 395.450, 21
235, 359.410, 80.950, 7
236, 359.410, 89.450, 7
237, 359.410, 97.950, 7
238, 359.410, 106.450, 7
239, 359.410, 114.950, 7
240, 359.410, 123.450, 7
241, 359.410, 131.950, 7
242, 359.410, 140.450, 7
243, 359.410, 148.950, 7
244, 359.410, 157.450, 18
245, 359.410, 165.950, 18
246, 359.410, 174.450, 18
247, 359.410, 182.950, 18
248, 359.410, 191.450, 18
249, 359.410, 199.950, 18
250, 359.410, 208.450, 18
251, 359.410, 216.950, 18
252, 359.410, 225.450, 18
253, 359.410, 233.950, 18
254, 359.410, 242.450, 18
255, 359.410, 250.950, 18
256, 359.410, 259.450, 18
257, 359.410, 267.950, 18
258, 359.410, 276.450, 18
259, 359.410, 284.950, 18
260, 359.410, 293.450, 18
261, 359.410, 301.950, 18
262, 359.410, 310.450, 18
263, 359.410, 318.950, 21
264, 359.410, 327.450, 21
265, 359.410, 335.950, 21
266, 359.410, 344.450, 21
267, 359.410, 352.950, 21
268, 359.410, 361.450, 21
269, 359.410, 369.950, 21
270, 359.410, 378.450, 21
271, 359.410, 386.950, 21
272, 359.410, 395.450, 21
273, 359.410, 403.950, 21
274, 380.280, 80.950, 7
275, 380.280, 89.450, 7
276, 380.280, 97.950, 7
277, 380.280, 106.450, 7
278, 380.280, 114.950, 7
279, 380.280, 123.450, 7
280, 380.280, 131.950, 7
281, 380.280, 140.450, 7
282, 380.280, 148.950, 7
283, 380.280, 157.450, 18
284, 380.280, 165.950, 18
285, 380.280, 174.450, 18
286, 380.280, 182.950, 18
287, 380.280, 191.450, 18
288, 380.280, 199.950, 18
289, 380.280, 208.450, 18
290, 380.280, 216.950, 18
291, 380.280, 225.450, 18
292, 380.280, 233.950, 18
293, 380.280, 242.450, 18
294, 380.280, 250.950, 18
295, 380.280, 259.450, 18
296, 380.280, 267.950, 18
297, 380.280, 276.450, 18
298, 380.280, 284.950, 18
299, 380.280, 293.450, 18
300, 380.280, 301.950, 18
301, 380.280, 310.450, 18
302, 380.280, 318.950, 21
303, 380.280, 327.450, 21
304, 380.280, 335.950, 21
305, 380.280, 344.450, 21
306, 380.280, 352.950, 21
307, 380.280, 361.450, 21
308, 380.280, 369.950, 21
309, 380.280, 378.450, 21
310, 380.280, 386.950, 21
311, 380.280, 395.450, 21
312, 380.280, 403.950, 21
313, 380.280, 412.450, 21
314, 401.150, 80.950, 7
315, 401.150, 89.450, 7
316, 401.150, 97.950, 7
317, 401.150, 106.450, 7
318, 401.150, 114.950, 7
319, 401.150, 123.450, 7
320, 401.150, 131.950, 7
321, 401.150, 140.450, 7
322, 401.150, 148.950, 7
323, 401.150, 157.450, 18
324, 401.150, 165.950, 18
325, 401.150, 174.450, 18
326, 401.150, 182.950, 18
327, 401.150, 191.450, 18
328, 401.150, 199.950, 18
329, 401.150, 208.450, 18
330, 401.150, 216.950, 18
331, 401.150, 225.450, 18
332, 401.150, 233.950, 18
333, 401.150, 242.450, 18
334, 401.150, 250.950, 18
335, 401.150, 259.450, 18
336, 401.150, 267.950, 18
337, 401.150, 276.450, 18
338, 401.150, 284.950, 18
339, 401.150, 293.450, 18
340, 401.150, 301.950, 18
341, 401.150, 310.450, 18
342, 401.150, 318.950, 21
343, 401.150, 327.450, 21
344, 401.150, 335.950, 21
345, 401.150, 344.450, 21
346, 401.150, 352.950, 21
347, 401.150, 361.450, 21
348, 401.150, 369.950, 21
349, 401.150, 378.450, 21
350, 401.150, 386.950, 21
351, 401.150, 395.450, 21
352, 401.150, 403.950, 21
353, 401.150, 412.450, 21
354, 401.150, 420.950, 21
355, 422.020, 72.450, 7
356, 422.020, 80.950, 7
357, 422.020, 89.450, 7
358, 422.020, 97.950, 7
359, 422.020, 106.450, 7
360, 422.020, 114.950, 7
361, 422.020, 123.450, 7
362, 422.020, 131.950, 7
363, 422.020, 140.450, 7
364, 422.020, 148.950, 7
365, 422.020, 157.450, 18
366, 422.020, 165.950, 18
367, 422.020, 174.450, 18
368, 422.020, 182.950, 18
369, 422.020, 191.450, 18
370, 422.020, 199.950, 18
371, 422.020, 208.450, 18
372, 422.020, 216.950, 18
373, 422.020, 225.450, 18
374, 422.020, 233.950, 18
375, 422.020, 242.450, 18
376, 422.020, 250.950, 18
377, 422.020, 259.450, 18
378, 422.020, 267.950, 18
379, 422.020, 276.450, 18
380, 422.020, 284.950, 18
381, 422.020, 293.450, 18
382, 422.020, 301.950, 18
383, 422.020, 310.450, 18
384, 422.020, 318.950, 21
385, 422.020, 327.450, 21
386, 422.020, 335.950, 21
387, 422.020, 344.450, 21
388, 422.020, 352.950, 21
389, 422.020, 361.450, 21
390, 422.020, 369.950, 21
391, 422.020, 378.450, 21
392, 422.020, 386.950, 21
393, 422.020, 395.450, 21
394, 422.020, 403.950, 21
395, 422.020, 412.450, 21
396, 422.020, 420.950, 21
397, 422.020, 429.450, 21
398, 442.890, 80.950, 7
399, 442.890, 89.450, 7
400, 442.890, 97.950, 7
401, 442.890, 106.450, 7
402, 442.890, 114.950, 7
403, 442.890, 123.450, 7
404, 442.890, 131.950, 7
405, 442.890, 140.450, 7
406, 442.890, 148.950, 7
407, 442.890, 157.450, 18
408, 442.890, 165.950, 18
409, 442.890, 174.450, 18
410, 442.890, 182.950, 18
411, 442.890, 191.450, 18
412, 442.890, 199.950, 18
413, 442.890, 208.450, 18
414, 442.890, 216.950, 18
415, 442.890, 225.450, 18
416, 442.890, 233.950, 18
417, 442.890, 242.450, 18
418, 442.890, 250.950, 18
419, 442.890, 259.450, 18
420, 442.890, 267.950, 18
421, 442.890, 276.450, 18
422, 442.890, 284.950, 18
423, 442.890, 293.450, 18
424, 442.890, 301.950, 18
425, 442.890, 310.450, 18
426, 442.890, 318.950, 21
427, 442.890, 327.450, 21
428, 442.890, 335.950, 21
429, 442.890, 344.450, 21
430, 442.890, 352.950, 21
431, 442.890, 361.450, 21
432, 442.890, 369.950, 21
433, 442.890, 378.450, 21
434, 442.890, 386.950, 21
435, 442.890, 395.450, 21
436, 442.890, 403.950, 21
437, 442.890, 412.450, 21
438, 442.890, 420.950, 21
439, 442.890, 429.450, 21
440, 442.890, 437.950, 21
441, 442.890, 446.450, 21
442, 463.760, 80.950, 7
443, 463.760, 89.450, 7
444, 463.760, 97.950, 7
445, 463.760, 106.450, 7
446, 463.760, 114.950, 7
447, 463.760, 123.450, 7
448, 463.760, 131.950, 7
449, 463.760, 140.450, 7
450, 463.760, 148.950, 7
451, 463.760, 157.450, 7
452, 463.760, 165.950, 18
453, 463.760, 174.450, 18
454, 463.760, 182.950, 18
455, 463.760, 191.450, 18
456, 463.760, 199.950, 18
457, 463.760, 208.450, 18
458, 463.760, 216.950, 18
459, 463.760, 225.450, 18
460, 463.760, 233.950, 18
461, 463.760, 242.450, 18
462, 463.760, 250.950, 18
463, 463.760, 259.450, 17
464, 463.760, 267.950, 17
465, 463.760, 276.450, 17
466, 463.760, 284.950, 17
467, 463.760, 293.450, 17
468, 463.760, 301.950, 17
469, 463.760, 310.450, 17
470, 463.760, 318.950, 17
471, 463.760, 327.450, 21
472, 463.760, 335.950, 21
473, 463.760, 344.450, 21
474, 463.760, 352.950, 21
475, 463.760, 361.450, 21
476, 463.760, 369.950, 21
477, 463.760, 378.450, 21
478, 463.760, 386.950, 21
479, 463.760, 395.450, 21
480, 463.760, 403.950, 21
481, 463.760, 412.450, 21
482, 463.760, 420.950, 21
483, 463.760, 429.450, 21
484, 463.760, 437.950, 21
485, 463.760, 446.450, 21
486, 463.760, 454.950, 21
487, 484.630, 80.950, 7
488, 484.630, 89.450, 7
489, 484.630, 97.950, 7
490, 484.630, 106.450, 7
491, 484.630, 114.950, 7
492, 484.630, 123.450, 7
493, 484.630, 131.950, 7
494, 484.630, 140.450, 7
495, 484.630, 148.950, 7
496, 484.630, 157.450, 7
497, 484.630, 165.950, 12
498, 484.630, 174.450, 12
499, 484.630, 182.950, 12
500, 484.630, 191.450, 12
501, 484.630, 199.950, 12
502, 484.630, 208.450, 12
503, 484.630, 216.950, 12
504, 484.630, 225.450, 12
505, 484.630, 233.950, 12
506, 484.630, 242.450, 12
507, 484.630, 250.950, 12
508, 484.630, 259.450, 17
509, 484.630, 267.950, 17
510, 484.630, 276.450, 17
511, 484.630, 284.950, 17
512, 484.630, 293.450, 17
513, 484.630, 301.950, 17
514, 484.630, 310.450, 17
515, 484.630, 318.950, 17
516, 484.630, 327.450, 28
517, 484.630, 335.950, 28
518, 484.630, 344.450, 28
519, 484.630, 352.950, 28
520, 484.630, 361.450, 28
521, 484.630, 369.950, 28
522, 484.630, 378.450, 28
523, 484.630, 386.950, 28
524, 484.630, 395.450, 21
525, 484.630, 403.950, 21
526, 484.630, 412.450, 21
527, 484.630, 420.950, 21
528, 484.630, 429.450, 21
529, 484.630, 437.950, 21
530, 484.630, 446.450, 21
531, 484.630, 454.950, 21
532, 484.630, 463.450, 6
533, 505.500, 80.950, 7
534, 505.500, 89.450, 7
535, 505.500, 97.950, 7
536, 505.500, 106.450, 7
537, 505.500, 114.950, 7
538, 505.500, 123.450, 7
539, 505.500, 131.950, 7
540, 505.500, 140.450, 7
541, 505.500, 148.950, 7
542, 505.500, 157.450, 12
543, 505.500, 165.950, 12
544, 505.500, 174.450, 12
545, 505.500, 182.950, 12
546, 505.500, 191.450, 12
547, 505.500, 199.950, 12
548, 505.500, 208.450, 12
549, 505.500, 216.950, 12
550, 505.500, 225.450, 12
551, 505.500, 233.950, 12
552, 505.500, 242.450, 12
553, 505.500, 250.950, 12
554, 505.500, 259.450, 17
555, 505.500, 267.950, 17
556, 505.500, 276.450, 17
557, 505.500, 284.950, 17
558, 505.500, 293.450, 17
559, 505.500, 301.950, 17
560, 505.500, 310.450, 17
561, 505.500, 318.950, 17
562, 505.500, 327.450, 28
563, 505.500, 335.950, 28
564, 505.500, 344.450, 28
565, 505.500, 352.950, 28
566, 505.500, 361.450, 28
567, 505.500, 369.950, 28
568, 505.500, 378.450, 28
569, 505.500, 386.950, 28
570, 505.500, 395.450, 21
571, 505.500, 403.950, 21
572, 505.500, 412.450, 21
573, 505.500, 420.950, 21
574, 505.500, 429.450, 21
575, 505.500, 437.950, 21
576, 505.500, 446.450, 6
577, 505.500, 454.950, 6
578, 505.500, 463.450, 6
579, 505.500, 471.950, 6
580, 526.370, 80.950, 7
581, 526.370, 89.450, 7
582, 526.370, 97.950, 7
583, 526.370, 106.450, 7
584, 526.370, 114.950, 7
585, 526.370, 123.450, 7
586, 526.370, 131.950, 7
587, 526.370, 140.450, 7
588, 526.370, 148.950, 7
589, 526.370, 157.450, 12
590, 526.370, 165.950, 12
591, 526.370, 174.450, 12
592, 526.370, 182.950, 12
593, 526.370, 191.450, 12
594, 526.370, 199.950, 12
595, 526.370, 208.450, 12
596, 526.370, 216.950, 12
597, 526.370, 225.450, 12
598, 526.370, 233.950, 12
599, 526.370, 242.450, 12
600, 526.370, 250.950, 17
601, 526.370, 259.450, 17
602, 526.370, 267.950, 17
603, 526.370, 276.450, 17
604, 526.370, 284.950, 17
605, 526.370, 293.450, 17
606, 526.370, 301.950, 17
607, 526.370, 310.450, 17
608, 526.370, 318.950, 17
609, 526.370, 327.450, 28
610, 526.370, 335.950, 28
611, 526.370, 344.450, 28
612, 526.370, 352.950, 28
613, 526.370, 361.450, 28
614, 526.370, 369.950, 28
615, 526.370, 378.450, 28
616, 526.370, 386.950, 28
617, 526.370, 395.450, 28
618, 526.370, 403.950, 28
619, 526.370, 412.450, 6
620, 526.370, 420.950, 6
621, 526.370, 429.450, 6
622, 526.370, 437.950, 6
623, 526.370, 446.450, 6
624, 526.370, 454.950, 6
625, 526.370, 463.450, 6
626, 526.370, 471.950, 6
627, 526.370, 480.450, 6
628, 547.240, 80.950, 7
629, 547.240, 89.450, 7
630, 547.240, 97.950, 7
631, 547.240, 106.450, 7
632, 547.240, 114.950, 7
633, 547.240, 123.450, 7
634, 547.240, 131.950, 7
635, 547.240, 140.450, 7
636, 547.240, 148.950, 7
637, 547.240, 157.450, 12
638, 547.240, 165.950, 12
639, 547.240, 174.450, 12
640, 547.240, 182.950, 12
641, 547.240, 191.450, 12
642, 547.240, 199.950, 12
643, 547.240, 208.450, 12
644, 547.240, 216.950, 12
645, 547.240, 225.450, 12
646, 547.240, 233.950, 12
647, 547.240, 242.450, 12
648, 547.240, 250.950, 17
649, 547.240, 259.450, 17
650, 547.240, 267.950, 17
651, 547.240, 276.450, 17
652, 547.240, 284.950, 17
653, 547.240, 293.450, 17
654, 547.240, 301.950, 17
655, 547.240, 310.450, 17
656, 547.240, 318.950, 17
657, 547.240, 327.450, 28
658, 547.240, 335.950, 28
659, 547.240, 344.450, 28
660, 547.240, 352.950, 28
661, 547.240, 361.450, 28
662, 547.240, 369.950, 28
663, 547.240, 378.450, 28
664, 547.240, 386.950, 28
665, 547.240, 395.450, 28
666, 547.240, 403.950, 28
667, 547.240, 412.450, 6
668, 547.240, 420.950, 6
669, 547.240, 429.450, 6
670, 547.240, 437.950, 6
671, 547.240, 446.450, 6
672, 547.240, 454.950, 6
673, 547.240, 463.450, 6
674, 547.240, 471.950, 6
675, 547.240, 480.450, 6
676, 547.240, 488.950, 6
677, 568.110, 89.450, 7
678, 568.110, 97.950, 7
679, 568.110, 106.450, 7
680, 568.110, 114.950, 7
681, 568.110, 123.450, 7
682, 568.110, 131.950, 7
683, 568.110, 140.450, 7
684, 568.110, 148.950, 7
685, 568.110, 157.450, 12
686, 568.110, 165.950, 12
687, 568.110, 174.450, 12
688, 568.110, 182.950, 12
689, 568.110, 191.450, 12
690, 568.110, 199.950, 12
691, 568.110, 208.450, 12
692, 568.110, 216.950, 12
693, 568.110, 225.450, 12
694, 568.110, 233.950, 12
695, 568.110, 242.450, 12
696, 568.110, 250.950, 17
697, 568.110, 259.450, 17
698, 568.110, 267.950, 17
699, 568.110, 276.450, 17
700, 568.110, 284.950, 17
701, 568.110, 293.450, 17
702, 568.110, 301.950, 17
703, 568.110, 310.450, 17
704, 568.110, 318.950, 17
705, 568.110, 327.450, 28
706, 568.110, 335.950, 28
707, 568.110, 344.450, 28
708, 568.110, 352.950, 28
709, 568.110, 361.450, 28
710, 568.110, 369.950, 28
711, 568.110, 378.450, 28
712, 568.110, 386.950, 28
713, 568.110, 395.450, 28
714, 568.110, 403.950, 28
715, 568.110, 412.450, 6
716, 568.110, 420.950, 6
717, 568.110, 429.450, 6
718, 568.110, 437.950, 6
719, 568.110, 446.450, 6
720, 568.110, 454.950, 6
721, 568.110, 463.450, 6
722, 568.110, 471.950, 6
723, 568.110, 480.450, 6
724, 568.110, 488.950, 6
725, 568.110, 497.450, 6
726, 568.110, 505.950, 6
727, 588.980, 89.450, 7
728, 588.980, 97.950, 7
729, 588.980, 106.450, 7
730, 588.980, 114.950, 7
731, 588.980, 123.450, 7
732, 588.980, 131.950, 7
733, 588.980, 140.450, 7
734, 588.980, 148.950, 7
735, 588.980, 157.450, 12
736, 588.980, 165.950, 12
737, 588.980, 174.450, 12
738, 588.980, 182.950, 12
739, 588.980, 191.450, 12
740, 588.980, 199.950, 12
741, 588.980, 208.450, 12
742, 588.980, 216.950, 12
743, 588.980, 225.450, 12
744, 588.980, 233.950, 12
745, 588.980, 242.450, 12
746, 588.980, 250.950, 17
747, 588.980, 259.450, 17
748, 588.980, 267.950, 17
749, 588.980, 276.450, 17
750, 588.980, 284.950, 17
751, 588.980, 293.450, 17
752, 588.980, 301.950, 17
753, 588.980, 310.450, 17
754, 588.980, 318.950, 17
755, 588.980, 327.450, 28
756, 588.980, 335.950, 28
757, 588.980, 344.450, 28
758, 588.980, 352.950, 28
759, 588.980, 361.450, 28
760, 588.980, 369.950, 28
761, 588.980, 378.450, 28
762, 588.980, 386.950, 28
763, 588.980, 395.450, 28
764, 588.980, 403.950, 28
765, 588.980, 412.450, 6
766, 588.980, 420.950, 6
767, 588.980, 429.450, 6
768, 588.980, 437.950, 6
769, 588.980, 446.450, 6
770, 588.980, 454.950, 6
771, 588.980, 463.450, 6
772, 588.980, 471.950, 6
773, 588.980, 480.450, 6
774, 588.980, 488.950, 6
775, 588.980, 497.450, 6
776, 588.980, 505.950, 6
777, 588.980, 514.450, 9
778, 609.850, 89.450, 15
779, 609.850, 97.950, 15
780, 609.850, 106.450, 15
781, 609.850, 114.950, 15
782, 609.850, 123.450, 15
783, 609.850, 131.950, 15
784, 609.850, 140.450, 15
785, 609.850, 148.950, 15
786, 609.850, 157.450, 12
787, 609.850, 165.950, 12
788, 609.850, 174.450, 12
789, 609.850, 182.950, 12
790, 609.850, 191.450, 12
791, 609.850, 199.950, 12
792, 609.850, 208.450, 12
793, 609.850, 216.950, 12
794, 609.850, 225.450, 12
795, 609.850, 233.950, 12
796, 609.850, 242.450, 12
797, 609.850, 250.950, 17
798, 609.850, 259.450, 17
799, 609.850, 267.950, 17
800, 609.850, 276.450, 17
801, 609.850, 284.950, 17
802, 609.850, 293.450, 17
803, 609.850, 301.950, 17
804, 609.850, 310.450, 17
805, 609.850, 318.950, 17
806, 609.850, 327.450, 28
807, 609.850, 335.950, 28
808, 609.850, 344.450, 28
809, 609.850, 352.950, 28
810, 609.850, 361.450, 28
811, 609.850, 369.950, 28
812, 609.850, 378.450, 28
813, 609.850, 386.950, 28
814, 609.850, 395.450, 28
815, 609.850, 403.950, 28
816, 609.850, 412.450, 6
817, 609.850, 420.950, 6
818, 609.850, 429.450, 6
819, 609.850, 437.950, 6
820, 609.850, 446.450, 6
821, 609.850, 454.950, 6
822, 609.850, 463.450, 6
823, 609.850, 471.950, 6
824, 609.850, 480.450, 6
825, 609.850, 488.950, 6
826, 609.850, 497.450, 6
827, 609.850, 505.950, 9
828, 609.850, 514.450, 9
829, 609.850, 522.950, 9
830, 630.720, 89.450, 15
831, 630.720, 97.950, 15
832, 630.720, 106.450, 15
833, 630.720, 114.950, 15
834, 630.720, 123.450, 15
835, 630.720, 131.950, 15
836, 630.720, 140.450, 15
837, 630.720, 148.950, 15
838, 630.720, 157.450, 12
839, 630.720, 165.950, 12
840, 630.720, 174.450, 12
841, 630.720, 182.950, 12
842, 630.720, 191.450, 12
843, 630.720, 199.950, 12
844, 630.720, 208.450, 12
845, 630.720, 216.950, 12
846, 630.720, 225.450, 12
847, 630.720, 233.950, 12
848, 630.720, 242.450, 12
849, 630.720, 250.950, 17
850, 630.720, 259.450, 17
851, 630.720, 267.950, 17
852, 630.720, 276.450, 17
853, 630.720, 284.950, 17
854, 630.720, 293.450, 17
855, 630.720, 301.950, 17
856, 630.720, 310.450, 17
857, 630.720, 318.950, 17
858, 630.720, 327.450, 17
859, 630.720, 335.950, 28
860, 630.720, 344.450, 28
861, 630.720, 352.950, 28
862, 630.720, 361.450, 28
863, 630.720, 369.950, 28
864, 630.720, 378.450, 28
865, 630.720, 386.950, 28
866, 630.720, 395.450, 28
867, 630.720, 403.950, 28
868, 630.720, 412.450, 6
869, 630.720, 420.950, 6
870, 630.720, 429.450, 6
871, 630.720, 437.950, 6
872, 630.720, 446.450, 6
873, 630.720, 454.950, 6
874, 630.720, 463.450, 6
875, 630.720, 471.950, 6
876, 630.720, 480.450, 6
877, 630.720, 488.950, 6
878, 630.720, 497.450, 9
879, 630.720, 505.950, 9
880, 630.720, 514.450, 9
881, 630.720, 522.950, 9
882, 630.720, 531.450, 9
883, 651.590, 89.450, 15
884, 651.590, 97.950, 15
885, 651.590, 106.450, 15
886, 651.590, 114.950, 15
887, 651.590, 123.450, 15
888, 651.590, 131.950, 15
889, 651.590, 140.450, 15
890, 651.590, 148.950, 15
891, 651.590, 157.450, 15
892, 651.590, 165.950, 12
893, 651.590, 174.450, 12
894, 651.590, 182.950, 12
895, 651.590, 191.450, 12
896, 651.590, 199.950, 12
897, 651.590, 208.450, 12
898, 651.590, 216.950, 12
899, 651.590, 225.450, 12
900, 651.590, 233.950, 12
901, 651.590, 242.450, 12
902, 651.590, 250.950, 17
903, 651.590, 259.450, 17
904, 651.590, 267.950, 17
905, 651.590, 276.450, 17
906, 651.590, 284.950, 17
907, 651.590, 293.450, 17
908, 651.590, 301.950, 17
909, 651.590, 310.450, 17
910, 651.590, 318.950, 17
911, 651.590, 327.450, 17
912, 651.590, 335.950, 28
913, 651.590, 344.450, 28
914, 651.590, 352.950, 28
915, 651.590, 361.450, 28
916, 651.590, 369.950, 28
917, 651.590, 378.450, 28
918, 651.590, 386.950, 28
919, 651.590, 395.450, 28
920, 651.590, 403.950, 28
921, 651.590, 412.450, 6
922, 651.590, 420.950, 6
923, 651.590, 429.450, 6
924, 651.590, 437.950, 6
925, 651.590, 446.450, 6
926, 651.590, 454.950, 6
927, 651.590, 463.450, 6
928, 651.590, 471.950, 6
929, 651.590, 480.450, 6
930, 651.590, 488.950, 6
931, 651.590, 497.450, 9
932, 651.590, 505.950, 9
933, 651.590, 514.450, 9
934, 651.590, 522.950, 9
935, 651.590, 531.450, 9
936, 651.590, 539.950, 9
937, 672.460, 89.450, 15
938, 672.460, 97.950, 15
939, 672.460, 106.450, 15
940, 672.460, 114.950, 15
941, 672.460, 123.450, 15
942, 672.460, 131.950, 15
943, 672.460, 140.450, 15
944, 672.460, 148.950, 15
945, 672.460, 157.450, 15
946, 672.460, 165.950, 12
947, 672.460, 174.450, 12
948, 672.460, 182.950, 12
949, 672.460, 191.450, 12
950, 672.460, 199.950, 12
951, 672.460, 208.450, 12
952, 672.460, 216.950, 12
953, 672.460, 225.450, 12
954, 672.460, 233.950, 12
955, 672.460, 242.450, 12
956, 672.460, 250.950, 17
957, 672.460, 259.450, 17
958, 672.460, 267.950, 17
959, 672.460, 276.450, 17
960, 672.460, 284.950, 17
961, 672.460, 293.450, 17
962, 672.460, 301.950, 17
963, 672.460, 310.450, 17
964, 672.460, 318.950, 17
965, 672.460, 327.450, 17
966, 672.460, 335.950, 28
967, 672.460, 344.450, 28
968, 672.460, 352.950, 28
969, 672.460, 361.450, 28
970, 672.460, 369.950, 28
971, 672.460, 378.450, 28
972, 672.460, 386.950, 28
973, 672.460, 395.450, 28
974, 672.460, 403.950, 28
975, 672.460, 412.450, 6
976, 672.460, 420.950, 6
977, 672.460, 429.450, 6
978, 672.460, 437.950, 6
979, 672.460, 446.450, 6
980, 672.460, 454.950, 6
981, 672.460, 463.450, 6
982, 672.460, 471.950, 6
983, 672.460, 480.450, 6
984, 672.460, 488.950, 6
985, 672.460, 497.450, 9
986, 672.460, 505.950, 9
987, 672.460, 514.450, 9
988, 672.460, 522.950, 9
989, 672.460, 531.450, 9
990, 672.460, 539.950, 9
991, 672.460, 548.450, 9
992, 693.330, 89.450, 15
993, 693.330, 97.950, 15
994, 693.330, 106.450, 15
995, 693.330, 114.950, 15
996, 693.330, 123.450, 15
997, 693.330, 131.950, 15
998, 693.330, 140.450, 15
999, 693.330, 148.950, 15
1000, 693.330, 157.450, 15
1001, 693.330, 165.950, 25
1002, 693.330, 174.450, 25
1003, 693.330, 182.950, 25
1004, 693.330, 191.450, 25
1005, 693.330, 199.950, 25
1006, 693.330, 208.450, 25
1007, 693.330, 216.950, 25
1008, 693.330, 225.450, 25
1009, 693.330, 233.950, 25
1010, 693.330, 242.450, 25
1011, 693.330, 250.950, 17
1012, 693.330, 259.450, 17
1013, 693.330, 267.950, 17
1014, 693.330, 276.450, 17
1015, 693.330, 284.950, 17
1016, 693.330, 293.450, 17
1017, 693.330, 301.950, 17
1018, 693.330, 310.450, 17
1019, 693.330, 318.950, 17
1020, 693.330, 327.450, 17
1021, 693.330, 335.950, 28
1022, 693.330, 344.450, 28
1023, 693.330, 352.950, 28
1024, 693.330, 361.450, 28
1025, 693.330, 369.950, 28
1026, 693.330, 378.450, 28
1027, 693.330, 386.950, 28
1028, 693.330, 395.450, 28
1029, 693.330, 403.950, 28
1030, 693.330, 412.450, 6
1031, 693.330, 420.950, 6
1032, 693.330, 429.450, 6
1033, 693.330, 437.950, 6
1034, 693.330, 446.450, 6
1035, 693.330, 454.950, 6
1036, 693.330, 463.450, 6
1037, 693.330, 471.950, 6
1038, 693.330, 480.450, 6
1039, 693.330, 488.950, 6
1040, 693.330, 497.450, 9
1041, 693.330, 505.950, 9
1042, 693.330, 514.450, 9
1043, 693.330, 522.950, 9
1044, 693.330, 531.450, 9
1045, 693.330, 539.950, 9
1046, 693.330, 548.450, 9
1047, 693.330, 556.950, 9
1048, 693.330, 565.450, 9
1049, 714.200, 97.950, 15
1050, 714.200, 106.450, 15
1051, 714.200, 114.950, 15
1052, 714.200, 123.450, 15
1053, 714.200, 131.950, 15
1054, 714.200, 140.450, 15
1055, 714.200, 148.950, 15
1056, 714.200, 157.450, 15
1057, 714.200, 165.950, 25
1058, 714.200, 174.450, 25
1059, 714.200, 182.950, 25
1060, 714.200, 191.450, 25
1061, 714.200, 199.950, 25
1062, 714.200, 208.450, 25
1063, 714.200, 216.950, 25
1064, 714.200, 225.450, 25
1065, 714.200, 233.950, 25
1066, 714.200, 242.450, 25
1067, 714.200, 250.950, 3
1068, 714.200, 259.450, 3
1069, 714.200, 267.950, 3
1070, 714.200, 276.450, 3
1071, 714.200, 284.950, 3
1072, 714.200, 293.450, 3
1073, 714.200, 301.950, 3
1074, 714.200, 310.450, 3
1075, 714.200, 318.950, 4
1076, 714.200, 327.450, 4
1077, 714.200, 335.950, 4
1078, 714.200, 344.450, 4
1079, 714.200, 352.950, 28
1080, 714.200, 361.450, 28
1081, 714.200, 369.950, 28
1082, 714.200, 378.450, 28
1083, 714.200, 386.950, 28
1084, 714.200, 395.450, 28
1085, 714.200, 403.950, 28
1086, 714.200, 412.450, 6
1087, 714.200, 420.950, 6
1088, 714.200, 429.450, 6
1089, 714.200, 437.950, 6
1090, 714.200, 446.450, 6
1091, 714.200, 454.950, 6
1092, 714.200, 463.450, 6
1093, 714.200, 471.950, 6
1094, 714.200, 480.450, 6
1095, 714.200, 488.950, 6
1096, 714.200, 497.450, 9
1097, 714.200, 505.950, 9
1098, 714.200, 514.450, 9
1099, 714.200, 522.950, 9
1100, 714.200, 531.450, 9
1101, 714.200, 539.950, 9
1102, 714.200, 548.450, 9
1103, 714.200, 556.950, 9
1104, 714.200, 565.450, 9
1105, 714.200, 573.950, 9
1106, 735.070, 97.950, 15
1107, 735.070, 106.450, 15
1108, 735.070, 114.950, 15
1109, 735.070, 123.450, 15
1110, 735.070, 131.950, 15
1111, 735.070, 140.450, 15
1112, 735.070, 148.950, 15
1113, 735.070, 157.450, 15
1114, 735.070, 165.950, 25
1115, 735.070, 174.450, 25
1116, 735.070, 182.950, 25
1117, 735.070, 191.450, 25
1118, 735.070, 199.950, 25
1119, 735.070, 208.450, 25
1120, 735.070, 216.950, 25
1121, 735.070, 225.450, 25
1122, 735.070, 233.950, 25
1123, 735.070, 242.450, 25
1124, 735.070, 250.950, 3
1125, 735.070, 259.450, 3
1126, 735.070, 267.950, 3
1127, 735.070, 276.450, 3
1128, 735.070, 284.950, 3
1129, 735.070, 293.450, 3
1130, 735.070, 301.950, 3
1131, 735.070, 310.450, 3
1132, 735.070, 318.950, 4
1133, 735.070, 327.450, 4
1134, 735.070, 335.950, 4
1135, 735.070, 344.450, 4
1136, 735.070, 352.950, 4
1137, 735.070, 361.450, 4
1138, 735.070, 369.950, 4
1139, 735.070, 378.450, 4
1140, 735.070, 386.950, 4
1141, 735.070, 395.450, 4
1142, 735.070, 403.950, 4
1143, 735.070, 412.450, 24
1144, 735.070, 420.950, 24
1145, 735.070, 429.450, 24
1146, 735.070, 437.950, 24
1147, 735.070, 446.450, 24
1148, 735.070, 454.950, 24
1149, 735.070, 463.450, 24
1150, 735.070, 471.950, 24
1151, 735.070, 480.450, 24
1152, 735.070, 488.950, 24
1153, 735.070, 497.450, 9
1154, 735.070, 505.950, 9
1155, 735.070, 514.450, 9
1156, 735.070, 522.950, 9
1157, 735.070, 531.450, 9
1158, 735.070, 539.950, 9
1159, 735.070, 548.450, 9
1160, 735.070, 556.950, 9
1161, 735.070, 565.450, 9
1162, 735.070, 573.950, 9
1163, 735.070, 582.450, 9
1164, 755.940, 97.950, 15
1165, 755.940, 106.450, 15
1166, 755.940, 114.950, 15
1167, 755.940, 123.450, 15
1168, 755.940, 131.950, 15
1169, 755.940, 140.450, 15
1170, 755.940, 148.950, 15
1171, 755.940, 157.450, 15
1172, 755.940, 165.950, 25
1173, 755.940, 174.450, 25
1174, 755.940, 182.950, 25
1175, 755.940, 191.450, 25
1176, 755.940, 199.950, 25
1177, 755.940, 208.450, 25
1178, 755.940, 216.950, 25
1179, 755.940, 225.450, 25
1180, 755.940, 233.950, 25
1181, 755.940, 242.450, 25
1182, 755.940, 250.950, 3
1183, 755.940, 259.450, 3
1184, 755.940, 267.950, 3
1185, 755.940, 276.450, 3
1186, 755.940, 284.950, 3
1187, 755.940, 293.450, 3
1188, 755.940, 301.950, 3
1189, 755.940, 310.450, 3
1190, 755.940, 318.950, 4
1191, 755.940, 327.450, 4
1192, 755.940, 335.950, 4
1193, 755.940, 344.450, 4
1194, 755.940, 352.950, 4
1195, 755.940, 361.450, 4
1196, 755.940, 369.950, 4
1197, 755.940, 378.450, 4
1198, 755.940, 386.950, 4
1199, 755.940, 395.450, 4
1200, 755.940, 403.950, 4
1201, 755.940, 412.450, 24
1202, 755.940, 420.950, 24
1203, 755.940, 429.450, 24
1204, 755.940, 437.950, 24
1205, 755.940, 446.450, 24
1206, 755.940, 454.950, 24
1207, 755.940, 463.450, 24
1208, 755.940, 471.950, 24
1209, 755.940, 480.450, 24
1210, 755.940, 488.950, 24
1211, 755.940, 497.450, 9
1212, 755.940, 505.950, 9
1213, 755.940, 514.450, 9
1214, 755.940, 522.950, 9
1215, 755.940, 531.450, 9
1216, 755.940, 539.950, 9
1217, 755.940, 548.450, 9
1218, 755.940, 556.950, 9
1219, 755.940, 565.450, 9
1220, 755.940, 573.950, 9
1221, 755.940, 582.450, 9
1222, 755.940, 590.950, 9
1223, 776.810, 97.950, 15
1224, 776.810, 106.450, 15
1225, 776.810, 114.950, 15
1226, 776.810, 123.450, 15
1227, 776.810, 131.950, 15
1228, 776.810, 140.450, 15
1229, 776.810, 148.950, 15
1230, 776.810, 157.450, 15
1231, 776.810, 165.950, 25
1232, 776.810, 174.450, 25
1233, 776.810, 182.950, 25
1234, 776.810, 191.450, 25
1235, 776.810, 199.950, 25
1236, 776.810, 208.450, 25
1237, 776.810, 216.950, 25
1238, 776.810, 225.450, 25
1239, 776.810, 233.950, 25
1240, 776.810, 242.450, 25
1241, 776.810, 250.950, 3
1242, 776.810, 259.450, 3
1243, 776.810, 267.950, 3
1244, 776.810, 276.450, 3
1245, 776.810, 284.950, 3
1246, 776.810, 293.450, 3
1247, 776.810, 301.950, 3
1248, 776.810, 310.450, 3
1249, 776.810, 318.950, 4
1250, 776.810, 327.450, 4
1251, 776.810, 335.950, 4
1252, 776.810, 344.450, 4
1253, 776.810, 352.950, 4
1254, 776.810, 361.450, 4
1255, 776.810, 369.950, 4
1256, 776.810, 378.450, 4
1257, 776.810, 386.950, 4
1258, 776.810, 395.450, 4
1259, 776.810, 403.950, 4
1260, 776.810, 412.450, 24
1261, 776.810, 420.950, 24
1262, 776.810, 429.450, 24
1263, 776.810, 437.950, 24
1264, 776.810, 446.450, 24
1265, 776.810, 454.950, 24
1266, 776.810, 463.450, 24
1267, 776.810, 471.950, 24
1268, 776.810, 480.450, 24
1269, 776.810, 488.950, 24
1270, 776.810, 497.450, 24
1271, 776.810, 505.950, 9
1272, 776.810, 514.450, 9
1273, 776.810, 522.950, 9
1274, 776.810, 531.450, 9
1275, 776.810, 539.950, 9
1276, 776.810, 548.450, 9
1277, 776.810, 556.950, 9
1278, 776.810, 565.450, 9
1279, 776.810, 573.950, 9
1280, 776.810, 582.450, 9
1281, 776.810, 590.950, 9
1282, 776.810, 599.450, 9
1283, 797.680, 106.450, 15
1284, 797.680, 114.950, 15
1285, 797.680, 123.450, 15
1286, 797.680, 131.950, 15
1287, 797.680, 140.450, 15
1288, 797.680, 148.950, 15
1289, 797.680, 157.450, 15
1290, 797.680, 165.950, 25
1291, 797.680, 174.450, 25
1292, 797.680, 182.950, 25
1293, 797.680, 191.450, 25
1294, 797.680, 199.950, 25
1295, 797.680, 208.450, 25
1296, 797.680, 216.950, 25
1297, 797.680, 225.450, 25
1298, 797.680, 233.950, 25
1299, 797.680, 242.450, 25
1300, 797.680, 250.950, 3
1301, 797.680, 259.450, 3
1302, 797.680, 267.950, 3
1303, 797.680, 276.450, 3
1304, 797.680, 284.950, 3
1305, 797.680, 293.450, 3
1306, 797.680, 301.950, 3
1307, 797.680, 310.450, 3
1308, 797.680, 318.950, 4
1309, 797.680, 327.450, 4
1310, 797.680, 335.950, 4
1311, 797.680, 344.450, 4
1312, 797.680, 352.950, 4
1313, 797.680, 361.450, 4
1314, 797.680, 369.950, 4
1315, 797.680, 378.450, 4
1316, 797.680, 386.950, 4
1317, 797.680, 395.450, 4
1318, 797.680, 403.950, 4
1319, 797.680, 412.450, 24
1320, 797.680, 420.950, 24
1321, 797.680, 429.450, 24
1322, 797.680, 437.950, 24
1323, 797.680, 446.450, 24
1324, 797.680, 454.950, 24
1325, 797.680, 463.450, 24
1326, 797.680, 471.950, 24
1327, 797.680, 480.450, 24
1328, 797.680, 488.950, 24
1329, 797.680, 497.450, 24
1330, 797.680, 505.950, 24
1331, 797.680, 514.450, 9
1332, 797.680, 522.950, 9
1333, 797.680, 531.450, 9
1334, 797.680, 539.950, 9
1335, 797.680, 548.450, 9
1336, 797.680, 556.950, 9
1337, 797.680, 565.450, 9
1338, 797.680, 573.950, 9
1339, 797.680, 582.450, 9
1340, 797.680, 590.950, 9
1341, 797.680, 599.450, 9
1342, 797.680, 607.950, 9
1343, 818.550, 106.450, 15
1344, 818.550, 114.950, 15
1345, 818.550, 123.450, 15
1346, 818.550, 131.950, 15
1347, 818.550, 140.450, 15
1348, 818.550, 148.950, 15
1349, 818.550, 157.450, 15
1350, 818.550, 165.950, 25
1351, 818.550, 174.450, 25
1352, 818.550, 182.950, 25
1353, 818.550, 191.450, 25
1354, 818.550, 199.950, 25
1355, 818.550, 208.450, 25
1356, 818.550, 216.950, 25
1357, 818.550, 225.450, 25
1358, 818.550, 233.950, 25
1359, 818.550, 242.450, 3
1360, 818.550, 250.950, 3
1361, 818.550, 259.450, 3
1362, 818.550, 267.950, 3
1363, 818.550, 276.450, 3
1364, 818.550, 284.950, 3
1365, 818.550, 293.450, 3
1366, 818.550, 301.950, 3
1367, 818.550, 310.450, 3
1368, 818.550, 318.950, 4
1369, 818.550, 327.450, 4
1370, 818.550, 335.950, 4
1371, 818.550, 344.450, 4
1372, 818.550, 352.950, 4
1373, 818.550, 361.450, 4
1374, 818.550, 369.950, 4
1375, 818.550, 378.450, 4
1376, 818.550, 386.950, 4
1377, 818.550, 395.450, 4
1378, 818.550, 403.950, 4
1379, 818.550, 412.450, 24
1380, 818.550, 420.950, 24
1381, 818.550, 429.450, 24
1382, 818.550, 437.950, 24
1383, 818.550, 446.450, 24
1384, 818.550, 454.950, 24
1385, 818.550, 463.450, 24
1386, 818.550, 471.950, 24
1387, 818.550, 480.450, 24
1388, 818.550, 488.950, 24
1389, 818.550, 497.450, 24
1390, 818.550, 505.950, 24
1391, 818.550, 514.450, 9
1392, 818.550, 522.950, 9
1393, 818.550, 531.450, 9
1394, 818.550, 539.950, 9
1395, 818.550, 548.450, 9
1396, 818.550, 556.950, 9
1397, 818.550, 565.450, 9
1398, 818.550, 573.950, 9
1399, 818.550, 582.450, 9
1400, 818.550, 590.950, 9
1401, 818.550, 599.450, 9
1402, 818.550, 607.950, 9
1403, 818.550, 616.450, 9
1404, 818.550, 624.950, 30
1405, 839.420, 106.450, 15
1406, 839.420, 114.950, 15
1407, 839.420, 123.450, 15
1408, 839.420, 131.950, 15
1409, 839.420, 140.450, 15
1410, 839.420, 148.950, 15
1411, 839.420, 157.450, 15
1412, 839.420, 165.950, 25
1413, 839.420, 174.450, 25
1414, 839.420, 182.950, 25
1415, 839.420, 191.450, 25
1416, 839.420, 199.950, 25
1417, 839.420, 208.450, 25
1418, 839.420, 216.950, 25
1419, 839.420, 225.450, 25
1420, 839.420, 233.950, 25
1421, 839.420, 242.450, 3
1422, 839.420, 250.950, 3
1423, 839.420, 259.450, 3
1424, 839.420, 267.950, 3
1425, 839.420, 276.450, 3
1426, 839.420, 284.950, 3
1427, 839.420, 293.450, 3
1428, 839.420, 301.950, 3
1429, 839.420, 310.450, 3
1430, 839.420, 318.950, 4
1431, 839.420, 327.450, 4
1432, 839.420, 335.950, 4
1433, 839.420, 344.450, 4
1434, 839.420, 352.950, 4
1435, 839.420, 361.450, 4
1436, 839.420, 369.950, 4
1437, 839.420, 378.450, 4
1438, 839.420, 386.950, 4
1439, 839.420, 395.450, 4
1440, 839.420, 403.950, 4
1441, 839.420, 412.450, 24
1442, 839.420, 420.950, 24
1443, 839.420, 429.450, 24
1444, 839.420, 437.950, 24
1445, 839.420, 446.450, 24
1446, 839.420, 454.950, 24
1447, 839.420, 463.450, 24
1448, 839.420, 471.950, 24
1449, 839.420, 480.450, 24
1450, 839.420, 488.950, 24
1451, 839.420, 497.450, 24
1452, 839.420, 505.950, 24
1453, 839.420, 514.450, 14
1454, 839.420, 522.950, 14
1455, 839.420, 531.450, 14
1456, 839.420, 539.950, 14
1457, 839.420, 548.450, 14
1458, 839.420, 556.950, 9
1459, 839.420, 565.450, 9
1460, 839.420, 573.950, 9
1461, 839.420, 582.450, 9
1462, 839.420, 590.950, 9
1463, 839.420, 599.450, 9
1464, 839.420, 607.950, 9
1465, 839.420, 616.450, 9
1466, 839.420, 624.950, 30
1467, 839.420, 633.450, 30
1468, 860.290, 106.450, 15
1469, 860.290, 114.950, 15
1470, 860.290, 123.450, 15
1471, 860.290, 131.950, 15
1472, 860.290, 140.450, 15
1473, 860.290, 148.950, 15
1474, 860.290, 157.450, 15
1475, 860.290, 165.950, 25
1476, 860.290, 174.450, 25
1477, 860.290, 182.950, 25
1478, 860.290, 191.450, 25
1479, 860.290, 199.950, 25
1480, 860.290, 208.450, 25
1481, 860.290, 216.950, 25
1482, 860.290, 225.450, 25
1483, 860.290, 233.950, 25
1484, 860.290, 242.450, 3
1485, 860.290, 250.950, 3
1486, 860.290, 259.450, 3
1487, 860.290, 267.950, 3
1488, 860.290, 276.450, 3
1489, 860.290, 284.950, 3
1490, 860.290, 293.450, 3
1491, 860.290, 301.950, 3
1492, 860.290, 310.450, 3
1493, 860.290, 318.950, 4
1494, 860.290, 327.450, 4
1495, 860.290, 335.950, 4
1496, 860.290, 344.450, 4
1497, 860.290, 352.950, 4
1498, 860.290, 361.450, 4
1499, 860.290, 369.950, 4
1500, 860.290, 378.450, 4
1501, 860.290, 386.950, 4
1502, 860.290, 395.450, 4
1503, 860.290, 403.950, 4
1504, 860.290, 412.450, 24
1505, 860.290, 420.950, 24
1506, 860.290, 429.450, 24
1507, 860.290, 437.950, 24
1508, 860.290, 446.450, 24
1509, 860.290, 454.950, 24
1510, 860.290, 463.450, 24
1511, 860.290, 471.950, 24
1512, 860.290, 480.450, 24
1513, 860.290, 488.950, 24
1514, 860.290, 497.450, 24
1515, 860.290, 505.950, 24
1516, 860.290, 514.450, 14
1517, 860.290, 522.950, 14
1518, 860.290, 531.450, 14
1519, 860.290, 539.950, 14
1520, 860.290, 548.450, 14
1521, 860.290, 556.950, 14
1522, 860.290, 565.450, 14
1523, 860.290, 573.950, 14
1524, 860.290, 582.450, 14
1525, 860.290, 590.950, 30
1526, 860.290, 599.450, 30
1527, 860.290, 607.950, 30
1528, 860.290, 616.450, 30
1529, 860.290, 624.950, 30
1530, 860.290, 633.450, 30
1531, 860.290, 641.950, 30
1532, 881.160, 114.950, 15
1533, 881.160, 123.450, 15
1534, 881.160, 131.950, 15
1535, 881.160, 140.450, 15
1536, 881.160, 148.950, 15
1537, 881.160, 157.450, 15
1538, 881.160, 165.950, 25
1539, 881.160, 174.450, 25
1540, 881.160, 182.950, 25
1541, 881.160, 191.450, 25
1542, 881.160, 199.950, 25
1543, 881.160, 208.450, 25
1544, 881.160, 216.950, 25
1545, 881.160, 225.450, 25
1546, 881.160, 233.950, 25
1547, 881.160, 242.450, 3
1548, 881.160, 250.950, 3
1549, 881.160, 259.450, 3
1550, 881.160, 267.950, 3
1551, 881.160, 276.450, 3
1552, 881.160, 284.950, 3
1553, 881.160, 293.450, 3
1554, 881.160, 301.950, 3
1555, 881.160, 310.450, 3
1556, 881.160, 318.950, 4
1557, 881.160, 327.450, 4
1558, 881.160, 335.950, 4
1559, 881.160, 344.450, 4
1560, 881.160, 352.950, 4
1561, 881.160, 361.450, 4
1562, 881.160, 369.950, 4
1563, 881.160, 378.450, 19
1564, 881.160, 386.950, 19
1565, 881.160, 395.450, 19
1566, 881.160, 403.950, 19
1567, 881.160, 412.450, 24
1568, 881.160, 420.950, 24
1569, 881.160, 429.450, 24
1570, 881.160, 437.950, 24
1571, 881.160, 446.450, 24
1572, 881.160, 454.950, 24
1573, 881.160, 463.450, 24
1574, 881.160, 471.950, 24
1575, 881.160, 480.450, 24
1576, 881.160, 488.950, 24
1577, 881.160, 497.450, 24
1578, 881.160, 505.950, 24
1579, 881.160, 514.450, 14
1580, 881.160, 522.950, 14
1581, 881.160, 531.450, 14
1582, 881.160, 539.950, 14
1583, 881.160, 548.450, 14
1584, 881.160, 556.950, 14
1585, 881.160, 565.450, 14
1586, 881.160, 573.950, 14
1587, 881.160, 582.450, 14
1588, 881.160, 590.950, 30
1589, 881.160, 599.450, 30
1590, 881.160, 607.950, 30
1591, 881.160, 616.450, 30
1592, 881.160, 624.950, 30
1593, 881.160, 633.450, 30
1594, 881.160, 641.950, 30
1595, 881.160, 650.450, 30
1596, 902.030, 114.950, 27
1597, 902.030, 123.450, 27
1598, 902.030, 131.950, 27
1599, 902.030, 140.450, 27
1600, 902.030, 148.950, 27
1601, 902.030, 157.450, 27
1602, 902.030, 165.950, 27
1603, 902.030, 174.450, 25
1604, 902.030, 182.950, 25
1605, 902.030, 191.450, 25
1606, 902.030, 199.950, 25
1607, 902.030, 208.450, 25
1608, 902.030, 216.950, 25
1609, 902.030, 225.450, 25
1610, 902.030, 233.950, 25
1611, 902.030, 242.450, 3
1612, 902.030, 250.950, 3
1613, 902.030, 259.450, 3
1614, 902.030, 267.950, 3
1615, 902.030, 276.450, 3
1616, 902.030, 284.950, 3
1617, 902.030, 293.450, 3
1618, 902.030, 301.950, 3
1619, 902.030, 310.450, 3
1620, 902.030, 318.950, 4
1621, 902.030, 327.450, 4
1622, 902.030, 335.950, 4
1623, 902.030, 344.450, 4
1624, 902.030, 352.950, 4
1625, 902.030, 361.450, 4
1626, 902.030, 369.950, 4
1627, 902.030, 378.450, 19
1628, 902.030, 386.950, 19
1629, 902.030, 395.450, 19
1630, 902.030, 403.950, 19
1631, 902.030, 412.450, 19
1632, 902.030, 420.950, 19
1633, 902.030, 429.450, 24
1634, 902.030, 437.950, 24
1635, 902.030, 446.450, 24
1636, 902.030, 454.950, 24
1637, 902.030, 463.450, 24
1638, 902.030, 471.950, 24
1639, 902.030, 480.450, 24
1640, 902.030, 488.950, 24
1641, 902.030, 497.450, 24
1642, 902.030, 505.950, 24
1643, 902.030, 514.450, 14
1644, 902.030, 522.950, 14
1645, 902.030, 531.450, 14
1646, 902.030, 539.950, 14
1647, 902.030, 548.450, 14
1648, 902.030, 556.950, 14
1649, 902.030, 565.450, 14
1650, 902.030, 573.950, 14
1651, 902.030, 582.450, 14
1652, 902.030, 590.950, 30
1653, 902.030, 599.450, 30
1654, 902.030, 607.950, 30
1655, 902.030, 616.450, 30
1656, 902.030, 624.950, 30
1657, 902.030, 633.450, 30
1658, 902.030, 641.950, 30
1659, 902.030, 650.450, 30
1660, 902.030, 658.950, 30
1661, 922.900, 114.950, 27
1662, 922.900, 123.450, 27
1663, 922.900, 131.950, 27
1664, 922.900, 140.450, 27
1665, 922.900, 148.950, 27
1666, 922.900, 157.450, 27
1667, 922.900, 165.950, 27
1668, 922.900, 174.450, 27
1669, 922.900, 182.950, 27
1670, 922.900, 191.450, 27
1671, 922.900, 199.950, 25
1672, 922.900, 208.450, 25
1673, 922.900, 216.950, 25
1674, 922.900, 225.450, 25
1675, 922.900, 233.950, 25
1676, 922.900, 242.450, 3
1677, 922.900, 250.950, 3
1678, 922.900, 259.450, 3
1679, 922.900, 267.950, 3
1680, 922.900, 276.450, 3
1681, 922.900, 284.950, 3
1682, 922.900, 293.450, 3
1683, 922.900, 301.950, 3
1684, 922.900, 310.450, 3
1685, 922.900, 318.950, 4
1686, 922.900, 327.450, 4
1687, 922.900, 335.950, 4
1688, 922.900, 344.450, 4
1689, 922.900, 352.950, 4
1690, 922.900, 361.450, 4
1691, 922.900, 369.950, 4
1692, 922.900, 378.450, 19
1693, 922.900, 386.950, 19
1694, 922.900, 395.450, 19
1695, 922.900, 403.950, 19
1696, 922.900, 412.450, 19
1697, 922.900, 420.950, 19
1698, 922.900, 429.450, 19
1699, 922.900, 437.950, 19
1700, 922.900, 446.450, 24
1701, 922.900, 454.950, 24
1702, 922.900, 463.450, 24
1703, 922.900, 471.950, 24
1704, 922.900, 480.450, 24
1705, 922.900, 488.950, 24
1706, 922.900, 497.450, 24
1707, 922.900, 505.950, 24
1708, 922.900, 514.450, 14
1709, 922.900, 522.950, 14
1710, 922.900, 531.450, 14
1711, 922.900, 539.950, 14
1712, 922.900, 548.450, 14
1713, 922.900, 556.950, 14
1714, 922.900, 565.450, 14
1715, 922.900, 573.950, 14
1716, 922.900, 582.450, 14
1717, 922.900, 590.950, 30
1718, 922.900, 599.450, 30
1719, 922.900, 607.950, 30
1720, 922.900, 616.450, 30
1721, 922.900, 624.950, 30
1722, 922.900, 633.450, 30
1723, 922.900, 641.950, 30
1724, 922.900, 650.450, 30
1725, 922.900, 658.950, 30
1726, 922.900, 667.450, 30
1727, 943.770, 114.950, 27
1728, 943.770, 123.450, 27
1729, 943.770, 131.950, 27
1730, 943.770, 140.450, 27
1731, 943.770, 148.950, 27
1732, 943.770, 157.450, 27
1733, 943.770, 165.950, 27
1734, 943.770, 174.450, 27
1735, 943.770, 182.950, 27
1736, 943.770, 191.450, 27
1737, 943.770, 199.950, 16
1738, 943.770, 208.450, 16
1739, 943.770, 216.950, 16
1740, 943.770, 225.450, 16
1741, 943.770, 233.950, 16
1742, 943.770, 242.450, 3
1743, 943.770, 250.950, 3
1744, 943.770, 259.450, 3
1745, 943.770, 267.950, 3
1746, 943.770, 276.450, 3
1747, 943.770, 284.950, 3
1748, 943.770, 293.450, 3
1749, 943.770, 301.950, 3
1750, 943.770, 310.450, 3
1751, 943.770, 318.950, 4
1752, 943.770, 327.450, 4
1753, 943.770, 335.950, 4
1754, 943.770, 344.450, 4
1755, 943.770, 352.950, 4
1756, 943.770, 361.450, 4
1757, 943.770, 369.950, 4
1758, 943.770, 378.450, 19
1759, 943.770, 386.950, 19
1760, 943.770, 395.450, 19
1761, 943.770, 403.950, 19
1762, 943.770, 412.450, 19
1763, 943.770, 420.950, 19
1764, 943.770, 429.450, 19
1765, 943.770, 437.950, 19
1766, 943.770, 446.450, 1
1767, 943.770, 454.950, 1
1768, 943.770, 463.450, 1
1769, 943.770, 471.950, 1
1770, 943.770, 480.450, 1
1771, 943.770, 488.950, 1
1772, 943.770, 497.450, 1
1773, 943.770, 505.950, 1
1774, 943.770, 514.450, 14
1775, 943.770, 522.950, 14
1776, 943.770, 531.450, 14
1777, 943.770, 539.950, 14
1778, 943.770, 548.450, 14
1779, 943.770, 556.950, 14
1780, 943.770, 565.450, 14
1781, 943.770, 573.950, 14
1782, 943.770, 582.450, 14
1783, 943.770, 590.950, 30
1784, 943.770, 599.450, 30
1785, 943.770, 607.950, 30
1786, 943.770, 616.450, 30
1787, 943.770, 624.950, 30
1788, 943.770, 633.450, 30
1789, 943.770, 641.950, 30
1790, 943.770, 650.450, 30
1791, 943.770, 658.950, 30
1792, 943.770, 667.450, 30
1793, 943.770, 675.950, 30
1794, 943.770, 684.450, 30
1795, 964.640, 114.950, 27
1796, 964.640, 123.450, 27
1797, 964.640, 131.950, 27
1798, 964.640, 140.450, 27
1799, 964.640, 148.950, 27
1800, 964.640, 157.450, 27
1801, 964.640, 165.950, 27
1802, 964.640, 174.450, 27
1803, 964.640, 182.950, 27
1804, 964.640, 191.450, 27
1805, 964.640, 199.950, 16
1806, 964.640, 208.450, 16
1807, 964.640, 216.950, 16
1808, 964.640, 225.450, 16
1809, 964.640, 233.950, 16
1810, 964.640, 242.450, 16
1811, 964.640, 250.950, 16
1812, 964.640, 259.450, 16
1813, 964.640, 267.950, 3
1814, 964.640, 276.450, 3
1815, 964.640, 284.950, 3
1816, 964.640, 293.450, 3
1817, 964.640, 301.950, 3
1818, 964.640, 310.450, 3
1819, 964.640, 318.950, 26
1820, 964.640, 327.450, 26
1821, 964.640, 335.950, 26
1822, 964.640, 344.450, 26
1823, 964.640, 352.950, 26
1824, 964.640, 361.450, 26
1825, 964.640, 369.950, 26
1826, 964.640, 378.450, 19
1827, 964.640, 386.950, 19
1828, 964.640, 395.450, 19
1829, 964.640, 403.950, 19
1830, 964.640, 412.450, 19
1831, 964.640, 420.950, 19
1832, 964.640, 429.450, 19
1833, 964.640, 437.950, 19
1834, 964.640, 446.450, 1
1835, 964.640, 454.950, 1
1836, 964.640, 463.450, 1
1837, 964.640, 471.950, 1
1838, 964.640, 480.450, 1
1839, 964.640, 488.950, 1
1840, 964.640, 497.450, 1
1841, 964.640, 505.950, 1
1842, 964.640, 514.450, 14
1843, 964.640, 522.950, 14
1844, 964.640, 531.450, 14
1845, 964.640, 539.950, 14
1846, 964.640, 548.450, 14
1847, 964.640, 556.950, 14
1848, 964.640, 565.450, 14
1849, 964.640, 573.950, 14
1850, 964.640, 582.450, 14
1851, 964.640, 590.950, 30
1852, 964.640, 599.450, 30
1853, 964.640, 607.950, 30
1854, 964.640, 616.450, 30
1855, 964.640, 624.950, 30
1856, 964.640, 633.450, 30
1857, 964.640, 641.950, 30
1858, 964.640, 650.450, 30
1859, 964.640, 658.950, 30
1860, 964.640, 667.450, 30
1861, 964.640, 675.950, 30
1862, 985.510, 123.450, 27
1863, 985.510, 131.950, 27
1864, 985.510, 140.450, 27
1865, 985.510, 148.950, 27
1866, 985.510, 157.450, 27
1867, 985.510, 165.950, 27
1868, 985.510, 174.450, 27
1869, 985.510, 182.950, 27
1870, 985.510, 191.450, 27
1871, 985.510, 199.950, 16
1872, 985.510, 208.450, 16
1873, 985.510, 216.950, 16
1874, 985.510, 225.450, 16
1875, 985.510, 233.950, 16
1876, 985.510, 242.450, 16
1877, 985.510, 250.950, 16
1878, 985.510, 259.450, 16
1879, 985.510, 267.950, 16
1880, 985.510, 276.450, 16
1881, 985.510, 284.950, 26
1882, 985.510, 293.450, 26
1883, 985.510, 301.950, 26
1884, 985.510, 310.450, 26
1885, 985.510, 318.950, 26
1886, 985.510, 327.450, 26
1887, 985.510, 335.950, 26
1888, 985.510, 344.450, 26
1889, 985.510, 352.950, 26
1890, 985.510, 361.450, 26
1891, 985.510, 369.950, 26
1892, 985.510, 378.450, 19
1893, 985.510, 386.950, 19
1894, 985.510, 395.450, 19
1895, 985.510, 403.950, 19
1896, 985.510, 412.450, 19
1897, 985.510, 420.950, 19
1898, 985.510, 429.450, 19
1899, 985.510, 437.950, 19
1900, 985.510, 446.450, 1
1901, 985.510, 454.950, 1
1902, 985.510, 463.450, 1
1903, 985.510, 471.950, 1
1904, 985.510, 480.450, 1
1905, 985.510, 488.950, 1
1906, 985.510, 497.450, 1
1907, 985.510, 505.950, 1
1908, 985.510, 514.450, 14
1909, 985.510, 522.950, 14
1910, 985.510, 531.450, 14
1911, 985.510, 539.950, 14
1912, 985.510, 548.450, 14
1913, 985.510, 556.950, 14
1914, 985.510, 565.450, 14
1915, 985.510, 573.950, 14
1916, 985.510, 582.450, 14
1917, 985.510, 590.950, 30
1918, 985.510, 599.450, 30
1919, 985.510, 607.950, 30
1920, 985.510, 616.450, 30
1921, 985.510, 624.950, 30
1922, 985.510, 633.450, 30
1923, 985.510, 641.950, 30
1924, 985.510, 650.450, 30
1925, 985.510, 658.950, 30
1926, 985.510, 667.450, 30
1927, 985.510, 675.950, 30
1928, 1006.380, 123.450, 27
1929, 1006.380, 131.950, 27
1930, 1006.380, 140.450, 27
1931, 1006.380, 148.950, 27
1932, 1006.380, 157.450, 27
1933, 1006.380, 165.950, 27
1934, 1006.380, 174.450, 27
1935, 1006.380, 182.950, 27
1936, 1006.380, 191.450, 27
1937, 1006.380, 199.950, 27
1938, 1006.380, 208.450, 16
1939, 1006.380, 216.950, 16
1940, 1006.380, 225.450, 16
1941, 1006.380, 233.950, 16
1942, 1006.380, 242.450, 16
1943, 1006.380, 250.950, 16
1944, 1006.380, 259.450, 16
1945, 1006.380, 267.950, 16
1946, 1006.380, 276.450, 16
1947, 1006.380, 284.950, 26
1948, 1006.380, 293.450, 26
1949, 1006.380, 301.950, 26
1950, 1006.380, 310.450, 26
1951, 1006.380, 318.950, 26
1952, 1006.380, 327.450, 26
1953, 1006.380, 335.950, 26
1954, 1006.380, 344.450, 26
1955, 1006.380, 352.950, 26
1956, 1006.380, 361.450, 26
1957, 1006.380, 369.950, 26
1958, 1006.380, 378.450, 19
1959, 1006.380, 386.950, 19
1960, 1006.380, 395.450, 19
1961, 1006.380, 403.950, 19
1962, 1006.380, 412.450, 19
1963, 1006.380, 420.950, 19
1964, 1006.380, 429.450, 19
1965, 1006.380, 437.950, 19
1966, 1006.380, 446.450, 1
1967, 1006.380, 454.950, 1
1968, 1006.380, 463.450, 1
1969, 1006.380, 471.950, 1
1970, 1006.380, 480.450, 1
1971, 1006.380, 488.950, 1
1972, 1006.380, 497.450, 1
1973, 1006.380, 505.950, 1
1974, 1006.380, 514.450, 14
1975, 1006.380, 522.950, 14
1976, 1006.380, 531.450, 14
1977, 1006.380, 539.950, 14
1978, 1006.380, 548.450, 14
1979, 1006.380, 556.950, 14
1980, 1006.380, 565.450, 14
1981, 1006.380, 573.950, 14
1982, 1006.380, 582.450, 14
1983, 1006.380, 590.950, 30
1984, 1006.380, 599.450, 30
1985, 1006.380, 607.950, 30
1986, 1006.380, 616.450, 30
1987, 1006.380, 624.950, 30
1988, 1006.380, 633.450, 30
1989, 1006.380, 641.950, 30
1990, 1006.380, 650.450, 30
1991, 1006.380, 658.950, 30
1992, 1006.380, 667.450, 30
1993, 1027.250, 131.950, 27
1994, 1027.250, 140.450, 27
1995, 1027.250, 148.950, 27
1996, 1027.250, 157.450, 27
1997, 1027.250, 165.950, 27
1998, 1027.250, 174.450, 27
1999, 1027.250, 182.950, 27
2000, 1027.250, 191.450, 27
2001, 1027.250, 199.950, 27
2002, 1027.250, 208.450, 16
2003, 1027.250, 216.950, 16
2004, 1027.250, 225.450, 16
2005, 1027.250, 233.950, 16
2006, 1027.250, 242.450, 16
2007, 1027.250, 250.950, 16
2008, 1027.250, 259.450, 16
2009, 1027.250, 267.950, 16
2010, 1027.250, 276.450, 16
2011, 1027.250, 284.950, 26
2012, 1027.250, 293.450, 26
2013, 1027.250, 301.950, 26
2014, 1027.250, 310.450, 26
2015, 1027.250, 318.950, 26
2016, 1027.250, 327.450, 26
2017, 1027.250, 335.950, 26
2018, 1027.250, 344.450, 26
2019, 1027.250, 352.950, 26
2020, 1027.250, 361.450, 26
2021, 1027.250, 369.950, 26
2022, 1027.250, 378.450, 19
2023, 1027.250, 386.950, 19
2024, 1027.250, 395.450, 19
2025, 1027.250, 403.950, 19
2026, 1027.250, 412.450, 19
2027, 1027.250, 420.950, 19
2028, 1027.250, 429.450, 19
2029, 1027.250, 437.950, 19
2030, 1027.250, 446.450, 1
2031, 1027.250, 454.950, 1
2032, 1027.250, 463.450, 1
2033, 1027.250, 471.950, 1
2034, 1027.250, 480.450, 1
2035, 1027.250, 488.950, 1
2036, 1027.250, 497.450, 1
2037, 1027.250, 505.950, 1
2038, 1027.250, 514.450, 14
2039, 1027.250, 522.950, 14
2040, 1027.250, 531.450, 14
2041, 1027.250, 539.950, 14
2042, 1027.250, 548.450, 14
2043, 1027.250, 556.950, 14
2044, 1027.250, 565.450, 14
2045, 1027.250, 573.950, 14
2046, 1027.250, 582.450, 14
2047, 1027.250, 590.950, 30
2048, 1027.250, 599.450, 30
2049, 1027.250, 607.950, 30
2050, 1027.250, 616.450, 30
2051, 1027.250, 624.950, 30
2052, 1027.250, 633.450, 30
2053, 1027.250, 641.950, 30
2054, 1027.250, 650.450, 30
2055, 1027.250, 658.950, 30
2056, 1027.250, 667.450, 30
2057, 1048.120, 131.950, 27
2058, 1048.120, 140.450, 27
2059, 1048.120, 148.950, 27
2060, 1048.120, 157.450, 27
2061, 1048.120, 165.950, 27
2062, 1048.120, 174.450, 27
2063, 1048.120, 182.950, 27
2064, 1048.120, 191.450, 27
2065, 1048.120, 199.950, 27
2066, 1048.120, 208.450, 16
2067, 1048.120, 216.950, 16
2068, 1048.120, 225.450, 16
2069, 1048.120, 233.950, 16
2070, 1048.120, 242.450, 16
2071, 1048.120, 250.950, 16
2072, 1048.120, 259.450, 16
2073, 1048.120, 267.950, 16
2074, 1048.120, 276.450, 16
2075, 1048.120, 284.950, 26
2076, 1048.120, 293.450, 26
2077, 1048.120, 301.950, 26
2078, 1048.120, 310.450, 26
2079, 1048.120, 318.950, 26
2080, 1048.120, 327.450, 26
2081, 1048.120, 335.950, 26
2082, 1048.120, 344.450, 26
2083, 1048.120, 352.950, 26
2084, 1048.120, 361.450, 26
2085, 1048.120, 369.950, 26
2086, 1048.120, 378.450, 19
2087, 1048.120, 386.950, 19
2088, 1048.120, 395.450, 19
2089, 1048.120, 403.950, 19
2090, 1048.120, 412.450, 19
2091, 1048.120, 420.950, 19
2092, 1048.120, 429.450, 19
2093, 1048.120, 437.950, 19
2094, 1048.120, 446.450, 1
2095, 1048.120, 454.950, 1
2096, 1048.120, 463.450, 1
2097, 1048.120, 471.950, 1
2098, 1048.120, 480.450, 1
2099, 1048.120, 488.950, 1
2100, 1048.120, 497.450, 1
2101, 1048.120, 505.950, 1
2102, 1048.120, 514.450, 14
2103, 1048.120, 522.950, 14
2104, 1048.120, 531.450, 14
2105, 1048.120, 539.950, 14
2106, 1048.120, 548.450, 14
2107, 1048.120, 556.950, 14
2108, 1048.120, 565.450, 14
2109, 1048.120, 573.950, 14
2110, 1048.120, 582.450, 14
2111, 1048.120, 590.950, 30
2112, 1048.120, 599.450, 30
2113, 1048.120, 607.950, 30
2114, 1048.120, 616.450, 30
2115, 1048.120, 624.950, 30
2116, 1048.120, 633.450, 30
2117, 1048.120, 641.950, 30
2118, 1048.120, 650.450, 30
2119, 1048.120, 658.950, 30
2120, 1068.990, 131.950, 27
2121, 1068.990, 140.450, 27
2122, 1068.990, 148.950, 27
2123, 1068.990, 157.450, 27
2124, 1068.990, 165.950, 27
2125, 1068.990, 174.450, 27
2126, 1068.990, 182.950, 27
2127, 1068.990, 191.450, 27
2128, 1068.990, 199.950, 27
2129, 1068.990, 208.450, 16
2130, 1068.990, 216.950, 16
2131, 1068.990, 225.450, 16
2132, 1068.990, 233.950, 16
2133, 1068.990, 242.450, 16
2134, 1068.990, 250.950, 16
2135, 1068.990, 259.450, 16
2136, 1068.990, 267.950, 16
2137, 1068.990, 276.450, 16
2138, 1068.990, 284.950, 26
2139, 1068.990, 293.450, 26
2140, 1068.990, 301.950, 26
2141, 1068.990, 310.450, 26
2142, 1068.990, 318.950, 26
2143, 1068.990, 327.450, 26
2144, 1068.990, 335.950, 26
2145, 1068.990, 344.450, 26
2146, 1068.990, 352.950, 26
2147, 1068.990, 361.450, 26
2148, 1068.990, 369.950, 26
2149, 1068.990, 378.450, 19
2150, 1068.990, 386.950, 19
2151, 1068.990, 395.450, 19
2152, 1068.990, 403.950, 19
2153, 1068.990, 412.450, 19
2154, 1068.990, 420.950, 19
2155, 1068.990, 429.450, 19
2156, 1068.990, 437.950, 19
2157, 1068.990, 446.450, 1
2158, 1068.990, 454.950, 1
2159, 1068.990, 463.450, 1
2160, 1068.990, 471.950, 1
2161, 1068.990, 480.450, 1
2162, 1068.990, 488.950, 1
2163, 1068.990, 497.450, 1
2164, 1068.990, 505.950, 1
2165, 1068.990, 514.450, 14
2166, 1068.990, 522.950, 14
2167, 1068.990, 531.450, 14
2168, 1068.990, 539.950, 14
2169, 1068.990, 548.450, 14
2170, 1068.990, 556.950, 14
2171, 1068.990, 565.450, 14
2172, 1068.990, 573.950, 14
2173, 1068.990, 582.450, 14
2174, 1068.990, 590.950, 30
2175, 1068.990, 599.450, 30
2176, 1068.990, 607.950, 30
2177, 1068.990, 616.450, 30
2178, 1068.990, 624.950, 30
2179, 1068.990, 633.450, 30
2180, 1068.990, 641.950, 30
2181, 1068.990, 650.450, 30
2182, 1068.990, 658.950, 30
2183, 1089.860, 140.450, 27
2184, 1089.860, 148.950, 27
2185, 1089.860, 157.450, 27
2186, 1089.860, 165.950, 27
2187, 1089.860, 174.450, 27
2188, 1089.860, 182.950, 27
2189, 1089.860, 191.450, 27
2190, 1089.860, 199.950, 27
2191, 1089.860, 208.450, 16
2192, 1089.860, 216.950, 16
2193, 1089.860, 225.450, 16
2194, 1089.860, 233.950, 16
2195, 1089.860, 242.450, 16
2196, 1089.860, 250.950, 16
2197, 1089.860, 259.450, 16
2198, 1089.860, 267.950, 16
2199, 1089.860, 276.450, 16
2200, 1089.860, 284.950, 26
2201, 1089.860, 293.450, 26
2202, 1089.860, 301.950, 26
2203, 1089.860, 310.450, 26
2204, 1089.860, 318.950, 26
2205, 1089.860, 327.450, 26
2206, 1089.860, 335.950, 26
2207, 1089.860, 344.450, 26
2208, 1089.860, 352.950, 26
2209, 1089.860, 361.450, 26
2210, 1089.860, 369.950, 26
2211, 1089.860, 378.450, 19
2212, 1089.860, 386.950, 19
2213, 1089.860, 395.450, 19
2214, 1089.860, 403.950, 19
2215, 1089.860, 412.450, 19
2216, 1089.860, 420.950, 19
2217, 1089.860, 429.450, 19
2218, 1089.860, 437.950, 19
2219, 1089.860, 446.450, 1
2220, 1089.860, 454.950, 1
2221, 1089.860, 463.450, 1
2222, 1089.860, 471.950, 1
2223, 1089.860, 480.450, 1
2224, 1089.860, 488.950, 1
2225, 1089.860, 497.450, 1
2226, 1089.860, 505.950, 1
2227, 1089.860, 514.450, 14
2228, 1089.860, 522.950, 14
2229, 1089.860, 531.450, 14
2230, 1089.860, 539.950, 14
2231, 1089.860, 548.450, 14
2232, 1089.860, 556.950, 20
2233, 1089.860, 565.450, 20
2234, 1089.860, 573.950, 20
2235, 1089.860, 582.450, 20
2236, 1089.860, 590.950, 20
2237, 1089.860, 599.450, 20
2238, 1089.860, 607.950, 20
2239, 1089.860, 616.450, 20
2240, 1089.860, 624.950, 20
2241, 1089.860, 633.450, 20
2242, 1089.860, 641.950, 20
2243, 1089.860, 650.450, 20
2244, 1110.730, 140.450, 27
2245, 1110.730, 148.950, 27
2246, 1110.730, 157.450, 27
2247, 1110.730, 165.950, 27
2248, 1110.730, 174.450, 27
2249, 1110.730, 182.950, 27
2250, 1110.730, 191.450, 27
2251, 1110.730, 199.950, 27
2252, 1110.730, 208.450, 16
2253, 1110.730, 216.950, 16
2254, 1110.730, 225.450, 16
2255, 1110.730, 233.950, 16
2256, 1110.730, 242.450, 16
2257, 1110.730, 250.950, 16
2258, 1110.730, 259.450, 16
2259, 1110.730, 267.950, 16
2260, 1110.730, 276.450, 16
2261, 1110.730, 284.950, 26
2262, 1110.730, 293.450, 26
2263, 1110.730, 301.950, 26
2264, 1110.730, 310.450, 26
2265, 1110.730, 318.950, 26
2266, 1110.730, 327.450, 26
2267, 1110.730, 335.950, 26
2268, 1110.730, 344.450, 26
2269, 1110.730, 352.950, 26
2270, 1110.730, 361.450, 26
2271, 1110.730, 369.950, 26
2272, 1110.730, 378.450, 19
2273, 1110.730, 386.950, 19
2274, 1110.730, 395.450, 19
2275, 1110.730, 403.950, 19
2276, 1110.730, 412.450, 19
2277, 1110.730, 420.950, 19
2278, 1110.730, 429.450, 19
2279, 1110.730, 437.950, 19
2280, 1110.730, 446.450, 1
2281, 1110.730, 454.950, 1
2282, 1110.730, 463.450, 1
2283, 1110.730, 471.950, 1
2284, 1110.730, 480.450, 1
2285, 1110.730, 488.950, 1
2286, 1110.730, 497.450, 1
2287, 1110.730, 505.950, 1
2288, 1110.730, 514.450, 1
2289, 1110.730, 522.950, 1
2290, 1110.730, 531.450, 20
2291, 1110.730, 539.950, 20
2292, 1110.730, 548.450, 20
2293, 1110.730, 556.950, 20
2294, 1110.730, 565.450, 20
2295, 1110.730, 573.950, 20
2296, 1110.730, 582.450, 20
2297, 1110.730, 590.950, 20
2298, 1110.730, 599.450, 20
2299, 1110.730, 607.950, 20
2300, 1110.730, 616.450, 20
2301, 1110.730, 624.950, 20
2302, 1110.730, 633.450, 20
2303, 1110.730, 641.950, 20
2304, 1110.730, 650.450, 20
2305, 1131.600, 148.950, 27
2306, 1131.600, 157.450, 27
2307, 1131.600, 165.950, 27
2308, 1131.600, 174.450, 27
2309, 1131.600, 182.950, 27
2310, 1131.600, 191.450, 27
2311, 1131.600, 199.950, 27
2312, 1131.600, 208.450, 16
2313, 1131.600, 216.950, 16
2314, 1131.600, 225.450, 16
2315, 1131.600, 233.950, 16
2316, 1131.600, 242.450, 16
2317, 1131.600, 250.950, 16
2318, 1131.600, 259.450, 16
2319, 1131.600, 267.950, 16
2320, 1131.600, 276.450, 16
2321, 1131.600, 284.950, 26
2322, 1131.600, 293.450, 26
2323, 1131.600, 301.950, 26
2324, 1131.600, 310.450, 26
2325, 1131.600, 318.950, 26
2326, 1131.600, 327.450, 26
2327, 1131.600, 335.950, 26
2328, 1131.600, 344.450, 26
2329, 1131.600, 352.950, 26
2330, 1131.600, 361.450, 26
2331, 1131.600, 369.950, 26
2332, 1131.600, 378.450, 19
2333, 1131.600, 386.950, 19
2334, 1131.600, 395.450, 19
2335, 1131.600, 403.950, 19
2336, 1131.600, 412.450, 19
2337, 1131.600, 420.950, 19
2338, 1131.600, 429.450, 19
2339, 1131.600, 437.950, 19
2340, 1131.600, 446.450, 1
2341, 1131.600, 454.950, 1
2342, 1131.600, 463.450, 1
2343, 1131.600, 471.950, 1
2344, 1131.600, 480.450, 1
2345, 1131.600, 488.950, 1
2346, 1131.600, 497.450, 1
2347, 1131.600, 505.950, 1
2348, 1131.600, 514.450, 1
2349, 1131.600, 522.950, 1
2350, 1131.600, 531.450, 20
2351, 1131.600, 539.950, 20
2352, 1131.600, 548.450, 20
2353, 1131.600, 556.950, 20
2354, 1131.600, 565.450, 20
2355, 1131.600, 573.950, 20
2356, 1131.600, 582.450, 20
2357, 1131.600, 590.950, 20
2358, 1131.600, 599.450, 20
2359, 1131.600, 607.950, 20
2360, 1131.600, 616.450, 20
2361, 1131.600, 624.950, 20
2362, 1131.600, 633.450, 20
2363, 1131.600, 641.950, 20
2364, 1131.600, 650.450, 20
2365, 1152.470, 148.950, 27
2366, 1152.470, 157.450, 27
2367, 1152.470, 165.950, 27
2368, 1152.470, 174.450, 2
2369, 1152.470, 182.950, 2
2370, 1152.470, 191.450, 2
2371, 1152.470, 199.950, 2
2372, 1152.470, 208.450, 2
2373, 1152.470, 216.950, 2
2374, 1152.470, 225.450, 16
2375, 1152.470, 233.950, 16
2376, 1152.470, 242.450, 16
2377, 1152.470, 250.950, 16
2378, 1152.470, 259.450, 16
2379, 1152.470, 267.950, 16
2380, 1152.470, 276.450, 16
2381, 1152.470, 284.950, 16
2382, 1152.470, 293.450, 26
2383, 1152.470, 301.950, 26
2384, 1152.470, 310.450, 26
2385, 1152.470, 318.950, 26
2386, 1152.470, 327.450, 26
2387, 1152.470, 335.950, 26
2388, 1152.470, 344.450, 26
2389, 1152.470, 352.950, 26
2390, 1152.470, 361.450, 26
2391, 1152.470, 369.950, 26
2392, 1152.470, 378.450, 19
2393, 1152.470, 386.950, 19
2394, 1152.470, 395.450, 19
2395, 1152.470, 403.950, 19
2396, 1152.470, 412.450, 19
2397, 1152.470, 420.950, 19
2398, 1152.470, 429.450, 19
2399, 1152.470, 437.950, 19
2400, 1152.470, 446.450, 1
2401, 1152.470, 454.950, 1
2402, 1152.470, 463.450, 1
2403, 1152.470, 471.950, 1
2404, 1152.470, 480.450, 1
2405, 1152.470, 488.950, 1
2406, 1152.470, 497.450, 1
2407, 1152.470, 505.950, 1
2408, 1152.470, 514.450, 1
2409, 1152.470, 522.950, 1
2410, 1152.470, 531.450, 20
2411, 1152.470, 539.950, 20
2412, 1152.470, 548.450, 20
2413, 1152.470, 556.950, 20
2414, 1152.470, 565.450, 20
2415, 1152.470, 573.950, 20
2416, 1152.470, 582.450, 20
2417, 1152.470, 590.950, 20
2418, 1152.470, 599.450, 20
2419, 1152.470, 607.950, 20
2420, 1152.470, 616.450, 20
2421, 1152.470, 624.950, 20
2422, 1152.470, 633.450, 20
2423, 1152.470, 641.950, 20
2424, 1173.340, 148.950, 2
2425, 1173.340, 157.450, 2
2426, 1173.340, 165.950, 2
2427, 1173.340, 174.450, 2
2428, 1173.340, 182.950, 2
2429, 1173.340, 191.450, 2
2430, 1173.340, 199.950, 2
2431, 1173.340, 208.450, 2
2432, 1173.340, 216.950, 2
2433, 1173.340, 225.450, 2
2434, 1173.340, 233.950, 2
2435, 1173.340, 242.450, 2
2436, 1173.340, 250.950, 16
2437, 1173.340, 259.450, 16
2438, 1173.340, 267.950, 16
2439, 1173.340, 276.450, 16
2440, 1173.340, 284.950, 16
2441, 1173.340, 293.450, 26
2442, 1173.340, 301.950, 26
2443, 1173.340, 310.450, 26
2444, 1173.340, 318.950, 26
2445, 1173.340, 327.450, 13
2446, 1173.340, 335.950, 13
2447, 1173.340, 344.450, 13
2448, 1173.340, 352.950, 13
2449, 1173.340, 361.450, 13
2450, 1173.340, 369.950, 13
2451, 1173.340, 378.450, 13
2452, 1173.340, 386.950, 13
2453, 1173.340, 395.450, 19
2454, 1173.340, 403.950, 19
2455, 1173.340, 412.450, 19
2456, 1173.340, 420.950, 29
2457, 1173.340, 429.450, 29
2458, 1173.340, 437.950, 29
2459, 1173.340, 446.450, 29
2460, 1173.340, 454.950, 29
2461, 1173.340, 463.450, 1
2462, 1173.340, 471.950, 1
2463, 1173.340, 480.450, 1
2464, 1173.340, 488.950, 1
2465, 1173.340, 497.450, 1
2466, 1173.340, 505.950, 1
2467, 1173.340, 514.450, 1
2468, 1173.340, 522.950, 1
2469, 1173.340, 531.450, 20
2470, 1173.340, 539.950, 20
2471, 1173.340, 548.450, 20
2472, 1173.340, 556.950, 20
2473, 1173.340, 565.450, 20
2474, 1173.340, 573.950, 20
2475, 1173.340, 582.450, 20
2476, 1173.340, 590.950, 20
2477, 1173.340, 599.450, 20
2478, 1173.340, 607.950, 20
2479, 1173.340, 616.450, 20
2480, 1173.340, 624.950, 20
2481, 1173.340, 633.450, 20
2482, 1173.340, 641.950, 20
2483, 1194.210, 157.450, 2
2484, 1194.210, 165.950, 2
2485, 1194.210, 174.450, 2
2486, 1194.210, 182.950, 2
2487, 1194.210, 191.450, 2
2488, 1194.210, 199.950, 2
2489, 1194.210, 208.450, 2
2490, 1194.210, 216.950, 2
2491, 1194.210, 225.450, 2
2492, 1194.210, 233.950, 2
2493, 1194.210, 242.450, 2
2494, 1194.210, 250.950, 16
2495, 1194.210, 259.450, 16
2496, 1194.210, 267.950, 16
2497, 1194.210, 276.450, 16
2498, 1194.210, 284.950, 16
2499, 1194.210, 293.450, 13
2500, 1194.210, 301.950, 13
2501, 1194.210, 310.450, 13
2502, 1194.210, 318.950, 13
2503, 1194.210, 327.450, 13
2504, 1194.210, 335.950, 13
2505, 1194.210, 344.450, 13
2506, 1194.210, 352.950, 13
2507, 1194.210, 361.450, 13
2508, 1194.210, 369.950, 13
2509, 1194.210, 378.450, 13
2510, 1194.210, 386.950, 13
2511, 1194.210, 395.450, 13
2512, 1194.210, 403.950, 29
2513, 1194.210, 412.450, 29
2514, 1194.210, 420.950, 29
2515, 1194.210, 429.450, 29
2516, 1194.210, 437.950, 29
2517, 1194.210, 446.450, 29
2518, 1194.210, 454.950, 29
2519, 1194.210, 463.450, 29
2520, 1194.210, 471.950, 1
2521, 1194.210, 480.450, 1
2522, 1194.210, 488.950, 1
2523, 1194.210, 497.450, 1
2524, 1194.210, 505.950, 1
2525, 1194.210, 514.450, 1
2526, 1194.210, 522.950, 1
2527, 1194.210, 531.450, 20
2528, 1194.210, 539.950, 20
2529, 1194.210, 548.450, 20
2530, 1194.210, 556.950, 20
2531, 1194.210, 565.450, 20
2532, 1194.210, 573.950, 20
2533, 1194.210, 582.450, 20
2534, 1194.210, 590.950, 20
2535, 1194.210, 599.450, 20
2536, 1194.210, 607.950, 20
2537, 1194.210, 616.450, 20
2538, 1194.210, 624.950, 20
2539, 1194.210, 633.450, 20
2540, 1215.080, 157.450, 2
2541, 1215.080, 165.950, 2
2542, 1215.080, 174.450, 2
2543, 1215.080, 182.950, 2
2544, 1215.080, 191.450, 2
2545, 1215.080, 199.950, 2
2546, 1215.080, 208.450, 2
2547, 1215.080, 216.950, 2
2548, 1215.080, 225.450, 2
2549, 1215.080, 233.950, 2
2550, 1215.080, 242.450, 2
2551, 1215.080, 250.950, 16
2552, 1215.080, 259.450, 16
2553, 1215.080, 267.950, 16
2554, 1215.080, 276.450, 16
2555, 1215.080, 284.950, 16
2556, 1215.080, 293.450, 13
2557, 1215.080, 301.950, 13
2558, 1215.080, 310.450, 13
2559, 1215.080, 318.950, 13
2560, 1215.080, 327.450, 13
2561, 1215.080, 335.950, 13
2562, 1215.080, 344.450, 13
2563, 1215.080, 352.950, 13
2564, 1215.080, 361.450, 13
2565, 1215.080, 369.950, 13
2566, 1215.080, 378.450, 13
2567, 1215.080, 386.950, 13
2568, 1215.080, 395.450, 13
2569, 1215.080, 403.950, 29
2570, 1215.080, 412.450, 29
2571, 1215.080, 420.950, 29
2572, 1215.080, 429.450, 29
2573, 1215.080, 437.950, 29
2574, 1215.080, 446.450, 29
2575, 1215.080, 454.950, 29
2576, 1215.080, 463.450, 29
2577, 1215.080, 471.950, 29
2578, 1215.080, 480.450, 29
2579, 1215.080, 488.950, 29
2580, 1215.080, 497.450, 29
2581, 1215.080, 505.950, 29
2582, 1215.080, 514.450, 29
2583, 1215.080, 522.950, 29
2584, 1215.080, 531.450, 20
2585, 1215.080, 539.950, 20
2586, 1215.080, 548.450, 20
2587, 1215.080, 556.950, 20
2588, 1215.080, 565.450, 20
2589, 1215.080, 573.950, 20
2590, 1215.080, 582.450, 20
2591, 1215.080, 590.950, 20
2592, 1215.080, 599.450, 20
2593, 1215.080, 607.950, 20
2594, 1215.080, 616.450, 20
2595, 1215.080, 624.950, 20
2596, 1215.080, 633.450, 20
2597, 1235.950, 165.950, 2
2598, 1235.950, 174.450, 2
2599, 1235.950, 182.950, 2
2600, 1235.950, 191.450, 2
2601, 1235.950, 199.950, 2
2602, 1235.950, 208.450, 2
2603, 1235.950, 216.950, 2
2604, 1235.950, 225.450, 2
2605, 1235.950, 233.950, 2
2606, 1235.950, 242.450, 2
2607, 1235.950, 250.950, 23
2608, 1235.950, 259.450, 23
2609, 1235.950, 267.950, 23
2610, 1235.950, 276.450, 23
2611, 1235.950, 284.950, 23
2612, 1235.950, 293.450, 13
2613, 1235.950, 301.950, 13
2614, 1235.950, 310.450, 13
2615, 1235.950, 318.950, 13
2616, 1235.950, 327.450, 13
2617, 1235.950, 335.950, 13
2618, 1235.950, 344.450, 13
2619, 1235.950, 352.950, 13
2620, 1235.950, 361.450, 13
2621, 1235.950, 369.950, 13
2622, 1235.950, 378.450, 13
2623, 1235.950, 386.950, 13
2624, 1235.950, 395.450, 13
2625, 1235.950, 403.950, 29
2626, 1235.950, 412.450, 29
2627, 1235.950, 420.950, 29
2628, 1235.950, 429.450, 29
2629, 1235.950, 437.950, 29
2630, 1235.950, 446.450, 29
2631, 1235.950, 454.950, 29
2632, 1235.950, 463.450, 29
2633, 1235.950, 471.950, 29
2634, 1235.950, 480.450, 29
2635, 1235.950, 488.950, 29
2636, 1235.950, 497.450, 29
2637, 1235.950, 505.950, 29
2638, 1235.950, 514.450, 29
2639, 1235.950, 522.950, 29
2640, 1235.950, 531.450, 20
2641, 1235.950, 539.950, 20
2642, 1235.950, 548.450, 20
2643, 1235.950, 556.950, 20
2644, 1235.950, 565.450, 20
2645, 1235.950, 573.950, 20
2646, 1235.950, 582.450, 20
2647, 1235.950, 590.950, 20
2648, 1235.950, 599.450, 20
2649, 1235.950, 607.950, 20
2650, 1235.950, 616.450, 20
2651, 1235.950, 624.950, 20
2652, 1256.820, 165.950, 2
2653, 1256.820, 174.450, 2
2654, 1256.820, 182.950, 2
2655, 1256.820, 191.450, 2
2656, 1256.820, 199.950, 2
2657, 1256.820, 208.450, 2
2658, 1256.820, 216.950, 2
2659, 1256.820, 225.450, 2
2660, 1256.820, 233.950, 2
2661, 1256.820, 242.450, 2
2662, 1256.820, 250.950, 23
2663, 1256.820, 259.450, 23
2664, 1256.820, 267.950, 23
2665, 1256.820, 276.450, 23
2666, 1256.820, 284.950, 23
2667, 1256.820, 293.450, 13
2668, 1256.820, 301.950, 13
2669, 1256.820, 310.450, 13
2670, 1256.820, 318.950, 13
2671, 1256.820, 327.450, 13
2672, 1256.820, 335.950, 13
2673, 1256.820, 344.450, 13
2674, 1256.820, 352.950, 13
2675, 1256.820, 361.450, 13
2676, 1256.820, 369.950, 13
2677, 1256.820, 378.450, 13
2678, 1256.820, 386.950, 13
2679, 1256.820, 395.450, 13
2680, 1256.820, 403.950, 29
2681, 1256.820, 412.450, 29
2682, 1256.820, 420.950, 29
2683, 1256.820, 429.450, 29
2684, 1256.820, 437.950, 29
2685, 1256.820, 446.450, 29
2686, 1256.820, 454.950, 29
2687, 1256.820, 463.450, 29
2688, 1256.820, 471.950, 29
2689, 1256.820, 480.450, 29
2690, 1256.820, 488.950, 29
2691, 1256.820, 497.450, 29
2692, 1256.820, 505.950, 29
2693, 1256.820, 514.450, 29
2694, 1256.820, 522.950, 29
2695, 1256.820, 531.450, 5
2696, 1256.820, 539.950, 5
2697, 1256.820, 548.450, 5
2698, 1256.820, 556.950, 5
2699, 1256.820, 565.450, 5
2700, 1256.820, 573.950, 5
2701, 1256.820, 582.450, 5
2702, 1256.820, 590.950, 5
2703, 1256.820, 599.450, 5
2704, 1256.820, 607.950, 5
2705, 1256.820, 616.450, 5
2706, 1256.820, 624.950, 20
2707, 1277.690, 165.950, 2
2708, 1277.690, 174.450, 2
2709, 1277.690, 182.950, 2
2710, 1277.690, 191.450, 2
2711, 1277.690, 199.950, 2
2712, 1277.690, 208.450, 2
2713, 1277.690, 216.950, 2
2714, 1277.690, 225.450, 2
2715, 1277.690, 233.950, 2
2716, 1277.690, 242.450, 23
2717, 1277.690, 250.950, 23
2718, 1277.690, 259.450, 23
2719, 1277.690, 267.950, 23
2720, 1277.690, 276.450, 23
2721, 1277.690, 284.950, 23
2722, 1277.690, 293.450, 13
2723, 1277.690, 301.950, 13
2724, 1277.690, 310.450, 13
2725, 1277.690, 318.950, 13
2726, 1277.690, 327.450, 13
2727, 1277.690, 335.950, 13
2728, 1277.690, 344.450, 13
2729, 1277.690, 352.950, 13
2730, 1277.690, 361.450, 13
2731, 1277.690, 369.950, 13
2732, 1277.690, 378.450, 13
2733, 1277.690, 386.950, 13
2734, 1277.690, 395.450, 13
2735, 1277.690, 403.950, 29
2736, 1277.690, 412.450, 29
2737, 1277.690, 420.950, 29
2738, 1277.690, 429.450, 29
2739, 1277.690, 437.950, 29
2740, 1277.690, 446.450, 29
2741, 1277.690, 454.950, 29
2742, 1277.690, 463.450, 29
2743, 1277.690, 471.950, 29
2744, 1277.690, 480.450, 29
2745, 1277.690, 488.950, 29
2746, 1277.690, 497.450, 29
2747, 1277.690, 505.950, 29
2748, 1277.690, 514.450, 29
2749, 1277.690, 522.950, 29
2750, 1277.690, 531.450, 5
2751, 1277.690, 539.950, 5
2752, 1277.690, 548.450, 5
2753, 1277.690, 556.950, 5
2754, 1277.690, 565.450, 5
2755, 1277.690, 573.950, 5
2756, 1277.690, 582.450, 5
2757, 1277.690, 590.950, 5
2758, 1277.690, 599.450, 5
2759, 1277.690, 607.950, 5
2760, 1277.690, 616.450, 5
2761, 1298.560, 174.450, 2
2762, 1298.560, 182.950, 2
2763, 1298.560, 191.450, 2
2764, 1298.560, 199.950, 2
2765, 1298.560, 208.450, 2
2766, 1298.560, 216.950, 2
2767, 1298.560, 225.450, 2
2768, 1298.560, 233.950, 2
2769, 1298.560, 242.450, 23
2770, 1298.560, 250.950, 23
2771, 1298.560, 259.450, 23
2772, 1298.560, 267.950, 23
2773, 1298.560, 276.450, 23
2774, 1298.560, 284.950, 23
2775, 1298.560, 293.450, 23
2776, 1298.560, 301.950, 13
2777, 1298.560, 310.450, 13
2778, 1298.560, 318.950, 13
2779, 1298.560, 327.450, 13
2780, 1298.560, 335.950, 13
2781, 1298.560, 344.450, 13
2782, 1298.560, 352.950, 13
2783, 1298.560, 361.450, 13
2784, 1298.560, 369.950, 13
2785, 1298.560, 378.450, 13
2786, 1298.560, 386.950, 13
2787, 1298.560, 395.450, 13
2788, 1298.560, 403.950, 29
2789, 1298.560, 412.450, 29
2790, 1298.560, 420.950, 29
2791, 1298.560, 429.450, 29
2792, 1298.560, 437.950, 29
2793, 1298.560, 446.450, 29
2794, 1298.560, 454.950, 29
2795, 1298.560, 463.450, 29
2796, 1298.560, 471.950, 29
2797, 1298.560, 480.450, 29
2798, 1298.560, 488.950, 29
2799, 1298.560, 497.450, 29
2800, 1298.560, 505.950, 29
2801, 1298.560, 514.450, 29
2802, 1298.560, 522.950, 29
2803, 1298.560, 531.450, 5
2804, 1298.560, 539.950, 5
2805, 1298.560, 548.450, 5
2806, 1298.560, 556.950, 5
2807, 1298.560, 565.450, 5
2808, 1298.560, 573.950, 5
2809, 1298.560, 582.450, 5
2810, 1298.560, 590.950, 5
2811, 1298.560, 599.450, 5
2812, 1298.560, 607.950, 5
2813, 1298.560, 616.450, 5
2814, 1319.430, 174.450, 2
2815, 1319.430, 182.950, 2
2816, 1319.430, 191.450, 2
2817, 1319.430, 199.950, 2
2818, 1319.430, 208.450, 2
2819, 1319.430, 216.950, 2
2820, 1319.430, 225.450, 2
2821, 1319.430, 233.950, 2
2822, 1319.430, 242.450, 23
2823, 1319.430, 250.950, 23
2824, 1319.430, 259.450, 23
2825, 1319.430, 267.950, 23
2826, 1319.430, 276.450, 23
2827, 1319.430, 284.950, 23
2828, 1319.430, 293.450, 23
2829, 1319.430, 301.950, 13
2830, 1319.430, 310.450, 13
2831, 1319.430, 318.950, 13
2832, 1319.430, 327.450, 13
2833, 1319.430, 335.950, 13
2834, 1319.430, 344.450, 13
2835, 1319.430, 352.950, 13
2836, 1319.430, 361.450, 13
2837, 1319.430, 369.950, 13
2838, 1319.430, 378.450, 13
2839, 1319.430, 386.950, 13
2840, 1319.430, 395.450, 13
2841, 1319.430, 403.950, 29
2842, 1319.430, 412.450, 29
2843, 1319.430, 420.950, 29
2844, 1319.430, 429.450, 29
2845, 1319.430, 437.950, 29
2846, 1319.430, 446.450, 29
2847, 1319.430, 454.950, 29
2848, 1319.430, 463.450, 29
2849, 1319.430, 471.950, 29
2850, 1319.430, 480.450, 29
2851, 1319.430, 488.950, 29
2852, 1319.430, 497.450, 29
2853, 1319.430, 505.950, 29
2854, 1319.430, 514.450, 29
2855, 1319.430, 522.950, 29
2856, 1319.430, 531.450, 5
2857, 1319.430, 539.950, 5
2858, 1319.430, 548.450, 5
2859, 1319.430, 556.950, 5
2860, 1319.430, 565.450, 5
2861, 1319.430, 573.950, 5
2862, 1319.430, 582.450, 5
2863, 1319.430, 590.950, 5
2864, 1319.430, 599.450, 5
2865, 1319.430, 607.950, 5
2866, 1319.430, 616.450, 5
2867, 1340.300, 174.450, 2
2868, 1340.300, 182.950, 2
2869, 1340.300, 191.450, 2
2870, 1340.300, 199.950, 2
2871, 1340.300, 208.450, 2
2872, 1340.300, 216.950, 2
2873, 1340.300, 225.450, 2
2874, 1340.300, 233.950, 2
2875, 1340.300, 242.450, 23
2876, 1340.300, 250.950, 23
2877, 1340.300, 259.450, 23
2878, 1340.300, 267.950, 23
2879, 1340.300, 276.450, 23
2880, 1340.300, 284.950, 23
2881, 1340.300, 293.450, 23
2882, 1340.300, 301.950, 13
2883, 1340.300, 310.450, 13
2884, 1340.300, 318.950, 13
2885, 1340.300, 327.450, 13
2886, 1340.300, 335.950, 13
2887, 1340.300, 344.450, 13
2888, 1340.300, 352.950, 13
2889, 1340.300, 361.450, 13
2890, 1340.300, 369.950, 13
2891, 1340.300, 378.450, 13
2892, 1340.300, 386.950, 13
2893, 1340.300, 395.450, 13
2894, 1340.300, 403.950, 29
2895, 1340.300, 412.450, 29
2896, 1340.300, 420.950, 29
2897, 1340.300, 429.450, 29
2898, 1340.300, 437.950, 29
2899, 1340.300, 446.450, 29
2900, 1340.300, 454.950, 10
2901, 1340.300, 463.450, 10
2902, 1340.300, 471.950, 10
2903, 1340.300, 480.450, 10
2904, 1340.300, 488.950, 10
2905, 1340.300, 497.450, 10
2906, 1340.300, 505.950, 10
2907, 1340.300, 514.450, 10
2908, 1340.300, 522.950, 5
2909, 1340.300, 531.450, 5
2910, 1340.300, 539.950, 5
2911, 1340.300, 548.450, 5
2912, 1340.300, 556.950, 5
2913, 1340.300, 565.450, 5
2914, 1340.300, 573.950, 5
2915, 1340.300, 582.450, 5
2916, 1340.300, 590.950, 5
2917, 1340.300, 599.450, 5
2918, 1340.300, 607.950, 5
2919, 1361.170, 191.450, 2
2920, 1361.170, 199.950, 2
2921, 1361.170, 208.450, 2
2922, 1361.170, 216.950, 2
2923, 1361.170, 225.450, 2
2924, 1361.170, 233.950, 2
2925, 1361.170, 242.450, 23
2926, 1361.170, 250.950, 23
2927, 1361.170, 259.450, 23
2928, 1361.170, 267.950, 23
2929, 1361.170, 276.450, 23
2930, 1361.170, 284.950, 23
2931, 1361.170, 293.450, 23
2932, 1361.170, 301.950, 23
2933, 1361.170, 310.450, 23
2934, 1361.170, 318.950, 23
2935, 1361.170, 327.450, 11
2936, 1361.170, 335.950, 11
2937, 1361.170, 344.450, 11
2938, 1361.170, 352.950, 11
2939, 1361.170, 361.450, 11
2940, 1361.170, 369.950, 11
2941, 1361.170, 378.450, 11
2942, 1361.170, 386.950, 11
2943, 1361.170, 395.450, 11
2944, 1361.170, 403.950, 11
2945, 1361.170, 412.450, 11
2946, 1361.170, 420.950, 10
2947, 1361.170, 429.450, 10
2948, 1361.170, 437.950, 10
2949, 1361.170, 446.450, 10
2950, 1361.170, 454.950, 10
2951, 1361.170, 463.450, 10
2952, 1361.170, 471.950, 10
2953, 1361.170, 480.450, 10
2954, 1361.170, 488.950, 10
2955, 1361.170, 497.450, 10
2956, 1361.170, 505.950, 10
2957, 1361.170, 514.450, 10
2958, 1361.170, 522.950, 5
2959, 1361.170, 531.450, 5
2960, 1361.170, 539.950, 5
2961, 1361.170, 548.450, 5
2962, 1361.170, 556.950, 5
2963, 1361.170, 565.450, 5
2964, 1361.170, 573.950, 5
2965, 1361.170, 582.450, 5
2966, 1361.170, 590.950, 5
2967, 1361.170, 599.450, 5
2968, 1361.170, 607.950, 5
2969, 1382.040, 199.950, 2
2970, 1382.040, 208.450, 2
2971, 1382.040, 216.950, 2
2972, 1382.040, 225.450, 2
2973, 1382.040, 233.950, 2
2974, 1382.040, 242.450, 23
2975, 1382.040, 250.950, 23
2976, 1382.040, 259.450, 23
2977, 1382.040, 267.950, 23
2978, 1382.040, 276.450, 23
2979, 1382.040, 284.950, 23
2980, 1382.040, 293.450, 23
2981, 1382.040, 301.950, 23
2982, 1382.040, 310.450, 23
2983, 1382.040, 318.950, 23
2984, 1382.040, 327.450, 11
2985, 1382.040, 335.950, 11
2986, 1382.040, 344.450, 11
2987, 1382.040, 352.950, 11
2988, 1382.040, 361.450, 11
2989, 1382.040, 369.950, 11
2990, 1382.040, 378.450, 11
2991, 1382.040, 386.950, 11
2992, 1382.040, 395.450, 11
2993, 1382.040, 403.950, 11
2994, 1382.040, 412.450, 11
2995, 1382.040, 420.950, 10
2996, 1382.040, 429.450, 10
2997, 1382.040, 437.950, 10
2998, 1382.040, 446.450, 10
2999, 1382.040, 454.950, 10
3000, 1382.040, 463.450, 10
3001, 1382.040, 471.950, 10
3002, 1382.040, 480.450, 10
3003, 1382.040, 488.950, 10
3004, 1382.040, 497.450, 10
3005, 1382.040, 505.950, 10
3006, 1382.040, 514.450, 10
3007, 1382.040, 522.950, 10
3008, 1382.040, 531.450, 5
3009, 1382.040, 539.950, 5
3010, 1382.040, 548.450, 5
3011, 1382.040, 556.950, 5
3012, 1382.040, 565.450, 5
3013, 1382.040, 573.950, 5
3014, 1382.040, 582.450, 5
3015, 1382.040, 590.950, 5
3016, 1382.040, 599.450, 5
3017, 1402.910, 216.950, 2
3018, 1402.910, 225.450, 2
3019, 1402.910, 233.950, 2
3020, 1402.910, 242.450, 23
3021, 1402.910, 250.950, 23
3022, 1402.910, 259.450, 23
3023, 1402.910, 267.950, 23
3024, 1402.910, 276.450, 23
3025, 1402.910, 284.950, 23
3026, 1402.910, 293.450, 23
3027, 1402.910, 301.950, 23
3028, 1402.910, 310.450, 23
3029, 1402.910, 318.950, 11
3030, 1402.910, 327.450, 11
3031, 1402.910, 335.950, 11
3032, 1402.910, 344.450, 11
3033, 1402.910, 352.950, 11
3034, 1402.910, 361.450, 11
3035, 1402.910, 369.950, 11
3036, 1402.910, 378.450, 11
3037, 1402.910, 386.950, 11
3038, 1402.910, 395.450, 11
3039, 1402.910, 403.950, 11
3040, 1402.910, 412.450, 11
3041, 1402.910, 420.950, 10
3042, 1402.910, 429.450, 10
3043, 1402.910, 437.950, 10
3044, 1402.910, 446.450, 10
3045, 1402.910, 454.950, 10
3046, 1402.910, 463.450, 10
3047, 1402.910, 471.950, 10
3048, 1402.910, 480.450, 10
3049, 1402.910, 488.950, 10
3050, 1402.910, 497.450, 10
3051, 1402.910, 505.950, 10
3052, 1402.910, 514.450, 10
3053, 1402.910, 522.950, 10
3054, 1402.910, 531.450, 5
3055, 1402.910, 539.950, 5
3056, 1402.910, 548.450, 5
3057, 1402.910, 556.950, 5
3058, 1402.910, 565.450, 5
3059, 1402.910, 573.950, 5
3060, 1402.910, 582.450, 5
3061, 1402.910, 590.950, 5
3062, 1402.910, 599.450, 5
3063, 1423.780, 225.450, 2
3064, 1423.780, 233.950, 2
3065, 1423.780, 242.450, 23
3066, 1423.780, 250.950, 23
3067, 1423.780, 259.450, 23
3068, 1423.780, 267.950, 23
3069, 1423.780, 276.450, 23
3070, 1423.780, 284.950, 23
3071, 1423.780, 293.450, 23
3072, 1423.780, 301.950, 23
3073, 1423.780, 310.450, 23
3074, 1423.780, 318.950, 11
3075, 1423.780, 327.450, 11
3076, 1423.780, 335.950, 11
3077, 1423.780, 344.450, 11
3078, 1423.780, 352.950, 11
3079, 1423.780, 361.450, 11
3080, 1423.780, 369.950, 11
3081, 1423.780, 378.450, 11
3082, 1423.780, 386.950, 11
3083, 1423.780, 395.450, 11
3084, 1423.780, 403.950, 11
3085, 1423.780, 412.450, 11
3086, 1423.780, 420.950, 10
3087, 1423.780, 429.450, 10
3088, 1423.780, 437.950, 10
3089, 1423.780, 446.450, 10
3090, 1423.780, 454.950, 10
3091, 1423.780, 463.450, 10
3092, 1423.780, 471.950, 10
3093, 1423.780, 480.450, 10
3094, 1423.780, 488.950, 10
3095, 1423.780, 497.450, 10
3096, 1423.780, 505.950, 10
3097, 1423.780, 514.450, 10
3098, 1423.780, 522.950, 10
3099, 1423.780, 531.450, 5
3100, 1423.780, 539.950, 5
3101, 1423.780, 548.450, 5
3102, 1423.780, 556.950, 5
3103, 1423.780, 565.450, 5
3104, 1423.780, 573.950, 5
3105, 1423.780, 582.450, 5
3106, 1423.780, 590.950, 5
3107, 1444.650, 242.450, 23
3108, 1444.650, 250.950, 23
3109, 1444.650, 259.450, 23
3110, 1444.650, 267.950, 23
3111, 1444.650, 276.450, 23
3112, 1444.650, 284.950, 23
3113, 1444.650, 293.450, 23
3114, 1444.650, 301.950, 23
3115, 1444.650, 310.450, 23
3116, 1444.650, 318.950, 11
3117, 1444.650, 327.450, 11
3118, 1444.650, 335.950, 11
3119, 1444.650, 344.450, 11
3120, 1444.650, 352.950, 11
3121, 1444.650, 361.450, 11
3122, 1444.650, 369.950, 11
3123, 1444.650, 378.450, 11
3124, 1444.650, 386.950, 11
3125, 1444.650, 395.450, 11
3126, 1444.650, 403.950, 11
3127, 1444.650, 412.450, 11
3128, 1444.650, 420.950, 10
3129, 1444.650, 429.450, 10
3130, 1444.650, 437.950, 10
3131, 1444.650, 446.450, 10
3132, 1444.650, 454.950, 10
3133, 1444.650, 463.450, 10
3134, 1444.650, 471.950, 10
3135, 1444.650, 480.450, 10
3136, 1444.650, 488.950, 10
3137, 1444.650, 497.450, 10
3138, 1444.650, 505.950, 10
3139, 1444.650, 514.450, 10
3140, 1444.650, 522.950, 10
3141, 1444.650, 531.450, 5
3142, 1444.650, 539.950, 5
3143, 1444.650, 548.450, 5
3144, 1444.650, 556.950, 5
3145, 1444.650, 565.450, 5
3146, 1444.650, 573.950, 5
3147, 1444.650, 582.450, 5
3148, 1444.650, 590.950, 5
3149, 1465.520, 250.950, 23
3150, 1465.520, 259.450, 23
3151, 1465.520, 267.950, 23
3152, 1465.520, 276.450, 23
3153, 1465.520, 284.950, 23
3154, 1465.520, 293.450, 23
3155, 1465.520, 301.950, 23
3156, 1465.520, 310.450, 23
3157, 1465.520, 318.950, 11
3158, 1465.520, 327.450, 11
3159, 1465.520, 335.950, 11
3160, 1465.520, 344.450, 11
3161, 1465.520, 352.950, 11
3162, 1465.520, 361.450, 11
3163, 1465.520, 369.950, 11
3164, 1465.520, 378.450, 11
3165, 1465.520, 386.950, 11
3166, 1465.520, 395.450, 11
3167, 1465.520, 403.950, 11
3168, 1465.520, 412.450, 11
3169, 1465.520, 420.950, 10
3170, 1465.520, 429.450, 10
3171, 1465.520, 437.950, 10
3172, 1465.520, 446.450, 10
3173, 1465.520, 454.950, 10
3174, 1465.520, 463.450, 10
3175, 1465.520, 471.950, 10
3176, 1465.520, 480.450, 10
3177, 1465.520, 488.950, 10
3178, 1465.520, 497.450, 10
3179, 1465.520, 505.950, 10
3180, 1465.520, 514.450, 10
3181, 1465.520, 522.950, 10
3182, 1465.520, 531.450, 5
3183, 1465.520, 539.950, 5
3184, 1465.520, 548.450, 5
3185, 1465.520, 556.950, 5
3186, 1465.520, 565.450, 5
3187, 1465.520, 573.950, 5
3188, 1465.520, 582.450, 5
3189, 1465.520, 590.950, 5
3190, 1486.390, 267.950, 23
3191, 1486.390, 276.450, 23
3192, 1486.390, 284.950, 23
3193, 1486.390, 293.450, 23
3194, 1486.390, 301.950, 23
3195, 1486.390, 310.450, 23
3196, 1486.390, 318.950, 11
3197, 1486.390, 327.450, 11
3198, 1486.390, 335.950, 11
3199, 1486.390, 344.450, 11
3200, 1486.390, 352.950, 11
3201, 1486.390, 361.450, 11
3202, 1486.390, 369.950, 11
3203, 1486.390, 378.450, 11
3204, 1486.390, 386.950, 11
3205, 1486.390, 395.450, 11
3206, 1486.390, 403.950, 11
3207, 1486.390, 412.450, 10
3208, 1486.390, 420.950, 10
3209, 1486.390, 429.450, 10
3210, 1486.390, 437.950, 10
3211, 1486.390, 446.450, 10
3212, 1486.390, 454.950, 10
3213, 1486.390, 463.450, 10
3214, 1486.390, 471.950, 10
3215, 1486.390, 480.450, 10
3216, 1486.390, 488.950, 10
3217, 1486.390, 497.450, 10
3218, 1486.390, 505.950, 10
3219, 1486.390, 514.450, 10
3220, 1486.390, 522.950, 10
3221, 1486.390, 531.450, 5
3222, 1507.260, 276.450, 23
3223, 1507.260, 284.950, 23
3224, 1507.260, 293.450, 23
3225, 1507.260, 301.950, 23
3226, 1507.260, 310.450, 23
3227, 1507.260, 318.950, 11
3228, 1507.260, 327.450, 11
3229, 1507.260, 335.950, 11
3230, 1507.260, 344.450, 11
3231, 1507.260, 352.950, 11
3232, 1507.260, 361.450, 11
3233, 1507.260, 369.950, 11
3234, 1507.260, 378.450, 11
3235, 1507.260, 386.950, 11
3236, 1507.260, 395.450, 11
3237, 1507.260, 403.950, 11
3238, 1507.260, 412.450, 10
3239, 1507.260, 420.950, 10
3240, 1507.260, 429.450, 10
3241, 1507.260, 437.950, 10
3242, 1507.260, 446.450, 10
3243, 1507.260, 454.950, 10
3244, 1507.260, 463.450, 10
3245, 1507.260, 471.950, 10
3246, 1528.130, 293.450, 23
3247, 1528.130, 301.950, 23
3248, 1528.130, 310.450, 23
3249, 1528.130, 318.950, 11
3250, 1528.130, 327.450, 11
3251, 1528.130, 335.950, 11
3252, 1528.130, 344.450, 11
3253, 1528.130, 352.950, 11
3254, 1528.130, 361.450, 11
3255, 1528.130, 369.950, 11
3256, 1528.130, 378.450, 11
3257, 1528.130, 386.950, 11
3258, 1528.130, 395.450, 11
3259, 1528.130, 403.950, 11
3260, 1528.130, 412.450, 10
3261, 1528.130, 420.950, 10
3262, 1549.000, 301.950, 23
3263, 1549.000, 310.450, 23
3264, 1549.000, 318.950, 11
3265, 1549.000, 327.450, 11
3266, 1549.000, 335.950, 11
3267, 1549.000, 344.450, 11
3268, 1549.000, 352.950, 11
3269, 1549.000, 361.450, 11
3270, 1569.870, 310.450, 23
