1, 152.490, 404.310, 14
2, 173.360, 395.810, 14
3, 173.360, 404.310, 14
4, 173.360, 412.810, 14
5, 194.230, 387.310, 14
6, 194.230, 395.810, 14
7, 194.230, 404.310, 14
8, 194.230, 412.810, 14
9, 215.100, 378.810, 14
10, 215.100, 387.310, 14
11, 215.100, 395.810, 14
12, 215.100, 404.310, 14
13, 215.100, 412.810, 14
14, 215.100, 421.310, 14
15, 235.970, 370.310, 14
16, 235.970, 378.810, 14
17, 235.970, 387.310, 14
18, 235.970, 395.810, 14
19, 235.970, 404.310, 14
20, 235.970, 412.810, 14
21, 235.970, 421.310, 14
22, 256.840, 370.310, 14
23, 256.840, 378.810, 14
24, 256.840, 387.310, 14
25, 256.840, 395.810, 14
26, 256.840, 404.310, 14
27, 256.840, 412.810, 14
28, 256.840, 421.310, 14
29, 277.710, 361.810, 14
30, 277.710, 370.310, 14
31, 277.710, 378.810, 14
32, 277.710, 387.310, 14
33, 277.710, 395.810, 14
34, 277.710, 404.310, 14
35, 277.710, 412.810, 14
36, 277.710, 421.310, 14
37, 298.580, 353.310, 14
38, 298.580, 361.810, 14
39, 298.580, 370.310, 14
40, 298.580, 378.810, 14
41, 298.580, 387.310, 14
42, 298.580, 395.810, 14
43, 298.580, 404.310, 14
44, 298.580, 412.810, 14
45, 298.580, 421.310, 14
46, 319.450, 344.810, 14
47, 319.450, 353.310, 14
48, 319.450, 361.810, 14
49, 319.450, 370.310, 14
50, 319.450, 378.810, 14
51, 319.450, 387.310, 14
52, 319.450, 395.810, 14
53, 319.450, 404.310, 14
54, 319.450, 412.810, 14
55, 319.450, 421.310, 14
56, 340.320, 336.310, 14
57, 340.320, 344.810, 14
58, 340.320, 353.310, 14
59, 340.320, 361.810, 14
60, 340.320, 370.310, 14
61, 340.320, 378.810, 14
62, 340.320, 387.310, 14
63, 340.320, 395.810, 14
64, 340.320, 404.310, 14
65, 340.320, 412.810, 14
66, 340.320, 421.310, 14
67, 340.320, 429.810, 14
68, 361.190, 336.310, 14
69, 361.190, 344.810, 14
70, 361.190, 353.310, 14
71, 361.190, 361.810, 14
72, 361.190, 370.310, 14
73, 361.190, 378.810, 14
74, 361.190, 387.310, 14
75, 361.190, 395.810, 14
76, 361.190, 404.310, 14
77, 361.190, 412.810, 14
78, 361.190, 421.310, 14
79, 361.190, 429.810, 14
80, 382.060, 327.810, 14
81, 382.060, 336.310, 14
82, 382.060, 344.810, 14
83, 382.060, 353.310, 14
84, 382.060, 361.810, 14
85, 382.060, 370.310, 14
86, 382.060, 378.810, 14
87, 382.060, 387.310, 14
88, 382.060, 395.810, 14
89, 382.060, 404.310, 14
90, 382.060, 412.810, 14
91, 382.060, 421.310, 14
92, 382.060, 429.810, 14
93, 402.930, 319.310, 14
94, 402.930, 327.810, 14
95, 402.930, 336.310, 14
96, 402.930, 344.810, 14
97, 402.930, 353.310, 14
98, 402.930, 361.810, 14
99, 402.930, 370.310, 14
100, 402.930, 378.810, 14
101, 402.930, 387.310, 14
102, 402.930, 395.810, 14
103, 402.930, 404.310, 14
104, 402.930, 412.810, 14
105, 402.930, 421.310, 14
106, 402.930, 429.810, 14
107, 423.800, 310.810, 13
108, 423.800, 319.310, 13
109, 423.800, 327.810, 13
110, 423.800, 336.310, 13
111, 423.800, 344.810, 13
112, 423.800, 353.310, 13
113, 423.800, 361.810, 13
114, 423.800, 370.310, 20
115, 423.800, 378.810, 20
116, 423.800, 387.310, 20
117, 423.800, 395.810, 20
118, 423.800, 404.310, 20
119, 423.800, 412.810, 14
120, 423.800, 421.310, 14
121, 423.800, 429.810, 14
122, 444.670, 302.310, 13
123, 444.670, 310.810, 13
124, 444.670, 319.310, 13
125, 444.670, 327.810, 13
126, 444.670, 336.310, 13
127, 444.670, 344.810, 13
128, 444.670, 353.310, 13
129, 444.670, 361.810, 13
130, 444.670, 370.310, 20
131, 444.670, 378.810, 20
132, 444.670, 387.310, 20
133, 444.670, 395.810, 20
134, 444.670, 404.310, 20
135, 444.670, 412.810, 20
136, 444.670, 421.310, 20
137, 444.670, 429.810, 20
138, 465.540, 302.310, 13
139, 465.540, 310.810, 13
140, 465.540, 319.310, 13
141, 465.540, 327.810, 13
142, 465.540, 336.310, 13
143, 465.540, 344.810, 13
144, 465.540, 353.310, 13
145, 465.540, 361.810, 13
146, 465.540, 370.310, 20
147, 465.540, 378.810, 20
148, 465.540, 387.310, 20
149, 465.540, 395.810, 20
150, 465.540, 404.310, 20
151, 465.540, 412.810, 20
152, 465.540, 421.310, 20
153, 465.540, 429.810, 20
154, 465.540, 438.310, 20
155, 486.410, 293.810, 13
156, 486.410, 302.310, 13
157, 486.410, 310.810, 13
158, 486.410, 319.310, 13
159, 486.410, 327.810, 13
160, 486.410, 336.310, 13
161, 486.410, 344.810, 13
162, 486.410, 353.310, 13
163, 486.410, 361.810, 13
164, 486.410, 370.310, 20
165, 486.410, 378.810, 20
166, 486.410, 387.310, 20
167, 486.410, 395.810, 20
168, 486.410, 404.310, 20
169, 486.410, 412.810, 20
170, 486.410, 421.310, 20
171, 486.410, 429.810, 20
172, 486.410, 438.310, 20
173, 507.280, 285.310, 13
174, 507.280, 293.810, 13
175, 507.280, 302.310, 13
176, 507.280, 310.810, 13
177, 507.280, 319.310, 13
178, 507.280, 327.810, 13
179, 507.280, 336.310, 13
180, 507.280, 344.810, 13
181, 507.280, 353.310, 13
182, 507.280, 361.810, 13
183, 507.280, 370.310, 20
184, 507.280, 378.810, 20
185, 507.280, 387.310, 20
186, 507.280, 395.810, 20
187, 507.280, 404.310, 20
188, 507.280, 412.810, 20
189, 507.280, 421.310, 20
190, 507.280, 429.810, 20
191, 507.280, 438.310, 20
192, 528.150, 276.810, 13
193, 528.150, 285.310, 13
194, 528.150, 293.810, 13
195, 528.150, 302.310, 13
196, 528.150, 310.810, 13
197, 528.150, 319.310, 13
198, 528.150, 327.810, 13
199, 528.150, 336.310, 13
200, 528.150, 344.810, 13
201, 528.150, 353.310, 13
202, 528.150, 361.810, 20
203, 528.150, 370.310, 20
204, 528.150, 378.810, 20
205, 528.150, 387.310, 20
206, 528.150, 395.810, 20
207, 528.150, 404.310, 20
208, 528.150, 412.810, 20
209, 528.150, 421.310, 20
210, 528.150, 429.810, 20
211, 528.150, 438.310, 20
212, 549.020, 268.310, 13
213, 549.020, 276.810, 13
214, 549.020, 285.310, 13
215, 549.020, 293.810, 13
216, 549.020, 302.310, 13
217, 549.020, 310.810, 13
218, 549.020, 319.310, 13
219, 549.020, 327.810, 13
220, 549.020, 336.310, 13
221, 549.020, 344.810, 13
222, 549.020, 353.310, 13
223, 549.020, 361.810, 20
224, 549.020, 370.310, 20
225, 549.020, 378.810, 20
226, 549.020, 387.310, 20
227, 549.020, 395.810, 20
228, 549.020, 404.310, 20
229, 549.020, 412.810, 20
230, 549.020, 421.310, 20
231, 549.020, 429.810, 20
232, 549.020, 438.310, 20
233, 569.890, 268.310, 13
234, 569.890, 276.810, 13
235, 569.890, 285.310, 13
236, 569.890, 293.810, 13
237, 569.890, 302.310, 13
238, 569.890, 310.810, 13
239, 569.890, 319.310, 13
240, 569.890, 327.810, 13
241, 569.890, 336.310, 13
242, 569.890, 344.810, 13
243, 569.890, 353.310, 13
244, 569.890, 361.810, 20
245, 569.890, 370.310, 20
246, 569.890, 378.810, 20
247, 569.890, 387.310, 20
248, 569.890, 395.810, 20
249, 569.890, 404.310, 20
250, 569.890, 412.810, 20
251, 569.890, 421.310, 20
252, 569.890, 429.810, 20
253, 569.890, 438.310, 20
254, 569.890, 446.810, 20
255, 590.760, 259.810, 13
256, 590.760, 268.310, 13
257, 590.760, 276.810, 13
258, 590.760, 285.310, 13
259, 590.760, 293.810, 13
260, 590.760, 302.310, 13
261, 590.760, 310.810, 13
262, 590.760, 319.310, 13
263, 590.760, 327.810, 13
264, 590.760, 336.310, 13
265, 590.760, 344.810, 13
266, 590.760, 353.310, 13
267, 590.760, 361.810, 20
268, 590.760, 370.310, 20
269, 590.760, 378.810, 20
270, 590.760, 387.310, 20
271, 590.760, 395.810, 20
272, 590.760, 404.310, 20
273, 590.760, 412.810, 20
274, 590.760, 421.310, 20
275, 590.760, 429.810, 20
276, 590.760, 438.310, 20
277, 590.760, 446.810, 20
278, 611.630, 251.310, 13
279, 611.630, 259.810, 13
280, 611.630, 268.310, 13
281, 611.630, 276.810, 13
282, 611.630, 285.310, 13
283, 611.630, 293.810, 13
284, 611.630, 302.310, 13
285, 611.630, 310.810, 13
286, 611.630, 319.310, 13
287, 611.630, 327.810, 13
288, 611.630, 336.310, 13
289, 611.630, 344.810, 13
290, 611.630, 353.310, 13
291, 611.630, 361.810, 20
292, 611.630, 370.310, 20
293, 611.630, 378.810, 20
294, 611.630, 387.310, 20
295, 611.630, 395.810, 20
296, 611.630, 404.310, 20
297, 611.630, 412.810, 20
298, 611.630, 421.310, 20
299, 611.630, 429.810, 20
300, 611.630, 438.310, 20
301, 611.630, 446.810, 20
302, 632.500, 242.810, 1
303, 632.500, 251.310, 13
304, 632.500, 259.810, 13
305, 632.500, 268.310, 13
306, 632.500, 276.810, 13
307, 632.500, 285.310, 13
308, 632.500, 293.810, 13
309, 632.500, 302.310, 13
310, 632.500, 310.810, 13
311, 632.500, 319.310, 13
312, 632.500, 327.810, 13
313, 632.500, 336.310, 12
314, 632.500, 344.810, 12
315, 632.500, 353.310, 12
316, 632.500, 361.810, 12
317, 632.500, 370.310, 12
318, 632.500, 378.810, 12
319, 632.500, 387.310, 12
320, 632.500, 395.810, 12
321, 632.500, 404.310, 20
322, 632.500, 412.810, 20
323, 632.500, 421.310, 20
324, 632.500, 429.810, 20
325, 632.500, 438.310, 20
326, 632.500, 446.810, 20
327, 653.370, 234.310, 1
328, 653.370, 242.810, 1
329, 653.370, 251.310, 1
330, 653.370, 259.810, 1
331, 653.370, 268.310, 1
332, 653.370, 276.810, 1
333, 653.370, 285.310, 1
334, 653.370, 293.810, 1
335, 653.370, 302.310, 1
336, 653.370, 310.810, 12
337, 653.370, 319.310, 12
338, 653.370, 327.810, 12
339, 653.370, 336.310, 12
340, 653.370, 344.810, 12
341, 653.370, 353.310, 12
342, 653.370, 361.810, 12
343, 653.370, 370.310, 12
344, 653.370, 378.810, 12
345, 653.370, 387.310, 12
346, 653.370, 395.810, 12
347, 653.370, 404.310, 12
348, 653.370, 412.810, 20
349, 653.370, 421.310, 20
350, 653.370, 429.810, 20
351, 653.370, 438.310, 20
352, 653.370, 446.810, 20
353, 674.240, 234.310, 1
354, 674.240, 242.810, 1
355, 674.240, 251.310, 1
356, 674.240, 259.810, 1
357, 674.240, 268.310, 1
358, 674.240, 276.810, 1
359, 674.240, 285.310, 1
360, 674.240, 293.810, 1
361, 674.240, 302.310, 1
362, 674.240, 310.810, 12
363, 674.240, 319.310, 12
364, 674.240, 327.810, 12
365, 674.240, 336.310, 12
366, 674.240, 344.810, 12
367, 674.240, 353.310, 12
368, 674.240, 361.810, 12
369, 674.240, 370.310, 12
370, 674.240, 378.810, 12
371, 674.240, 387.310, 12
372, 674.240, 395.810, 12
373, 674.240, 404.310, 12
374, 674.240, 412.810, 20
375, 674.240, 421.310, 20
376, 674.240, 429.810, 20
377, 674.240, 438.310, 20
378, 674.240, 446.810, 20
379, 695.110, 225.810, 1
380, 695.110, 234.310, 1
381, 695.110, 242.810, 1
382, 695.110, 251.310, 1
383, 695.110, 259.810, 1
384, 695.110, 268.310, 1
385, 695.110, 276.810, 1
386, 695.110, 285.310, 1
387, 695.110, 293.810, 1
388, 695.110, 302.310, 1
389, 695.110, 310.810, 12
390, 695.110, 319.310, 12
391, 695.110, 327.810, 12
392, 695.110, 336.310, 12
393, 695.110, 344.810, 12
394, 695.110, 353.310, 12
395, 695.110, 361.810, 12
396, 695.110, 370.310, 12
397, 695.110, 378.810, 12
398, 695.110, 387.310, 12
399, 695.110, 395.810, 12
400, 695.110, 404.310, 12
401, 695.110, 412.810, 18
402, 695.110, 421.310, 18
403, 695.110, 429.810, 18
404, 695.110, 438.310, 18
405, 695.110, 446.810, 18
406, 695.110, 455.310, 18
407, 715.980, 217.310, 1
408, 715.980, 225.810, 1
409, 715.980, 234.310, 1
410, 715.980, 242.810, 1
411, 715.980, 251.310, 1
412, 715.980, 259.810, 1
413, 715.980, 268.310, 1
414, 715.980, 276.810, 1
415, 715.980, 285.310, 1
416, 715.980, 293.810, 1
417, 715.980, 302.310, 1
418, 715.980, 310.810, 12
419, 715.980, 319.310, 12
420, 715.980, 327.810, 12
421, 715.980, 336.310, 12
422, 715.980, 344.810, 12
423, 715.980, 353.310, 12
424, 715.980, 361.810, 12
425, 715.980, 370.310, 12
426, 715.980, 378.810, 12
427, 715.980, 387.310, 12
428, 715.980, 395.810, 12
429, 715.980, 404.310, 12
430, 715.980, 412.810, 18
431, 715.980, 421.310, 18
432, 715.980, 429.810, 18
433, 715.980, 438.310, 18
434, 715.980, 446.810, 18
435, 715.980, 455.310, 18
436, 736.850, 208.810, 1
437, 736.850, 217.310, 1
438, 736.850, 225.810, 1
439, 736.850, 234.310, 1
440, 736.850, 242.810, 1
441, 736.850, 251.310, 1
442, 736.850, 259.810, 1
443, 736.850, 268.310, 1
444, 736.850, 276.810, 1
445, 736.850, 285.310, 1
446, 736.850, 293.810, 1
447, 736.850, 302.310, 1
448, 736.850, 310.810, 12
449, 736.850, 319.310, 12
450, 736.850, 327.810, 12
451, 736.850, 336.310, 12
452, 736.850, 344.810, 12
453, 736.850, 353.310, 12
454, 736.850, 361.810, 12
455, 736.850, 370.310, 12
456, 736.850, 378.810, 12
457, 736.850, 387.310, 12
458, 736.850, 395.810, 12
459, 736.850, 404.310, 12
460, 736.850, 412.810, 18
461, 736.850, 421.310, 18
462, 736.850, 429.810, 18
463, 736.850, 438.310, 18
464, 736.850, 446.810, 18
465, 736.850, 455.310, 18
466, 757.720, 200.310, 1
467, 757.720, 208.810, 1
468, 757.720, 217.310, 1
469, 757.720, 225.810, 1
470, 757.720, 234.310, 1
471, 757.720, 242.810, 1
472, 757.720, 251.310, 1
473, 757.720, 259.810, 1
474, 757.720, 268.310, 1
475, 757.720, 276.810, 1
476, 757.720, 285.310, 1
477, 757.720, 293.810, 1
478, 757.720, 302.310, 1
479, 757.720, 310.810, 12
480, 757.720, 319.310, 12
481, 757.720, 327.810, 12
482, 757.720, 336.310, 12
483, 757.720, 344.810, 12
484, 757.720, 353.310, 12
485, 757.720, 361.810, 12
486, 757.720, 370.310, 12
487, 757.720, 378.810, 12
488, 757.720, 387.310, 12
489, 757.720, 395.810, 12
490, 757.720, 404.310, 12
491, 757.720, 412.810, 18
492, 757.720, 421.310, 18
493, 757.720, 429.810, 18
494, 757.720, 438.310, 18
495, 757.720, 446.810, 18
496, 757.720, 455.310, 18
497, 778.590, 200.310, 1
498, 778.590, 208.810, 1
499, 778.590, 217.310, 1
500, 778.590, 225.810, 1
501, 778.590, 234.310, 1
502, 778.590, 242.810, 1
503, 778.590, 251.310, 1
504, 778.590, 259.810, 1
505, 778.590, 268.310, 1
506, 778.590, 276.810, 1
507, 778.590, 285.310, 1
508, 778.590, 293.810, 1
509, 778.590, 302.310, 1
510, 778.590, 310.810, 12
511, 778.590, 319.310, 12
512, 778.590, 327.810, 12
513, 778.590, 336.310, 12
514, 778.590, 344.810, 12
515, 778.590, 353.310, 12
516, 778.590, 361.810, 12
517, 778.590, 370.310, 12
518, 778.590, 378.810, 12
519, 778.590, 387.310, 12
520, 778.590, 395.810, 12
521, 778.590, 404.310, 12
522, 778.590, 412.810, 18
523, 778.590, 421.310, 18
524, 778.590, 429.810, 18
525, 778.590, 438.310, 18
526, 778.590, 446.810, 18
527, 778.590, 455.310, 18
528, 799.460, 191.810, 1
529, 799.460, 200.310, 1
530, 799.460, 208.810, 1
531, 799.460, 217.310, 1
532, 799.460, 225.810, 1
533, 799.460, 234.310, 1
534, 799.460, 242.810, 1
535, 799.460, 251.310, 1
536, 799.460, 259.810, 1
537, 799.460, 268.310, 1
538, 799.460, 276.810, 1
539, 799.460, 285.310, 1
540, 799.460, 293.810, 1
541, 799.460, 302.310, 1
542, 799.460, 310.810, 12
543, 799.460, 319.310, 12
544, 799.460, 327.810, 12
545, 799.460, 336.310, 12
546, 799.460, 344.810, 12
547, 799.460, 353.310, 12
548, 799.460, 361.810, 12
549, 799.460, 370.310, 12
550, 799.460, 378.810, 12
551, 799.460, 387.310, 12
552, 799.460, 395.810, 12
553, 799.460, 404.310, 12
554, 799.460, 412.810, 18
555, 799.460, 421.310, 18
556, 799.460, 429.810, 18
557, 799.460, 438.310, 18
558, 799.460, 446.810, 18
559, 799.460, 455.310, 18
560, 820.330, 183.310, 24
561, 820.330, 191.810, 1
562, 820.330, 200.310, 1
563, 820.330, 208.810, 1
564, 820.330, 217.310, 1
565, 820.330, 225.810, 1
566, 820.330, 234.310, 1
567, 820.330, 242.810, 1
568, 820.330, 251.310, 1
569, 820.330, 259.810, 1
570, 820.330, 268.310, 1
571, 820.330, 276.810, 1
572, 820.330, 285.310, 1
573, 820.330, 293.810, 1
574, 820.330, 302.310, 22
575, 820.330, 310.810, 22
576, 820.330, 319.310, 22
577, 820.330, 327.810, 22
578, 820.330, 336.310, 22
579, 820.330, 344.810, 22
580, 820.330, 353.310, 12
581, 820.330, 361.810, 12
582, 820.330, 370.310, 12
583, 820.330, 378.810, 12
584, 820.330, 387.310, 12
585, 820.330, 395.810, 18
586, 820.330, 404.310, 18
587, 820.330, 412.810, 18
588, 820.330, 421.310, 18
589, 820.330, 429.810, 18
590, 820.330, 438.310, 18
591, 820.330, 446.810, 18
592, 820.330, 455.310, 18
593, 820.330, 463.810, 18
594, 841.200, 174.810, 24
595, 841.200, 183.310, 24
596, 841.200, 191.810, 24
597, 841.200, 200.310, 24
598, 841.200, 208.810, 24
599, 841.200, 217.310, 24
600, 841.200, 225.810, 24
601, 841.200, 234.310, 24
602, 841.200, 242.810, 24
603, 841.200, 251.310, 24
604, 841.200, 259.810, 24
605, 841.200, 268.310, 1
606, 841.200, 276.810, 1
607, 841.200, 285.310, 1
608, 841.200, 293.810, 1
609, 841.200, 302.310, 22
610, 841.200, 310.810, 22
611, 841.200, 319.310, 22
612, 841.200, 327.810, 22
613, 841.200, 336.310, 22
614, 841.200, 344.810, 22
615, 841.200, 353.310, 22
616, 841.200, 361.810, 22
617, 841.200, 370.310, 22
618, 841.200, 378.810, 22
619, 841.200, 387.310, 22
620, 841.200, 395.810, 18
621, 841.200, 404.310, 18
622, 841.200, 412.810, 18
623, 841.200, 421.310, 18
624, 841.200, 429.810, 18
625, 841.200, 438.310, 18
626, 841.200, 446.810, 18
627, 841.200, 455.310, 18
628, 841.200, 463.810, 18
629, 862.070, 166.310, 24
630, 862.070, 174.810, 24
631, 862.070, 183.310, 24
632, 862.070, 191.810, 24
633, 862.070, 200.310, 24
634, 862.070, 208.810, 24
635, 862.070, 217.310, 24
636, 862.070, 225.810, 24
637, 862.070, 234.310, 24
638, 862.070, 242.810, 24
639, 862.070, 251.310, 24
640, 862.070, 259.810, 24
641, 862.070, 268.310, 22
642, 862.070, 276.810, 22
643, 862.070, 285.310, 22
644, 862.070, 293.810, 22
645, 862.070, 302.310, 22
646, 862.070, 310.810, 22
647, 862.070, 319.310, 22
648, 862.070, 327.810, 22
649, 862.070, 336.310, 22
650, 862.070, 344.810, 22
651, 862.070, 353.310, 22
652, 862.070, 361.810, 22
653, 862.070, 370.310, 22
654, 862.070, 378.810, 22
655, 862.070, 387.310, 22
656, 862.070, 395.810, 18
657, 862.070, 404.310, 18
658, 862.070, 412.810, 18
659, 862.070, 421.310, 18
660, 862.070, 429.810, 18
661, 862.070, 438.310, 18
662, 862.070, 446.810, 18
663, 862.070, 455.310, 18
664, 862.070, 463.810, 18
665, 882.940, 166.310, 24
666, 882.940, 174.810, 24
667, 882.940, 183.310, 24
668, 882.940, 191.810, 24
669, 882.940, 200.310, 24
670, 882.940, 208.810, 24
671, 882.940, 217.310, 24
672, 882.940, 225.810, 24
673, 882.940, 234.310, 24
674, 882.940, 242.810, 24
675, 882.940, 251.310, 24
676, 882.940, 259.810, 24
677, 882.940, 268.310, 22
678, 882.940, 276.810, 22
679, 882.940, 285.310, 22
680, 882.940, 293.810, 22
681, 882.940, 302.310, 22
682, 882.940, 310.810, 22
683, 882.940, 319.310, 22
684, 882.940, 327.810, 22
685, 882.940, 336.310, 22
686, 882.940, 344.810, 22
687, 882.940, 353.310, 22
688, 882.940, 361.810, 22
689, 882.940, 370.310, 22
690, 882.940, 378.810, 22
691, 882.940, 387.310, 22
692, 882.940, 395.810, 18
693, 882.940, 404.310, 18
694, 882.940, 412.810, 18
695, 882.940, 421.310, 18
696, 882.940, 429.810, 18
697, 882.940, 438.310, 18
698, 882.940, 446.810, 18
699, 882.940, 455.310, 18
700, 882.940, 463.810, 18
701, 903.810, 157.810, 24
702, 903.810, 166.310, 24
703, 903.810, 174.810, 24
704, 903.810, 183.310, 24
705, 903.810, 191.810, 24
706, 903.810, 200.310, 24
707, 903.810, 208.810, 24
708, 903.810, 217.310, 24
709, 903.810, 225.810, 24
710, 903.810, 234.310, 24
711, 903.810, 242.810, 24
712, 903.810, 251.310, 24
713, 903.810, 259.810, 24
714, 903.810, 268.310, 22
715, 903.810, 276.810, 22
716, 903.810, 285.310, 22
717, 903.810, 293.810, 22
718, 903.810, 302.310, 22
719, 903.810, 310.810, 22
720, 903.810, 319.310, 22
721, 903.810, 327.810, 22
722, 903.810, 336.310, 22
723, 903.810, 344.810, 22
724, 903.810, 353.310, 22
725, 903.810, 361.810, 22
726, 903.810, 370.310, 22
727, 903.810, 378.810, 22
728, 903.810, 387.310, 22
729, 903.810, 395.810, 18
730, 903.810, 404.310, 18
731, 903.810, 412.810, 18
732, 903.810, 421.310, 18
733, 903.810, 429.810, 18
734, 903.810, 438.310, 18
735, 903.810, 446.810, 18
736, 903.810, 455.310, 18
737, 903.810, 463.810, 18
738, 924.680, 149.310, 24
739, 924.680, 157.810, 24
740, 924.680, 166.310, 24
741, 924.680, 174.810, 24
742, 924.680, 183.310, 24
743, 924.680, 191.810, 24
744, 924.680, 200.310, 24
745, 924.680, 208.810, 24
746, 924.680, 217.310, 24
747, 924.680, 225.810, 24
748, 924.680, 234.310, 24
749, 924.680, 242.810, 24
750, 924.680, 251.310, 24
751, 924.680, 259.810, 24
752, 924.680, 268.310, 22
753, 924.680, 276.810, 22
754, 924.680, 285.310, 22
755, 924.680, 293.810, 22
756, 924.680, 302.310, 22
757, 924.680, 310.810, 22
758, 924.680, 319.310, 22
759, 924.680, 327.810, 22
760, 924.680, 336.310, 22
761, 924.680, 344.810, 22
762, 924.680, 353.310, 22
763, 924.680, 361.810, 22
764, 924.680, 370.310, 22
765, 924.680, 378.810, 22
766, 924.680, 387.310, 22
767, 924.680, 395.810, 22
768, 924.680, 404.310, 18
769, 924.680, 412.810, 18
770, 924.680, 421.310, 18
771, 924.680, 429.810, 18
772, 924.680, 438.310, 18
773, 924.680, 446.810, 18
774, 924.680, 455.310, 18
775, 924.680, 463.810, 18
776, 924.680, 472.310, 18
777, 945.550, 140.810, 24
778, 945.550, 149.310, 24
779, 945.550, 157.810, 24
780, 945.550, 166.310, 24
781, 945.550, 174.810, 24
782, 945.550, 183.310, 24
783, 945.550, 191.810, 24
784, 945.550, 200.310, 24
785, 945.550, 208.810, 24
786, 945.550, 217.310, 24
787, 945.550, 225.810, 24
788, 945.550, 234.310, 24
789, 945.550, 242.810, 24
790, 945.550, 251.310, 24
791, 945.550, 259.810, 24
792, 945.550, 268.310, 22
793, 945.550, 276.810, 22
794, 945.550, 285.310, 22
795, 945.550, 293.810, 22
796, 945.550, 302.310, 22
797, 945.550, 310.810, 22
798, 945.550, 319.310, 22
799, 945.550, 327.810, 22
800, 945.550, 336.310, 22
801, 945.550, 344.810, 22
802, 945.550, 353.310, 22
803, 945.550, 361.810, 22
804, 945.550, 370.310, 22
805, 945.550, 378.810, 22
806, 945.550, 387.310, 22
807, 945.550, 395.810, 22
808, 945.550, 404.310, 18
809, 945.550, 412.810, 18
810, 945.550, 421.310, 18
811, 945.550, 429.810, 18
812, 945.550, 438.310, 18
813, 945.550, 446.810, 18
814, 945.550, 455.310, 18
815, 945.550, 463.810, 18
816, 945.550, 472.310, 18
817, 966.420, 132.310, 24
818, 966.420, 140.810, 24
819, 966.420, 149.310, 24
820, 966.420, 157.810, 24
821, 966.420, 166.310, 24
822, 966.420, 174.810, 24
823, 966.420, 183.310, 24
824, 966.420, 191.810, 24
825, 966.420, 200.310, 24
826, 966.420, 208.810, 24
827, 966.420, 217.310, 24
828, 966.420, 225.810, 24
829, 966.420, 234.310, 7
830, 966.420, 242.810, 7
831, 966.420, 251.310, 7
832, 966.420, 259.810, 7
833, 966.420, 268.310, 7
834, 966.420, 276.810, 22
835, 966.420, 285.310, 22
836, 966.420, 293.810, 22
837, 966.420, 302.310, 22
838, 966.420, 310.810, 22
839, 966.420, 319.310, 22
840, 966.420, 327.810, 22
841, 966.420, 336.310, 22
842, 966.420, 344.810, 22
843, 966.420, 353.310, 22
844, 966.420, 361.810, 22
845, 966.420, 370.310, 22
846, 966.420, 378.810, 22
847, 966.420, 387.310, 22
848, 966.420, 395.810, 22
849, 966.420, 404.310, 18
850, 966.420, 412.810, 18
851, 966.420, 421.310, 18
852, 966.420, 429.810, 18
853, 966.420, 438.310, 18
854, 966.420, 446.810, 18
855, 966.420, 455.310, 18
856, 966.420, 463.810, 18
857, 966.420, 472.310, 18
858, 987.290, 132.310, 24
859, 987.290, 140.810, 24
860, 987.290, 149.310, 24
861, 987.290, 157.810, 24
862, 987.290, 166.310, 24
863, 987.290, 174.810, 24
864, 987.290, 183.310, 24
865, 987.290, 191.810, 24
866, 987.290, 200.310, 24
867, 987.290, 208.810, 24
868, 987.290, 217.310, 24
869, 987.290, 225.810, 24
870, 987.290, 234.310, 7
871, 987.290, 242.810, 7
872, 987.290, 251.310, 7
873, 987.290, 259.810, 7
874, 987.290, 268.310, 7
875, 987.290, 276.810, 7
876, 987.290, 285.310, 7
877, 987.290, 293.810, 7
878, 987.290, 302.310, 7
879, 987.290, 310.810, 7
880, 987.290, 319.310, 7
881, 987.290, 327.810, 19
882, 987.290, 336.310, 19
883, 987.290, 344.810, 19
884, 987.290, 353.310, 19
885, 987.290, 361.810, 19
886, 987.290, 370.310, 19
887, 987.290, 378.810, 19
888, 987.290, 387.310, 19
889, 987.290, 395.810, 19
890, 987.290, 404.310, 19
891, 987.290, 412.810, 18
892, 987.290, 421.310, 15
893, 987.290, 429.810, 15
894, 987.290, 438.310, 15
895, 987.290, 446.810, 15
896, 987.290, 455.310, 15
897, 987.290, 463.810, 15
898, 987.290, 472.310, 15
899, 1008.160, 123.810, 26
900, 1008.160, 132.310, 26
901, 1008.160, 140.810, 26
902, 1008.160, 149.310, 26
903, 1008.160, 157.810, 26
904, 1008.160, 166.310, 26
905, 1008.160, 174.810, 24
906, 1008.160, 183.310, 24
907, 1008.160, 191.810, 24
908, 1008.160, 200.310, 24
909, 1008.160, 208.810, 24
910, 1008.160, 217.310, 24
911, 1008.160, 225.810, 24
912, 1008.160, 234.310, 7
913, 1008.160, 242.810, 7
914, 1008.160, 251.310, 7
915, 1008.160, 259.810, 7
916, 1008.160, 268.310, 7
917, 1008.160, 276.810, 7
918, 1008.160, 285.310, 7
919, 1008.160, 293.810, 7
920, 1008.160, 302.310, 7
921, 1008.160, 310.810, 7
922, 1008.160, 319.310, 7
923, 1008.160, 327.810, 19
924, 1008.160, 336.310, 19
925, 1008.160, 344.810, 19
926, 1008.160, 353.310, 19
927, 1008.160, 361.810, 19
928, 1008.160, 370.310, 19
929, 1008.160, 378.810, 19
930, 1008.160, 387.310, 19
931, 1008.160, 395.810, 19
932, 1008.160, 404.310, 19
933, 1008.160, 412.810, 15
934, 1008.160, 421.310, 15
935, 1008.160, 429.810, 15
936, 1008.160, 438.310, 15
937, 1008.160, 446.810, 15
938, 1008.160, 455.310, 15
939, 1008.160, 463.810, 15
940, 1008.160, 472.310, 15
941, 1029.030, 115.310, 26
942, 1029.030, 123.810, 26
943, 1029.030, 132.310, 26
944, 1029.030, 140.810, 26
945, 1029.030, 149.310, 26
946, 1029.030, 157.810, 26
947, 1029.030, 166.310, 26
948, 1029.030, 174.810, 26
949, 1029.030, 183.310, 26
950, 1029.030, 191.810, 26
951, 1029.030, 200.310, 26
952, 1029.030, 208.810, 26
953, 1029.030, 217.310, 26
954, 1029.030, 225.810, 7
955, 1029.030, 234.310, 7
956, 1029.030, 242.810, 7
957, 1029.030, 251.310, 7
958, 1029.030, 259.810, 7
959, 1029.030, 268.310, 7
960, 1029.030, 276.810, 7
961, 1029.030, 285.310, 7
962, 1029.030, 293.810, 7
963, 1029.030, 302.310, 7
964, 1029.030, 310.810, 7
965, 1029.030, 319.310, 7
966, 1029.030, 327.810, 19
967, 1029.030, 336.310, 19
968, 1029.030, 344.810, 19
969, 1029.030, 353.310, 19
970, 1029.030, 361.810, 19
971, 1029.030, 370.310, 19
972, 1029.030, 378.810, 19
973, 1029.030, 387.310, 19
974, 1029.030, 395.810, 19
975, 1029.030, 404.310, 19
976, 1029.030, 412.810, 15
977, 1029.030, 421.310, 15
978, 1029.030, 429.810, 15
979, 1029.030, 438.310, 15
980, 1029.030, 446.810, 15
981, 1029.030, 455.310, 15
982, 1029.030, 463.810, 15
983, 1029.030, 472.310, 15
984, 1049.900, 106.810, 26
985, 1049.900, 115.310, 26
986, 1049.900, 123.810, 26
987, 1049.900, 132.310, 26
988, 1049.900, 140.810, 26
989, 1049.900, 149.310, 26
990, 1049.900, 157.810, 26
991, 1049.900, 166.310, 26
992, 1049.900, 174.810, 26
993, 1049.900, 183.310, 26
994, 1049.900, 191.810, 26
995, 1049.900, 200.310, 26
996, 1049.900, 208.810, 26
997, 1049.900, 217.310, 26
998, 1049.900, 225.810, 7
999, 1049.900, 234.310, 7
1000, 1049.900, 242.810, 7
1001, 1049.900, 251.310, 7
1002, 1049.900, 259.810, 7
1003, 1049.900, 268.310, 7
1004, 1049.900, 276.810, 7
1005, 1049.900, 285.310, 7
1006, 1049.900, 293.810, 7
1007, 1049.900, 302.310, 7
1008, 1049.900, 310.810, 7
1009, 1049.900, 319.310, 7
1010, 1049.900, 327.810, 19
1011, 1049.900, 336.310, 19
1012, 1049.900, 344.810, 19
1013, 1049.900, 353.310, 19
1014, 1049.900, 361.810, 19
1015, 1049.900, 370.310, 19
1016, 1049.900, 378.810, 19
1017, 1049.900, 387.310, 19
1018, 1049.900, 395.810, 19
1019, 1049.900, 404.310, 19
1020, 1049.900, 412.810, 15
1021, 1049.900, 421.310, 15
1022, 1049.900, 429.810, 15
1023, 1049.900, 438.310, 15
1024, 1049.900, 446.810, 15
1025, 1049.900, 455.310, 15
1026, 1049.900, 463.810, 15
1027, 1049.900, 472.310, 15
1028, 1049.900, 480.810, 15
1029, 1070.770, 98.310, 26
1030, 1070.770, 106.810, 26
1031, 1070.770, 115.310, 26
1032, 1070.770, 123.810, 26
1033, 1070.770, 132.310, 26
1034, 1070.770, 140.810, 26
1035, 1070.770, 149.310, 26
1036, 1070.770, 157.810, 26
1037, 1070.770, 166.310, 26
1038, 1070.770, 174.810, 26
1039, 1070.770, 183.310, 26
1040, 1070.770, 191.810, 26
1041, 1070.770, 200.310, 26
1042, 1070.770, 208.810, 26
1043, 1070.770, 217.310, 26
1044, 1070.770, 225.810, 7
1045, 1070.770, 234.310, 7
1046, 1070.770, 242.810, 7
1047, 1070.770, 251.310, 7
1048, 1070.770, 259.810, 7
1049, 1070.770, 268.310, 7
1050, 1070.770, 276.810, 7
1051, 1070.770, 285.310, 7
1052, 1070.770, 293.810, 7
1053, 1070.770, 302.310, 7
1054, 1070.770, 310.810, 7
1055, 1070.770, 319.310, 7
1056, 1070.770, 327.810, 19
1057, 1070.770, 336.310, 19
1058, 1070.770, 344.810, 19
1059, 1070.770, 353.310, 19
1060, 1070.770, 361.810, 19
1061, 1070.770, 370.310, 19
1062, 1070.770, 378.810, 19
1063, 1070.770, 387.310, 19
1064, 1070.770, 395.810, 19
1065, 1070.770, 404.310, 19
1066, 1070.770, 412.810, 15
1067, 1070.770, 421.310, 15
1068, 1070.770, 429.810, 15
1069, 1070.770, 438.310, 15
1070, 1070.770, 446.810, 15
1071, 1070.770, 455.310, 15
1072, 1070.770, 463.810, 15
1073, 1070.770, 472.310, 15
1074, 1070.770, 480.810, 15
1075, 1091.640, 98.310, 26
1076, 1091.640, 106.810, 26
1077, 1091.640, 115.310, 26
1078, 1091.640, 123.810, 26
1079, 1091.640, 132.310, 26
1080, 1091.640, 140.810, 26
1081, 1091.640, 149.310, 26
1082, 1091.640, 157.810, 26
1083, 1091.640, 166.310, 26
1084, 1091.640, 174.810, 26
1085, 1091.640, 183.310, 26
1086, 1091.640, 191.810, 26
1087, 1091.640, 200.310, 26
1088, 1091.640, 208.810, 26
1089, 1091.640, 217.310, 26
1090, 1091.640, 225.810, 7
1091, 1091.640, 234.310, 7
1092, 1091.640, 242.810, 7
1093, 1091.640, 251.310, 7
1094, 1091.640, 259.810, 7
1095, 1091.640, 268.310, 7
1096, 1091.640, 276.810, 7
1097, 1091.640, 285.310, 7
1098, 1091.640, 293.810, 7
1099, 1091.640, 302.310, 7
1100, 1091.640, 310.810, 7
1101, 1091.640, 319.310, 7
1102, 1091.640, 327.810, 19
1103, 1091.640, 336.310, 19
1104, 1091.640, 344.810, 19
1105, 1091.640, 353.310, 19
1106, 1091.640, 361.810, 19
1107, 1091.640, 370.310, 19
1108, 1091.640, 378.810, 19
1109, 1091.640, 387.310, 19
1110, 1091.640, 395.810, 19
1111, 1091.640, 404.310, 19
1112, 1091.640, 412.810, 15
1113, 1091.640, 421.310, 15
1114, 1091.640, 429.810, 15
1115, 1091.640, 438.310, 15
1116, 1091.640, 446.810, 15
1117, 1091.640, 455.310, 15
1118, 1091.640, 463.810, 15
1119, 1091.640, 472.310, 15
1120, 1091.640, 480.810, 15
1121, 1112.510, 89.810, 2
1122, 1112.510, 98.310, 2
1123, 1112.510, 106.810, 26
1124, 1112.510, 115.310, 26
1125, 1112.510, 123.810, 26
1126, 1112.510, 132.310, 26
1127, 1112.510, 140.810, 26
1128, 1112.510, 149.310, 26
1129, 1112.510, 157.810, 26
1130, 1112.510, 166.310, 26
1131, 1112.510, 174.810, 26
1132, 1112.510, 183.310, 26
1133, 1112.510, 191.810, 26
1134, 1112.510, 200.310, 26
1135, 1112.510, 208.810, 26
1136, 1112.510, 217.310, 26
1137, 1112.510, 225.810, 7
1138, 1112.510, 234.310, 7
1139, 1112.510, 242.810, 7
1140, 1112.510, 251.310, 7
1141, 1112.510, 259.810, 7
1142, 1112.510, 268.310, 7
1143, 1112.510, 276.810, 7
1144, 1112.510, 285.310, 7
1145, 1112.510, 293.810, 7
1146, 1112.510, 302.310, 7
1147, 1112.510, 310.810, 7
1148, 1112.510, 319.310, 7
1149, 1112.510, 327.810, 19
1150, 1112.510, 336.310, 19
1151, 1112.510, 344.810, 19
1152, 1112.510, 353.310, 19
1153, 1112.510, 361.810, 19
1154, 1112.510, 370.310, 19
1155, 1112.510, 378.810, 19
1156, 1112.510, 387.310, 19
1157, 1112.510, 395.810, 19
1158, 1112.510, 404.310, 19
1159, 1112.510, 412.810, 15
1160, 1112.510, 421.310, 15
1161, 1112.510, 429.810, 15
1162, 1112.510, 438.310, 15
1163, 1112.510, 446.810, 15
1164, 1112.510, 455.310, 15
1165, 1112.510, 463.810, 15
1166, 1112.510, 472.310, 15
1167, 1112.510, 480.810, 15
1168, 1133.380, 81.310, 2
1169, 1133.380, 89.810, 2
1170, 1133.380, 98.310, 2
1171, 1133.380, 106.810, 26
1172, 1133.380, 115.310, 26
1173, 1133.380, 123.810, 26
1174, 1133.380, 132.310, 26
1175, 1133.380, 140.810, 26
1176, 1133.380, 149.310, 26
1177, 1133.380, 157.810, 26
1178, 1133.380, 166.310, 26
1179, 1133.380, 174.810, 26
1180, 1133.380, 183.310, 26
1181, 1133.380, 191.810, 26
1182, 1133.380, 200.310, 26
1183, 1133.380, 208.810, 26
1184, 1133.380, 217.310, 26
1185, 1133.380, 225.810, 7
1186, 1133.380, 234.310, 7
1187, 1133.380, 242.810, 7
1188, 1133.380, 251.310, 7
1189, 1133.380, 259.810, 7
1190, 1133.380, 268.310, 7
1191, 1133.380, 276.810, 7
1192, 1133.380, 285.310, 7
1193, 1133.380, 293.810, 7
1194, 1133.380, 302.310, 7
1195, 1133.380, 310.810, 7
1196, 1133.380, 319.310, 7
1197, 1133.380, 327.810, 19
1198, 1133.380, 336.310, 19
1199, 1133.380, 344.810, 19
1200, 1133.380, 353.310, 19
1201, 1133.380, 361.810, 19
1202, 1133.380, 370.310, 19
1203, 1133.380, 378.810, 19
1204, 1133.380, 387.310, 19
1205, 1133.380, 395.810, 19
1206, 1133.380, 404.310, 19
1207, 1133.380, 412.810, 15
1208, 1133.380, 421.310, 15
1209, 1133.380, 429.810, 15
1210, 1133.380, 438.310, 15
1211, 1133.380, 446.810, 15
1212, 1133.380, 455.310, 15
1213, 1133.380, 463.810, 15
1214, 1133.380, 472.310, 15
1215, 1133.380, 480.810, 15
1216, 1154.250, 72.810, 2
1217, 1154.250, 81.310, 2
1218, 1154.250, 89.810, 2
1219, 1154.250, 98.310, 2
1220, 1154.250, 106.810, 2
1221, 1154.250, 115.310, 26
1222, 1154.250, 123.810, 26
1223, 1154.250, 132.310, 26
1224, 1154.250, 140.810, 26
1225, 1154.250, 149.310, 26
1226, 1154.250, 157.810, 26
1227, 1154.250, 166.310, 26
1228, 1154.250, 174.810, 26
1229, 1154.250, 183.310, 26
1230, 1154.250, 191.810, 26
1231, 1154.250, 200.310, 26
1232, 1154.250, 208.810, 26
1233, 1154.250, 217.310, 26
1234, 1154.250, 225.810, 7
1235, 1154.250, 234.310, 7
1236, 1154.250, 242.810, 7
1237, 1154.250, 251.310, 7
1238, 1154.250, 259.810, 7
1239, 1154.250, 268.310, 7
1240, 1154.250, 276.810, 7
1241, 1154.250, 285.310, 7
1242, 1154.250, 293.810, 7
1243, 1154.250, 302.310, 7
1244, 1154.250, 310.810, 3
1245, 1154.250, 319.310, 3
1246, 1154.250, 327.810, 3
1247, 1154.250, 336.310, 3
1248, 1154.250, 344.810, 3
1249, 1154.250, 353.310, 19
1250, 1154.250, 361.810, 19
1251, 1154.250, 370.310, 19
1252, 1154.250, 378.810, 19
1253, 1154.250, 387.310, 19
1254, 1154.250, 395.810, 19
1255, 1154.250, 404.310, 19
1256, 1154.250, 412.810, 15
1257, 1154.250, 421.310, 15
1258, 1154.250, 429.810, 15
1259, 1154.250, 438.310, 15
1260, 1154.250, 446.810, 15
1261, 1154.250, 455.310, 15
1262, 1154.250, 463.810, 15
1263, 1154.250, 472.310, 15
1264, 1154.250, 480.810, 15
1265, 1175.120, 64.310, 2
1266, 1175.120, 72.810, 2
1267, 1175.120, 81.310, 2
1268, 1175.120, 89.810, 2
1269, 1175.120, 98.310, 2
1270, 1175.120, 106.810, 2
1271, 1175.120, 115.310, 5
1272, 1175.120, 123.810, 5
1273, 1175.120, 132.310, 5
1274, 1175.120, 140.810, 5
1275, 1175.120, 149.310, 5
1276, 1175.120, 157.810, 5
1277, 1175.120, 166.310, 5
1278, 1175.120, 174.810, 5
1279, 1175.120, 183.310, 26
1280, 1175.120, 191.810, 26
1281, 1175.120, 200.310, 26
1282, 1175.120, 208.810, 26
1283, 1175.120, 217.310, 26
1284, 1175.120, 225.810, 28
1285, 1175.120, 234.310, 28
1286, 1175.120, 242.810, 28
1287, 1175.120, 251.310, 28
1288, 1175.120, 259.810, 28
1289, 1175.120, 268.310, 28
1290, 1175.120, 276.810, 3
1291, 1175.120, 285.310, 3
1292, 1175.120, 293.810, 3
1293, 1175.120, 302.310, 3
1294, 1175.120, 310.810, 3
1295, 1175.120, 319.310, 3
1296, 1175.120, 327.810, 3
1297, 1175.120, 336.310, 3
1298, 1175.120, 344.810, 3
1299, 1175.120, 353.310, 19
1300, 1175.120, 361.810, 19
1301, 1175.120, 370.310, 19
1302, 1175.120, 378.810, 19
1303, 1175.120, 387.310, 19
1304, 1175.120, 395.810, 19
1305, 1175.120, 404.310, 19
1306, 1175.120, 412.810, 15
1307, 1175.120, 421.310, 15
1308, 1175.120, 429.810, 15
1309, 1175.120, 438.310, 15
1310, 1175.120, 446.810, 15
1311, 1175.120, 455.310, 15
1312, 1175.120, 463.810, 15
1313, 1175.120, 472.310, 15
1314, 1175.120, 480.810, 15
1315, 1175.120, 489.310, 15
1316, 1195.990, 64.310, 2
1317, 1195.990, 72.810, 2
1318, 1195.990, 81.310, 2
1319, 1195.990, 89.810, 2
1320, 1195.990, 98.310, 2
1321, 1195.990, 106.810, 2
1322, 1195.990, 115.310, 5
1323, 1195.990, 123.810, 5
1324, 1195.990, 132.310, 5
1325, 1195.990, 140.810, 5
1326, 1195.990, 149.310, 5
1327, 1195.990, 157.810, 5
1328, 1195.990, 166.310, 5
1329, 1195.990, 174.810, 5
1330, 1195.990, 183.310, 5
1331, 1195.990, 191.810, 5
1332, 1195.990, 200.310, 28
1333, 1195.990, 208.810, 28
1334, 1195.990, 217.310, 28
1335, 1195.990, 225.810, 28
1336, 1195.990, 234.310, 28
1337, 1195.990, 242.810, 28
1338, 1195.990, 251.310, 28
1339, 1195.990, 259.810, 28
1340, 1195.990, 268.310, 28
1341, 1195.990, 276.810, 3
1342, 1195.990, 285.310, 3
1343, 1195.990, 293.810, 3
1344, 1195.990, 302.310, 3
1345, 1195.990, 310.810, 3
1346, 1195.990, 319.310, 3
1347, 1195.990, 327.810, 3
1348, 1195.990, 336.310, 3
1349, 1195.990, 344.810, 3
1350, 1195.990, 353.310, 3
1351, 1195.990, 361.810, 19
1352, 1195.990, 370.310, 19
1353, 1195.990, 378.810, 19
1354, 1195.990, 387.310, 19
1355, 1195.990, 395.810, 19
1356, 1195.990, 404.310, 19
1357, 1195.990, 412.810, 15
1358, 1195.990, 421.310, 15
1359, 1195.990, 429.810, 15
1360, 1195.990, 438.310, 15
1361, 1195.990, 446.810, 15
1362, 1195.990, 455.310, 15
1363, 1195.990, 463.810, 15
1364, 1195.990, 472.310, 15
1365, 1195.990, 480.810, 15
1366, 1195.990, 489.310, 15
1367, 1216.860, 55.810, 2
1368, 1216.860, 64.310, 2
1369, 1216.860, 72.810, 2
1370, 1216.860, 81.310, 2
1371, 1216.860, 89.810, 2
1372, 1216.860, 98.310, 2
1373, 1216.860, 106.810, 2
1374, 1216.860, 115.310, 5
1375, 1216.860, 123.810, 5
1376, 1216.860, 132.310, 5
1377, 1216.860, 140.810, 5
1378, 1216.860, 149.310, 5
1379, 1216.860, 157.810, 5
1380, 1216.860, 166.310, 5
1381, 1216.860, 174.810, 5
1382, 1216.860, 183.310, 5
1383, 1216.860, 191.810, 5
1384, 1216.860, 200.310, 28
1385, 1216.860, 208.810, 28
1386, 1216.860, 217.310, 28
1387, 1216.860, 225.810, 28
1388, 1216.860, 234.310, 28
1389, 1216.860, 242.810, 28
1390, 1216.860, 251.310, 28
1391, 1216.860, 259.810, 28
1392, 1216.860, 268.310, 28
1393, 1216.860, 276.810, 3
1394, 1216.860, 285.310, 3
1395, 1216.860, 293.810, 3
1396, 1216.860, 302.310, 3
1397, 1216.860, 310.810, 3
1398, 1216.860, 319.310, 3
1399, 1216.860, 327.810, 3
1400, 1216.860, 336.310, 3
1401, 1216.860, 344.810, 3
1402, 1216.860, 353.310, 3
1403, 1216.860, 361.810, 3
1404, 1216.860, 370.310, 19
1405, 1216.860, 378.810, 19
1406, 1216.860, 387.310, 19
1407, 1216.860, 395.810, 19
1408, 1216.860, 404.310, 19
1409, 1216.860, 412.810, 15
1410, 1216.860, 421.310, 15
1411, 1216.860, 429.810, 15
1412, 1216.860, 438.310, 15
1413, 1216.860, 446.810, 15
1414, 1216.860, 455.310, 15
1415, 1216.860, 463.810, 15
1416, 1216.860, 472.310, 15
1417, 1216.860, 480.810, 15
1418, 1216.860, 489.310, 15
1419, 1237.730, 47.310, 2
1420, 1237.730, 55.810, 2
1421, 1237.730, 64.310, 2
1422, 1237.730, 72.810, 2
1423, 1237.730, 81.310, 2
1424, 1237.730, 89.810, 2
1425, 1237.730, 98.310, 2
1426, 1237.730, 106.810, 2
1427, 1237.730, 115.310, 5
1428, 1237.730, 123.810, 5
1429, 1237.730, 132.310, 5
1430, 1237.730, 140.810, 5
1431, 1237.730, 149.310, 5
1432, 1237.730, 157.810, 5
1433, 1237.730, 166.310, 5
1434, 1237.730, 174.810, 5
1435, 1237.730, 183.310, 5
1436, 1237.730, 191.810, 28
1437, 1237.730, 200.310, 28
1438, 1237.730, 208.810, 28
1439, 1237.730, 217.310, 28
1440, 1237.730, 225.810, 28
1441, 1237.730, 234.310, 28
1442, 1237.730, 242.810, 28
1443, 1237.730, 251.310, 28
1444, 1237.730, 259.810, 28
1445, 1237.730, 268.310, 28
1446, 1237.730, 276.810, 3
1447, 1237.730, 285.310, 3
1448, 1237.730, 293.810, 3
1449, 1237.730, 302.310, 3
1450, 1237.730, 310.810, 3
1451, 1237.730, 319.310, 3
1452, 1237.730, 327.810, 3
1453, 1237.730, 336.310, 3
1454, 1237.730, 344.810, 3
1455, 1237.730, 353.310, 3
1456, 1237.730, 361.810, 3
1457, 1237.730, 370.310, 19
1458, 1237.730, 378.810, 19
1459, 1237.730, 387.310, 19
1460, 1237.730, 395.810, 19
1461, 1237.730, 404.310, 21
1462, 1237.730, 412.810, 21
1463, 1237.730, 421.310, 21
1464, 1237.730, 429.810, 21
1465, 1237.730, 438.310, 15
1466, 1237.730, 446.810, 15
1467, 1237.730, 455.310, 9
1468, 1237.730, 463.810, 9
1469, 1237.730, 472.310, 9
1470, 1237.730, 480.810, 9
1471, 1237.730, 489.310, 9
1472, 1258.600, 38.810, 2
1473, 1258.600, 47.310, 2
1474, 1258.600, 55.810, 2
1475, 1258.600, 64.310, 2
1476, 1258.600, 72.810, 2
1477, 1258.600, 81.310, 2
1478, 1258.600, 89.810, 2
1479, 1258.600, 98.310, 2
1480, 1258.600, 106.810, 2
1481, 1258.600, 115.310, 5
1482, 1258.600, 123.810, 5
1483, 1258.600, 132.310, 5
1484, 1258.600, 140.810, 5
1485, 1258.600, 149.310, 5
1486, 1258.600, 157.810, 5
1487, 1258.600, 166.310, 5
1488, 1258.600, 174.810, 5
1489, 1258.600, 183.310, 5
1490, 1258.600, 191.810, 28
1491, 1258.600, 200.310, 28
1492, 1258.600, 208.810, 28
1493, 1258.600, 217.310, 28
1494, 1258.600, 225.810, 28
1495, 1258.600, 234.310, 28
1496, 1258.600, 242.810, 28
1497, 1258.600, 251.310, 28
1498, 1258.600, 259.810, 28
1499, 1258.600, 268.310, 28
1500, 1258.600, 276.810, 3
1501, 1258.600, 285.310, 3
1502, 1258.600, 293.810, 3
1503, 1258.600, 302.310, 3
1504, 1258.600, 310.810, 3
1505, 1258.600, 319.310, 3
1506, 1258.600, 327.810, 3
1507, 1258.600, 336.310, 3
1508, 1258.600, 344.810, 3
1509, 1258.600, 353.310, 3
1510, 1258.600, 361.810, 3
1511, 1258.600, 370.310, 21
1512, 1258.600, 378.810, 21
1513, 1258.600, 387.310, 21
1514, 1258.600, 395.810, 21
1515, 1258.600, 404.310, 21
1516, 1258.600, 412.810, 21
1517, 1258.600, 421.310, 21
1518, 1258.600, 429.810, 21
1519, 1258.600, 438.310, 9
1520, 1258.600, 446.810, 9
1521, 1258.600, 455.310, 9
1522, 1258.600, 463.810, 9
1523, 1258.600, 472.310, 9
1524, 1258.600, 480.810, 9
1525, 1258.600, 489.310, 9
1526, 1279.470, 30.310, 2
1527, 1279.470, 38.810, 2
1528, 1279.470, 47.310, 2
1529, 1279.470, 55.810, 2
1530, 1279.470, 64.310, 2
1531, 1279.470, 72.810, 2
1532, 1279.470, 81.310, 2
1533, 1279.470, 89.810, 2
1534, 1279.470, 98.310, 2
1535, 1279.470, 106.810, 2
1536, 1279.470, 115.310, 5
1537, 1279.470, 123.810, 5
1538, 1279.470, 132.310, 5
1539, 1279.470, 140.810, 5
1540, 1279.470, 149.310, 5
1541, 1279.470, 157.810, 5
1542, 1279.470, 166.310, 5
1543, 1279.470, 174.810, 5
1544, 1279.470, 183.310, 5
1545, 1279.470, 191.810, 28
1546, 1279.470, 200.310, 28
1547, 1279.470, 208.810, 28
1548, 1279.470, 217.310, 28
1549, 1279.470, 225.810, 28
1550, 1279.470, 234.310, 28
1551, 1279.470, 242.810, 28
1552, 1279.470, 251.310, 28
1553, 1279.470, 259.810, 28
1554, 1279.470, 268.310, 28
1555, 1279.470, 276.810, 3
1556, 1279.470, 285.310, 3
1557, 1279.470, 293.810, 3
1558, 1279.470, 302.310, 3
1559, 1279.470, 310.810, 3
1560, 1279.470, 319.310, 3
1561, 1279.470, 327.810, 3
1562, 1279.470, 336.310, 3
1563, 1279.470, 344.810, 3
1564, 1279.470, 353.310, 3
1565, 1279.470, 361.810, 3
1566, 1279.470, 370.310, 21
1567, 1279.470, 378.810, 21
1568, 1279.470, 387.310, 21
1569, 1279.470, 395.810, 21
1570, 1279.470, 404.310, 21
1571, 1279.470, 412.810, 21
1572, 1279.470, 421.310, 21
1573, 1279.470, 429.810, 21
1574, 1279.470, 438.310, 9
1575, 1279.470, 446.810, 9
1576, 1279.470, 455.310, 9
1577, 1279.470, 463.810, 9
1578, 1279.470, 472.310, 9
1579, 1279.470, 480.810, 9
1580, 1279.470, 489.310, 9
1581, 1279.470, 497.810, 9
1582, 1300.340, 38.810, 2
1583, 1300.340, 47.310, 2
1584, 1300.340, 55.810, 2
1585, 1300.340, 64.310, 2
1586, 1300.340, 72.810, 2
1587, 1300.340, 81.310, 2
1588, 1300.340, 89.810, 2
1589, 1300.340, 98.310, 2
1590, 1300.340, 106.810, 2
1591, 1300.340, 115.310, 5
1592, 1300.340, 123.810, 5
1593, 1300.340, 132.310, 5
1594, 1300.340, 140.810, 5
1595, 1300.340, 149.310, 5
1596, 1300.340, 157.810, 5
1597, 1300.340, 166.310, 5
1598, 1300.340, 174.810, 5
1599, 1300.340, 183.310, 5
1600, 1300.340, 191.810, 28
1601, 1300.340, 200.310, 28
1602, 1300.340, 208.810, 28
1603, 1300.340, 217.310, 28
1604, 1300.340, 225.810, 28
1605, 1300.340, 234.310, 28
1606, 1300.340, 242.810, 28
1607, 1300.340, 251.310, 28
1608, 1300.340, 259.810, 28
1609, 1300.340, 268.310, 28
1610, 1300.340, 276.810, 3
1611, 1300.340, 285.310, 3
1612, 1300.340, 293.810, 3
1613, 1300.340, 302.310, 3
1614, 1300.340, 310.810, 3
1615, 1300.340, 319.310, 3
1616, 1300.340, 327.810, 3
1617, 1300.340, 336.310, 3
1618, 1300.340, 344.810, 3
1619, 1300.340, 353.310, 3
1620, 1300.340, 361.810, 3
1621, 1300.340, 370.310, 21
1622, 1300.340, 378.810, 21
1623, 1300.340, 387.310, 21
1624, 1300.340, 395.810, 21
1625, 1300.340, 404.310, 21
1626, 1300.340, 412.810, 21
1627, 1300.340, 421.310, 21
1628, 1300.340, 429.810, 21
1629, 1300.340, 438.310, 9
1630, 1300.340, 446.810, 9
1631, 1300.340, 455.310, 9
1632, 1300.340, 463.810, 9
1633, 1300.340, 472.310, 9
1634, 1300.340, 480.810, 9
1635, 1300.340, 489.310, 9
1636, 1300.340, 497.810, 9
1637, 1321.210, 47.310, 2
1638, 1321.210, 55.810, 2
1639, 1321.210, 64.310, 2
1640, 1321.210, 72.810, 2
1641, 1321.210, 81.310, 2
1642, 1321.210, 89.810, 2
1643, 1321.210, 98.310, 2
1644, 1321.210, 106.810, 2
1645, 1321.210, 115.310, 5
1646, 1321.210, 123.810, 5
1647, 1321.210, 132.310, 5
1648, 1321.210, 140.810, 5
1649, 1321.210, 149.310, 5
1650, 1321.210, 157.810, 5
1651, 1321.210, 166.310, 5
1652, 1321.210, 174.810, 5
1653, 1321.210, 183.310, 5
1654, 1321.210, 191.810, 28
1655, 1321.210, 200.310, 28
1656, 1321.210, 208.810, 28
1657, 1321.210, 217.310, 28
1658, 1321.210, 225.810, 28
1659, 1321.210, 234.310, 28
1660, 1321.210, 242.810, 28
1661, 1321.210, 251.310, 28
1662, 1321.210, 259.810, 28
1663, 1321.210, 268.310, 28
1664, 1321.210, 276.810, 3
1665, 1321.210, 285.310, 3
1666, 1321.210, 293.810, 3
1667, 1321.210, 302.310, 3
1668, 1321.210, 310.810, 3
1669, 1321.210, 319.310, 3
1670, 1321.210, 327.810, 3
1671, 1321.210, 336.310, 3
1672, 1321.210, 344.810, 3
1673, 1321.210, 353.310, 3
1674, 1321.210, 361.810, 3
1675, 1321.210, 370.310, 21
1676, 1321.210, 378.810, 21
1677, 1321.210, 387.310, 21
1678, 1321.210, 395.810, 21
1679, 1321.210, 404.310, 21
1680, 1321.210, 412.810, 21
1681, 1321.210, 421.310, 21
1682, 1321.210, 429.810, 21
1683, 1321.210, 438.310, 9
1684, 1321.210, 446.810, 9
1685, 1321.210, 455.310, 9
1686, 1321.210, 463.810, 9
1687, 1321.210, 472.310, 9
1688, 1321.210, 480.810, 9
1689, 1321.210, 489.310, 9
1690, 1321.210, 497.810, 9
1691, 1342.080, 55.810, 2
1692, 1342.080, 64.310, 2
1693, 1342.080, 72.810, 2
1694, 1342.080, 81.310, 2
1695, 1342.080, 89.810, 2
1696, 1342.080, 98.310, 2
1697, 1342.080, 106.810, 2
1698, 1342.080, 115.310, 5
1699, 1342.080, 123.810, 5
1700, 1342.080, 132.310, 5
1701, 1342.080, 140.810, 5
1702, 1342.080, 149.310, 5
1703, 1342.080, 157.810, 5
1704, 1342.080, 166.310, 5
1705, 1342.080, 174.810, 5
1706, 1342.080, 183.310, 5
1707, 1342.080, 191.810, 28
1708, 1342.080, 200.310, 28
1709, 1342.080, 208.810, 28
1710, 1342.080, 217.310, 28
1711, 1342.080, 225.810, 28
1712, 1342.080, 234.310, 28
1713, 1342.080, 242.810, 28
1714, 1342.080, 251.310, 28
1715, 1342.080, 259.810, 28
1716, 1342.080, 268.310, 28
1717, 1342.080, 276.810, 3
1718, 1342.080, 285.310, 3
1719, 1342.080, 293.810, 3
1720, 1342.080, 302.310, 3
1721, 1342.080, 310.810, 3
1722, 1342.080, 319.310, 3
1723, 1342.080, 327.810, 3
1724, 1342.080, 336.310, 3
1725, 1342.080, 344.810, 3
1726, 1342.080, 353.310, 3
1727, 1342.080, 361.810, 3
1728, 1342.080, 370.310, 21
1729, 1342.080, 378.810, 21
1730, 1342.080, 387.310, 21
1731, 1342.080, 395.810, 21
1732, 1342.080, 404.310, 21
1733, 1342.080, 412.810, 21
1734, 1342.080, 421.310, 21
1735, 1342.080, 429.810, 21
1736, 1342.080, 438.310, 9
1737, 1342.080, 446.810, 9
1738, 1342.080, 455.310, 9
1739, 1342.080, 463.810, 9
1740, 1342.080, 472.310, 9
1741, 1342.080, 480.810, 9
1742, 1342.080, 489.310, 9
1743, 1342.080, 497.810, 9
1744, 1362.950, 64.310, 2
1745, 1362.950, 72.810, 2
1746, 1362.950, 81.310, 2
1747, 1362.950, 89.810, 2
1748, 1362.950, 98.310, 2
1749, 1362.950, 106.810, 2
1750, 1362.950, 115.310, 5
1751, 1362.950, 123.810, 5
1752, 1362.950, 132.310, 5
1753, 1362.950, 140.810, 5
1754, 1362.950, 149.310, 5
1755, 1362.950, 157.810, 5
1756, 1362.950, 166.310, 5
1757, 1362.950, 174.810, 5
1758, 1362.950, 183.310, 5
1759, 1362.950, 191.810, 28
1760, 1362.950, 200.310, 28
1761, 1362.950, 208.810, 28
1762, 1362.950, 217.310, 28
1763, 1362.950, 225.810, 28
1764, 1362.950, 234.310, 28
1765, 1362.950, 242.810, 28
1766, 1362.950, 251.310, 28
1767, 1362.950, 259.810, 28
1768, 1362.950, 268.310, 28
1769, 1362.950, 276.810, 3
1770, 1362.950, 285.310, 3
1771, 1362.950, 293.810, 3
1772, 1362.950, 302.310, 3
1773, 1362.950, 310.810, 25
1774, 1362.950, 319.310, 25
1775, 1362.950, 327.810, 25
1776, 1362.950, 336.310, 25
1777, 1362.950, 344.810, 25
1778, 1362.950, 353.310, 25
1779, 1362.950, 361.810, 25
1780, 1362.950, 370.310, 21
1781, 1362.950, 378.810, 21
1782, 1362.950, 387.310, 21
1783, 1362.950, 395.810, 21
1784, 1362.950, 404.310, 21
1785, 1362.950, 412.810, 21
1786, 1362.950, 421.310, 21
1787, 1362.950, 429.810, 21
1788, 1362.950, 438.310, 9
1789, 1362.950, 446.810, 9
1790, 1362.950, 455.310, 9
1791, 1362.950, 463.810, 9
1792, 1362.950, 472.310, 9
1793, 1362.950, 480.810, 9
1794, 1362.950, 489.310, 9
1795, 1362.950, 497.810, 9
1796, 1383.820, 72.810, 2
1797, 1383.820, 81.310, 2
1798, 1383.820, 89.810, 2
1799, 1383.820, 98.310, 2
1800, 1383.820, 106.810, 2
1801, 1383.820, 115.310, 5
1802, 1383.820, 123.810, 5
1803, 1383.820, 132.310, 5
1804, 1383.820, 140.810, 5
1805, 1383.820, 149.310, 5
1806, 1383.820, 157.810, 5
1807, 1383.820, 166.310, 5
1808, 1383.820, 174.810, 5
1809, 1383.820, 183.310, 5
1810, 1383.820, 191.810, 28
1811, 1383.820, 200.310, 28
1812, 1383.820, 208.810, 28
1813, 1383.820, 217.310, 28
1814, 1383.820, 225.810, 28
1815, 1383.820, 234.310, 28
1816, 1383.820, 242.810, 28
1817, 1383.820, 251.310, 28
1818, 1383.820, 259.810, 28
1819, 1383.820, 268.310, 28
1820, 1383.820, 276.810, 3
1821, 1383.820, 285.310, 3
1822, 1383.820, 293.810, 3
1823, 1383.820, 302.310, 3
1824, 1383.820, 310.810, 25
1825, 1383.820, 319.310, 25
1826, 1383.820, 327.810, 25
1827, 1383.820, 336.310, 25
1828, 1383.820, 344.810, 25
1829, 1383.820, 353.310, 25
1830, 1383.820, 361.810, 25
1831, 1383.820, 370.310, 21
1832, 1383.820, 378.810, 21
1833, 1383.820, 387.310, 21
1834, 1383.820, 395.810, 21
1835, 1383.820, 404.310, 21
1836, 1383.820, 412.810, 21
1837, 1383.820, 421.310, 21
1838, 1383.820, 429.810, 21
1839, 1383.820, 438.310, 9
1840, 1383.820, 446.810, 9
1841, 1383.820, 455.310, 9
1842, 1383.820, 463.810, 9
1843, 1383.820, 472.310, 9
1844, 1383.820, 480.810, 9
1845, 1383.820, 489.310, 9
1846, 1383.820, 497.810, 9
1847, 1404.690, 81.310, 2
1848, 1404.690, 89.810, 2
1849, 1404.690, 98.310, 2
1850, 1404.690, 106.810, 2
1851, 1404.690, 115.310, 5
1852, 1404.690, 123.810, 5
1853, 1404.690, 132.310, 5
1854, 1404.690, 140.810, 5
1855, 1404.690, 149.310, 5
1856, 1404.690, 157.810, 5
1857, 1404.690, 166.310, 5
1858, 1404.690, 174.810, 5
1859, 1404.690, 183.310, 5
1860, 1404.690, 191.810, 28
1861, 1404.690, 200.310, 28
1862, 1404.690, 208.810, 28
1863, 1404.690, 217.310, 28
1864, 1404.690, 225.810, 28
1865, 1404.690, 234.310, 11
1866, 1404.690, 242.810, 11
1867, 1404.690, 251.310, 11
1868, 1404.690, 259.810, 11
1869, 1404.690, 268.310, 11
1870, 1404.690, 276.810, 11
1871, 1404.690, 285.310, 11
1872, 1404.690, 293.810, 11
1873, 1404.690, 302.310, 25
1874, 1404.690, 310.810, 25
1875, 1404.690, 319.310, 25
1876, 1404.690, 327.810, 25
1877, 1404.690, 336.310, 25
1878, 1404.690, 344.810, 25
1879, 1404.690, 353.310, 25
1880, 1404.690, 361.810, 25
1881, 1404.690, 370.310, 21
1882, 1404.690, 378.810, 21
1883, 1404.690, 387.310, 21
1884, 1404.690, 395.810, 21
1885, 1404.690, 404.310, 21
1886, 1404.690, 412.810, 21
1887, 1404.690, 421.310, 21
1888, 1404.690, 429.810, 21
1889, 1404.690, 438.310, 9
1890, 1404.690, 446.810, 9
1891, 1404.690, 455.310, 9
1892, 1404.690, 463.810, 9
1893, 1404.690, 472.310, 9
1894, 1404.690, 480.810, 9
1895, 1404.690, 489.310, 9
1896, 1404.690, 497.810, 9
1897, 1404.690, 506.310, 9
1898, 1425.560, 89.810, 2
1899, 1425.560, 98.310, 2
1900, 1425.560, 106.810, 2
1901, 1425.560, 115.310, 2
1902, 1425.560, 123.810, 2
1903, 1425.560, 132.310, 6
1904, 1425.560, 140.810, 6
1905, 1425.560, 149.310, 6
1906, 1425.560, 157.810, 6
1907, 1425.560, 166.310, 6
1908, 1425.560, 174.810, 6
1909, 1425.560, 183.310, 6
1910, 1425.560, 191.810, 6
1911, 1425.560, 200.310, 6
1912, 1425.560, 208.810, 6
1913, 1425.560, 217.310, 6
1914, 1425.560, 225.810, 11
1915, 1425.560, 234.310, 11
1916, 1425.560, 242.810, 11
1917, 1425.560, 251.310, 11
1918, 1425.560, 259.810, 11
1919, 1425.560, 268.310, 11
1920, 1425.560, 276.810, 11
1921, 1425.560, 285.310, 11
1922, 1425.560, 293.810, 11
1923, 1425.560, 302.310, 25
1924, 1425.560, 310.810, 25
1925, 1425.560, 319.310, 25
1926, 1425.560, 327.810, 25
1927, 1425.560, 336.310, 25
1928, 1425.560, 344.810, 25
1929, 1425.560, 353.310, 25
1930, 1425.560, 361.810, 25
1931, 1425.560, 370.310, 21
1932, 1425.560, 378.810, 21
1933, 1425.560, 387.310, 21
1934, 1425.560, 395.810, 21
1935, 1425.560, 404.310, 21
1936, 1425.560, 412.810, 21
1937, 1425.560, 421.310, 21
1938, 1425.560, 429.810, 21
1939, 1425.560, 438.310, 9
1940, 1425.560, 446.810, 9
1941, 1425.560, 455.310, 9
1942, 1425.560, 463.810, 9
1943, 1425.560, 472.310, 9
1944, 1425.560, 480.810, 9
1945, 1425.560, 489.310, 9
1946, 1425.560, 497.810, 9
1947, 1425.560, 506.310, 9
1948, 1446.430, 98.310, 2
1949, 1446.430, 106.810, 2
1950, 1446.430, 115.310, 2
1951, 1446.430, 123.810, 2
1952, 1446.430, 132.310, 6
1953, 1446.430, 140.810, 6
1954, 1446.430, 149.310, 6
1955, 1446.430, 157.810, 6
1956, 1446.430, 166.310, 6
1957, 1446.430, 174.810, 6
1958, 1446.430, 183.310, 6
1959, 1446.430, 191.810, 6
1960, 1446.430, 200.310, 6
1961, 1446.430, 208.810, 6
1962, 1446.430, 217.310, 6
1963, 1446.430, 225.810, 11
1964, 1446.430, 234.310, 11
1965, 1446.430, 242.810, 11
1966, 1446.430, 251.310, 11
1967, 1446.430, 259.810, 11
1968, 1446.430, 268.310, 11
1969, 1446.430, 276.810, 11
1970, 1446.430, 285.310, 11
1971, 1446.430, 293.810, 11
1972, 1446.430, 302.310, 25
1973, 1446.430, 310.810, 25
1974, 1446.430, 319.310, 25
1975, 1446.430, 327.810, 25
1976, 1446.430, 336.310, 25
1977, 1446.430, 344.810, 25
1978, 1446.430, 353.310, 25
1979, 1446.430, 361.810, 25
1980, 1446.430, 370.310, 21
1981, 1446.430, 378.810, 21
1982, 1446.430, 387.310, 21
1983, 1446.430, 395.810, 21
1984, 1446.430, 404.310, 21
1985, 1446.430, 412.810, 21
1986, 1446.430, 421.310, 21
1987, 1446.430, 429.810, 21
1988, 1446.430, 438.310, 9
1989, 1446.430, 446.810, 9
1990, 1446.430, 455.310, 9
1991, 1446.430, 463.810, 9
1992, 1446.430, 472.310, 9
1993, 1446.430, 480.810, 9
1994, 1446.430, 489.310, 9
1995, 1446.430, 497.810, 9
1996, 1446.430, 506.310, 9
1997, 1467.300, 106.810, 2
1998, 1467.300, 115.310, 2
1999, 1467.300, 123.810, 2
2000, 1467.300, 132.310, 6
2001, 1467.300, 140.810, 6
2002, 1467.300, 149.310, 6
2003, 1467.300, 157.810, 6
2004, 1467.300, 166.310, 6
2005, 1467.300, 174.810, 6
2006, 1467.300, 183.310, 6
2007, 1467.300, 191.810, 6
2008, 1467.300, 200.310, 6
2009, 1467.300, 208.810, 6
2010, 1467.300, 217.310, 6
2011, 1467.300, 225.810, 11
2012, 1467.300, 234.310, 11
2013, 1467.300, 242.810, 11
2014, 1467.300, 251.310, 11
2015, 1467.300, 259.810, 11
2016, 1467.300, 268.310, 11
2017, 1467.300, 276.810, 11
2018, 1467.300, 285.310, 11
2019, 1467.300, 293.810, 11
2020, 1467.300, 302.310, 25
2021, 1467.300, 310.810, 25
2022, 1467.300, 319.310, 25
2023, 1467.300, 327.810, 25
2024, 1467.300, 336.310, 25
2025, 1467.300, 344.810, 25
2026, 1467.300, 353.310, 25
2027, 1467.300, 361.810, 25
2028, 1467.300, 370.310, 21
2029, 1467.300, 378.810, 21
2030, 1467.300, 387.310, 21
2031, 1467.300, 395.810, 21
2032, 1467.300, 404.310, 21
2033, 1467.300, 412.810, 21
2034, 1467.300, 421.310, 21
2035, 1467.300, 429.810, 21
2036, 1467.300, 438.310, 9
2037, 1467.300, 446.810, 9
2038, 1467.300, 455.310, 9
2039, 1467.300, 463.810, 9
2040, 1467.300, 472.310, 9
2041, 1467.300, 480.810, 9
2042, 1467.300, 489.310, 9
2043, 1467.300, 497.810, 9
2044, 1467.300, 506.310, 9
2045, 1488.170, 115.310, 2
2046, 1488.170, 123.810, 2
2047, 1488.170, 132.310, 6
2048, 1488.170, 140.810, 6
2049, 1488.170, 149.310, 6
2050, 1488.170, 157.810, 6
2051, 1488.170, 166.310, 6
2052, 1488.170, 174.810, 6
2053, 1488.170, 183.310, 6
2054, 1488.170, 191.810, 6
2055, 1488.170, 200.310, 6
2056, 1488.170, 208.810, 6
2057, 1488.170, 217.310, 6
2058, 1488.170, 225.810, 11
2059, 1488.170, 234.310, 11
2060, 1488.170, 242.810, 11
2061, 1488.170, 251.310, 11
2062, 1488.170, 259.810, 11
2063, 1488.170, 268.310, 11
2064, 1488.170, 276.810, 11
2065, 1488.170, 285.310, 11
2066, 1488.170, 293.810, 11
2067, 1488.170, 302.310, 25
2068, 1488.170, 310.810, 25
2069, 1488.170, 319.310, 25
2070, 1488.170, 327.810, 25
2071, 1488.170, 336.310, 25
2072, 1488.170, 344.810, 25
2073, 1488.170, 353.310, 25
2074, 1488.170, 361.810, 25
2075, 1488.170, 370.310, 25
2076, 1488.170, 378.810, 21
2077, 1488.170, 387.310, 21
2078, 1488.170, 395.810, 21
2079, 1488.170, 404.310, 21
2080, 1488.170, 412.810, 21
2081, 1488.170, 421.310, 21
2082, 1488.170, 429.810, 21
2083, 1488.170, 438.310, 9
2084, 1488.170, 446.810, 9
2085, 1488.170, 455.310, 9
2086, 1488.170, 463.810, 9
2087, 1488.170, 472.310, 9
2088, 1488.170, 480.810, 9
2089, 1488.170, 489.310, 9
2090, 1488.170, 497.810, 9
2091, 1488.170, 506.310, 9
2092, 1509.040, 123.810, 6
2093, 1509.040, 132.310, 6
2094, 1509.040, 140.810, 6
2095, 1509.040, 149.310, 6
2096, 1509.040, 157.810, 6
2097, 1509.040, 166.310, 6
2098, 1509.040, 174.810, 6
2099, 1509.040, 183.310, 6
2100, 1509.040, 191.810, 6
2101, 1509.040, 200.310, 6
2102, 1509.040, 208.810, 6
2103, 1509.040, 217.310, 6
2104, 1509.040, 225.810, 11
2105, 1509.040, 234.310, 11
2106, 1509.040, 242.810, 11
2107, 1509.040, 251.310, 11
2108, 1509.040, 259.810, 11
2109, 1509.040, 268.310, 11
2110, 1509.040, 276.810, 11
2111, 1509.040, 285.310, 11
2112, 1509.040, 293.810, 11
2113, 1509.040, 302.310, 25
2114, 1509.040, 310.810, 25
2115, 1509.040, 319.310, 25
2116, 1509.040, 327.810, 25
2117, 1509.040, 336.310, 25
2118, 1509.040, 344.810, 25
2119, 1509.040, 353.310, 25
2120, 1509.040, 361.810, 25
2121, 1509.040, 370.310, 25
2122, 1509.040, 378.810, 21
2123, 1509.040, 387.310, 21
2124, 1509.040, 395.810, 21
2125, 1509.040, 404.310, 21
2126, 1509.040, 412.810, 21
2127, 1509.040, 421.310, 21
2128, 1509.040, 429.810, 21
2129, 1509.040, 438.310, 9
2130, 1509.040, 446.810, 9
2131, 1509.040, 455.310, 9
2132, 1509.040, 463.810, 9
2133, 1509.040, 472.310, 10
2134, 1509.040, 480.810, 10
2135, 1509.040, 489.310, 10
2136, 1509.040, 497.810, 10
2137, 1509.040, 506.310, 10
2138, 1529.910, 132.310, 6
2139, 1529.910, 140.810, 6
2140, 1529.910, 149.310, 6
2141, 1529.910, 157.810, 6
2142, 1529.910, 166.310, 6
2143, 1529.910, 174.810, 6
2144, 1529.910, 183.310, 6
2145, 1529.910, 191.810, 6
2146, 1529.910, 200.310, 6
2147, 1529.910, 208.810, 6
2148, 1529.910, 217.310, 6
2149, 1529.910, 225.810, 11
2150, 1529.910, 234.310, 11
2151, 1529.910, 242.810, 11
2152, 1529.910, 251.310, 11
2153, 1529.910, 259.810, 11
2154, 1529.910, 268.310, 11
2155, 1529.910, 276.810, 11
2156, 1529.910, 285.310, 11
2157, 1529.910, 293.810, 11
2158, 1529.910, 302.310, 25
2159, 1529.910, 310.810, 25
2160, 1529.910, 319.310, 25
2161, 1529.910, 327.810, 25
2162, 1529.910, 336.310, 25
2163, 1529.910, 344.810, 25
2164, 1529.910, 353.310, 25
2165, 1529.910, 361.810, 25
2166, 1529.910, 370.310, 25
2167, 1529.910, 378.810, 21
2168, 1529.910, 387.310, 21
2169, 1529.910, 395.810, 21
2170, 1529.910, 404.310, 8
2171, 1529.910, 412.810, 8
2172, 1529.910, 421.310, 8
2173, 1529.910, 429.810, 8
2174, 1529.910, 438.310, 8
2175, 1529.910, 446.810, 8
2176, 1529.910, 455.310, 8
2177, 1529.910, 463.810, 8
2178, 1529.910, 472.310, 10
2179, 1529.910, 480.810, 10
2180, 1529.910, 489.310, 10
2181, 1529.910, 497.810, 10
2182, 1529.910, 506.310, 10
2183, 1529.910, 514.810, 10
2184, 1550.780, 140.810, 6
2185, 1550.780, 149.310, 6
2186, 1550.780, 157.810, 6
2187, 1550.780, 166.310, 6
2188, 1550.780, 174.810, 6
2189, 1550.780, 183.310, 6
2190, 1550.780, 191.810, 6
2191, 1550.780, 200.310, 6
2192, 1550.780, 208.810, 6
2193, 1550.780, 217.310, 6
2194, 1550.780, 225.810, 11
2195, 1550.780, 234.310, 11
2196, 1550.780, 242.810, 11
2197, 1550.780, 251.310, 11
2198, 1550.780, 259.810, 11
2199, 1550.780, 268.310, 11
2200, 1550.780, 276.810, 11
2201, 1550.780, 285.310, 11
2202, 1550.780, 293.810, 11
2203, 1550.780, 302.310, 25
2204, 1550.780, 310.810, 25
2205, 1550.780, 319.310, 25
2206, 1550.780, 327.810, 25
2207, 1550.780, 336.310, 25
2208, 1550.780, 344.810, 25
2209, 1550.780, 353.310, 25
2210, 1550.780, 361.810, 25
2211, 1550.780, 370.310, 25
2212, 1550.780, 378.810, 8
2213, 1550.780, 387.310, 8
2214, 1550.780, 395.810, 8
2215, 1550.780, 404.310, 8
2216, 1550.780, 412.810, 8
2217, 1550.780, 421.310, 8
2218, 1550.780, 429.810, 8
2219, 1550.780, 438.310, 8
2220, 1550.780, 446.810, 8
2221, 1550.780, 455.310, 8
2222, 1550.780, 463.810, 8
2223, 1550.780, 472.310, 10
2224, 1550.780, 480.810, 10
2225, 1550.780, 489.310, 10
2226, 1550.780, 497.810, 10
2227, 1550.780, 506.310, 10
2228, 1550.780, 514.810, 10
2229, 1571.650, 149.310, 6
2230, 1571.650, 157.810, 6
2231, 1571.650, 166.310, 6
2232, 1571.650, 174.810, 6
2233, 1571.650, 183.310, 6
2234, 1571.650, 191.810, 6
2235, 1571.650, 200.310, 6
2236, 1571.650, 208.810, 6
2237, 1571.650, 217.310, 6
2238, 1571.650, 225.810, 11
2239, 1571.650, 234.310, 11
2240, 1571.650, 242.810, 11
2241, 1571.650, 251.310, 11
2242, 1571.650, 259.810, 11
2243, 1571.650, 268.310, 11
2244, 1571.650, 276.810, 11
2245, 1571.650, 285.310, 11
2246, 1571.650, 293.810, 11
2247, 1571.650, 302.310, 25
2248, 1571.650, 310.810, 25
2249, 1571.650, 319.310, 25
2250, 1571.650, 327.810, 25
2251, 1571.650, 336.310, 25
2252, 1571.650, 344.810, 25
2253, 1571.650, 353.310, 25
2254, 1571.650, 361.810, 25
2255, 1571.650, 370.310, 25
2256, 1571.650, 378.810, 8
2257, 1571.650, 387.310, 8
2258, 1571.650, 395.810, 8
2259, 1571.650, 404.310, 8
2260, 1571.650, 412.810, 8
2261, 1571.650, 421.310, 8
2262, 1571.650, 429.810, 8
2263, 1571.650, 438.310, 8
2264, 1571.650, 446.810, 8
2265, 1571.650, 455.310, 8
2266, 1571.650, 463.810, 8
2267, 1571.650, 472.310, 10
2268, 1571.650, 480.810, 10
2269, 1571.650, 489.310, 10
2270, 1571.650, 497.810, 10
2271, 1571.650, 506.310, 10
2272, 1571.650, 514.810, 10
2273, 1592.520, 157.810, 6
2274, 1592.520, 166.310, 6
2275, 1592.520, 174.810, 6
2276, 1592.520, 183.310, 6
2277, 1592.520, 191.810, 6
2278, 1592.520, 200.310, 6
2279, 1592.520, 208.810, 6
2280, 1592.520, 217.310, 6
2281, 1592.520, 225.810, 11
2282, 1592.520, 234.310, 11
2283, 1592.520, 242.810, 11
2284, 1592.520, 251.310, 11
2285, 1592.520, 259.810, 11
2286, 1592.520, 268.310, 11
2287, 1592.520, 276.810, 11
2288, 1592.520, 285.310, 11
2289, 1592.520, 293.810, 11
2290, 1592.520, 302.310, 25
2291, 1592.520, 310.810, 25
2292, 1592.520, 319.310, 25
2293, 1592.520, 327.810, 25
2294, 1592.520, 336.310, 25
2295, 1592.520, 344.810, 25
2296, 1592.520, 353.310, 25
2297, 1592.520, 361.810, 25
2298, 1592.520, 370.310, 25
2299, 1592.520, 378.810, 8
2300, 1592.520, 387.310, 8
2301, 1592.520, 395.810, 8
2302, 1592.520, 404.310, 8
2303, 1592.520, 412.810, 8
2304, 1592.520, 421.310, 8
2305, 1592.520, 429.810, 8
2306, 1592.520, 438.310, 8
2307, 1592.520, 446.810, 8
2308, 1592.520, 455.310, 8
2309, 1592.520, 463.810, 8
2310, 1592.520, 472.310, 10
2311, 1592.520, 480.810, 10
2312, 1592.520, 489.310, 10
2313, 1592.520, 497.810, 10
2314, 1592.520, 506.310, 10
2315, 1592.520, 514.810, 10
2316, 1613.390, 166.310, 6
2317, 1613.390, 174.810, 6
2318, 1613.390, 183.310, 6
2319, 1613.390, 191.810, 6
2320, 1613.390, 200.310, 6
2321, 1613.390, 208.810, 6
2322, 1613.390, 217.310, 11
2323, 1613.390, 225.810, 11
2324, 1613.390, 234.310, 11
2325, 1613.390, 242.810, 11
2326, 1613.390, 251.310, 11
2327, 1613.390, 259.810, 11
2328, 1613.390, 268.310, 11
2329, 1613.390, 276.810, 11
2330, 1613.390, 285.310, 11
2331, 1613.390, 293.810, 11
2332, 1613.390, 302.310, 25
2333, 1613.390, 310.810, 25
2334, 1613.390, 319.310, 25
2335, 1613.390, 327.810, 25
2336, 1613.390, 336.310, 25
2337, 1613.390, 344.810, 25
2338, 1613.390, 353.310, 25
2339, 1613.390, 361.810, 25
2340, 1613.390, 370.310, 25
2341, 1613.390, 378.810, 8
2342, 1613.390, 387.310, 8
2343, 1613.390, 395.810, 8
2344, 1613.390, 404.310, 8
2345, 1613.390, 412.810, 8
2346, 1613.390, 421.310, 8
2347, 1613.390, 429.810, 8
2348, 1613.390, 438.310, 8
2349, 1613.390, 446.810, 8
2350, 1613.390, 455.310, 8
2351, 1613.390, 463.810, 8
2352, 1613.390, 472.310, 10
2353, 1613.390, 480.810, 10
2354, 1613.390, 489.310, 10
2355, 1613.390, 497.810, 10
2356, 1613.390, 506.310, 10
2357, 1613.390, 514.810, 10
2358, 1634.260, 174.810, 6
2359, 1634.260, 183.310, 6
2360, 1634.260, 191.810, 6
2361, 1634.260, 200.310, 6
2362, 1634.260, 208.810, 6
2363, 1634.260, 217.310, 11
2364, 1634.260, 225.810, 11
2365, 1634.260, 234.310, 11
2366, 1634.260, 242.810, 11
2367, 1634.260, 251.310, 11
2368, 1634.260, 259.810, 11
2369, 1634.260, 268.310, 11
2370, 1634.260, 276.810, 11
2371, 1634.260, 285.310, 11
2372, 1634.260, 293.810, 11
2373, 1634.260, 302.310, 17
2374, 1634.260, 310.810, 17
2375, 1634.260, 319.310, 17
2376, 1634.260, 327.810, 17
2377, 1634.260, 336.310, 17
2378, 1634.260, 344.810, 17
2379, 1634.260, 353.310, 17
2380, 1634.260, 361.810, 17
2381, 1634.260, 370.310, 17
2382, 1634.260, 378.810, 17
2383, 1634.260, 387.310, 8
2384, 1634.260, 395.810, 8
2385, 1634.260, 404.310, 8
2386, 1634.260, 412.810, 8
2387, 1634.260, 421.310, 8
2388, 1634.260, 429.810, 8
2389, 1634.260, 438.310, 8
2390, 1634.260, 446.810, 8
2391, 1634.260, 455.310, 8
2392, 1634.260, 463.810, 8
2393, 1634.260, 472.310, 10
2394, 1634.260, 480.810, 10
2395, 1634.260, 489.310, 10
2396, 1634.260, 497.810, 10
2397, 1634.260, 506.310, 10
2398, 1634.260, 514.810, 10
2399, 1634.260, 523.310, 10
2400, 1655.130, 183.310, 6
2401, 1655.130, 191.810, 6
2402, 1655.130, 200.310, 6
2403, 1655.130, 208.810, 6
2404, 1655.130, 217.310, 27
2405, 1655.130, 225.810, 27
2406, 1655.130, 234.310, 27
2407, 1655.130, 242.810, 27
2408, 1655.130, 251.310, 27
2409, 1655.130, 259.810, 27
2410, 1655.130, 268.310, 27
2411, 1655.130, 276.810, 27
2412, 1655.130, 285.310, 27
2413, 1655.130, 293.810, 27
2414, 1655.130, 302.310, 17
2415, 1655.130, 310.810, 17
2416, 1655.130, 319.310, 17
2417, 1655.130, 327.810, 17
2418, 1655.130, 336.310, 17
2419, 1655.130, 344.810, 17
2420, 1655.130, 353.310, 17
2421, 1655.130, 361.810, 17
2422, 1655.130, 370.310, 17
2423, 1655.130, 378.810, 17
2424, 1655.130, 387.310, 8
2425, 1655.130, 395.810, 8
2426, 1655.130, 404.310, 8
2427, 1655.130, 412.810, 8
2428, 1655.130, 421.310, 8
2429, 1655.130, 429.810, 8
2430, 1655.130, 438.310, 8
2431, 1655.130, 446.810, 8
2432, 1655.130, 455.310, 8
2433, 1655.130, 463.810, 8
2434, 1655.130, 472.310, 10
2435, 1655.130, 480.810, 10
2436, 1655.130, 489.310, 10
2437, 1655.130, 497.810, 10
2438, 1655.130, 506.310, 10
2439, 1655.130, 514.810, 10
2440, 1655.130, 523.310, 10
2441, 1676.000, 191.810, 27
2442, 1676.000, 200.310, 27
2443, 1676.000, 208.810, 27
2444, 1676.000, 217.310, 27
2445, 1676.000, 225.810, 27
2446, 1676.000, 234.310, 27
2447, 1676.000, 242.810, 27
2448, 1676.000, 251.310, 27
2449, 1676.000, 259.810, 27
2450, 1676.000, 268.310, 27
2451, 1676.000, 276.810, 27
2452, 1676.000, 285.310, 27
2453, 1676.000, 293.810, 27
2454, 1676.000, 302.310, 17
2455, 1676.000, 310.810, 17
2456, 1676.000, 319.310, 17
2457, 1676.000, 327.810, 17
2458, 1676.000, 336.310, 17
2459, 1676.000, 344.810, 17
2460, 1676.000, 353.310, 17
2461, 1676.000, 361.810, 17
2462, 1676.000, 370.310, 17
2463, 1676.000, 378.810, 17
2464, 1676.000, 387.310, 8
2465, 1676.000, 395.810, 8
2466, 1676.000, 404.310, 8
2467, 1676.000, 412.810, 8
2468, 1676.000, 421.310, 8
2469, 1676.000, 429.810, 8
2470, 1676.000, 438.310, 8
2471, 1676.000, 446.810, 8
2472, 1676.000, 455.310, 8
2473, 1676.000, 463.810, 8
2474, 1676.000, 472.310, 10
2475, 1676.000, 480.810, 10
2476, 1676.000, 489.310, 10
2477, 1676.000, 497.810, 10
2478, 1676.000, 506.310, 10
2479, 1676.000, 514.810, 10
2480, 1676.000, 523.310, 10
2481, 1696.870, 191.810, 27
2482, 1696.870, 200.310, 27
2483, 1696.870, 208.810, 27
2484, 1696.870, 217.310, 27
2485, 1696.870, 225.810, 27
2486, 1696.870, 234.310, 27
2487, 1696.870, 242.810, 27
2488, 1696.870, 251.310, 27
2489, 1696.870, 259.810, 27
2490, 1696.870, 268.310, 27
2491, 1696.870, 276.810, 27
2492, 1696.870, 285.310, 27
2493, 1696.870, 293.810, 27
2494, 1696.870, 302.310, 17
2495, 1696.870, 310.810, 17
2496, 1696.870, 319.310, 17
2497, 1696.870, 327.810, 17
2498, 1696.870, 336.310, 17
2499, 1696.870, 344.810, 17
2500, 1696.870, 353.310, 17
2501, 1696.870, 361.810, 17
2502, 1696.870, 370.310, 17
2503, 1696.870, 378.810, 17
2504, 1696.870, 387.310, 8
2505, 1696.870, 395.810, 8
2506, 1696.870, 404.310, 8
2507, 1696.870, 412.810, 8
2508, 1696.870, 421.310, 8
2509, 1696.870, 429.810, 8
2510, 1696.870, 438.310, 8
2511, 1696.870, 446.810, 8
2512, 1696.870, 455.310, 8
2513, 1696.870, 463.810, 10
2514, 1696.870, 472.310, 10
2515, 1696.870, 480.810, 10
2516, 1696.870, 489.310, 10
2517, 1696.870, 497.810, 10
2518, 1696.870, 506.310, 10
2519, 1696.870, 514.810, 10
2520, 1696.870, 523.310, 10
2521, 1717.740, 200.310, 27
2522, 1717.740, 208.810, 27
2523, 1717.740, 217.310, 27
2524, 1717.740, 225.810, 27
2525, 1717.740, 234.310, 27
2526, 1717.740, 242.810, 27
2527, 1717.740, 251.310, 27
2528, 1717.740, 259.810, 27
2529, 1717.740, 268.310, 27
2530, 1717.740, 276.810, 27
2531, 1717.740, 285.310, 27
2532, 1717.740, 293.810, 27
2533, 1717.740, 302.310, 17
2534, 1717.740, 310.810, 17
2535, 1717.740, 319.310, 17
2536, 1717.740, 327.810, 17
2537, 1717.740, 336.310, 17
2538, 1717.740, 344.810, 17
2539, 1717.740, 353.310, 17
2540, 1717.740, 361.810, 17
2541, 1717.740, 370.310, 17
2542, 1717.740, 378.810, 17
2543, 1717.740, 387.310, 8
2544, 1717.740, 395.810, 8
2545, 1717.740, 404.310, 8
2546, 1717.740, 412.810, 8
2547, 1717.740, 421.310, 8
2548, 1717.740, 429.810, 8
2549, 1717.740, 438.310, 8
2550, 1717.740, 446.810, 8
2551, 1717.740, 455.310, 8
2552, 1717.740, 463.810, 10
2553, 1717.740, 472.310, 10
2554, 1717.740, 480.810, 10
2555, 1717.740, 489.310, 10
2556, 1717.740, 497.810, 10
2557, 1717.740, 506.310, 10
2558, 1717.740, 514.810, 10
2559, 1717.740, 523.310, 10
2560, 1738.610, 208.810, 27
2561, 1738.610, 217.310, 27
2562, 1738.610, 225.810, 27
2563, 1738.610, 234.310, 27
2564, 1738.610, 242.810, 27
2565, 1738.610, 251.310, 27
2566, 1738.610, 259.810, 27
2567, 1738.610, 268.310, 27
2568, 1738.610, 276.810, 27
2569, 1738.610, 285.310, 27
2570, 1738.610, 293.810, 27
2571, 1738.610, 302.310, 17
2572, 1738.610, 310.810, 17
2573, 1738.610, 319.310, 17
2574, 1738.610, 327.810, 17
2575, 1738.610, 336.310, 17
2576, 1738.610, 344.810, 17
2577, 1738.610, 353.310, 17
2578, 1738.610, 361.810, 17
2579, 1738.610, 370.310, 17
2580, 1738.610, 378.810, 17
2581, 1738.610, 387.310, 8
2582, 1738.610, 395.810, 8
2583, 1738.610, 404.310, 8
2584, 1738.610, 412.810, 8
2585, 1738.610, 421.310, 8
2586, 1738.610, 429.810, 8
2587, 1738.610, 438.310, 8
2588, 1738.610, 446.810, 8
2589, 1738.610, 455.310, 8
2590, 1738.610, 463.810, 10
2591, 1738.610, 472.310, 10
2592, 1738.610, 480.810, 10
2593, 1738.610, 489.310, 10
2594, 1738.610, 497.810, 10
2595, 1738.610, 506.310, 10
2596, 1738.610, 514.810, 10
2597, 1738.610, 523.310, 10
2598, 1759.480, 217.310, 27
2599, 1759.480, 225.810, 27
2600, 1759.480, 234.310, 27
2601, 1759.480, 242.810, 27
2602, 1759.480, 251.310, 27
2603, 1759.480, 259.810, 27
2604, 1759.480, 268.310, 27
2605, 1759.480, 276.810, 27
2606, 1759.480, 285.310, 27
2607, 1759.480, 293.810, 27
2608, 1759.480, 302.310, 17
2609, 1759.480, 310.810, 17
2610, 1759.480, 319.310, 17
2611, 1759.480, 327.810, 17
2612, 1759.480, 336.310, 17
2613, 1759.480, 344.810, 17
2614, 1759.480, 353.310, 17
2615, 1759.480, 361.810, 17
2616, 1759.480, 370.310, 17
2617, 1759.480, 378.810, 17
2618, 1759.480, 387.310, 16
2619, 1759.480, 395.810, 16
2620, 1759.480, 404.310, 16
2621, 1759.480, 412.810, 16
2622, 1759.480, 421.310, 16
2623, 1759.480, 429.810, 16
2624, 1759.480, 438.310, 16
2625, 1759.480, 446.810, 16
2626, 1759.480, 455.310, 16
2627, 1759.480, 463.810, 10
2628, 1759.480, 472.310, 10
2629, 1759.480, 480.810, 10
2630, 1759.480, 489.310, 10
2631, 1759.480, 497.810, 10
2632, 1759.480, 506.310, 10
2633, 1759.480, 514.810, 10
2634, 1759.480, 523.310, 10
2635, 1759.480, 531.810, 10
2636, 1780.350, 225.810, 27
2637, 1780.350, 234.310, 27
2638, 1780.350, 242.810, 27
2639, 1780.350, 251.310, 27
2640, 1780.350, 259.810, 27
2641, 1780.350, 268.310, 27
2642, 1780.350, 276.810, 27
2643, 1780.350, 285.310, 27
2644, 1780.350, 293.810, 27
2645, 1780.350, 302.310, 17
2646, 1780.350, 310.810, 17
2647, 1780.350, 319.310, 17
2648, 1780.350, 327.810, 17
2649, 1780.350, 336.310, 17
2650, 1780.350, 344.810, 17
2651, 1780.350, 353.310, 17
2652, 1780.350, 361.810, 17
2653, 1780.350, 370.310, 17
2654, 1780.350, 378.810, 17
2655, 1780.350, 387.310, 16
2656, 1780.350, 395.810, 16
2657, 1780.350, 404.310, 16
2658, 1780.350, 412.810, 16
2659, 1780.350, 421.310, 16
2660, 1780.350, 429.810, 16
2661, 1780.350, 438.310, 16
2662, 1780.350, 446.810, 16
2663, 1780.350, 455.310, 16
2664, 1780.350, 463.810, 10
2665, 1780.350, 472.310, 10
2666, 1780.350, 480.810, 10
2667, 1780.350, 489.310, 10
2668, 1780.350, 497.810, 10
2669, 1780.350, 506.310, 10
2670, 1780.350, 514.810, 10
2671, 1780.350, 523.310, 10
2672, 1780.350, 531.810, 10
2673, 1801.220, 234.310, 27
2674, 1801.220, 242.810, 27
2675, 1801.220, 251.310, 27
2676, 1801.220, 259.810, 27
2677, 1801.220, 268.310, 27
2678, 1801.220, 276.810, 27
2679, 1801.220, 285.310, 27
2680, 1801.220, 293.810, 27
2681, 1801.220, 302.310, 17
2682, 1801.220, 310.810, 17
2683, 1801.220, 319.310, 17
2684, 1801.220, 327.810, 17
2685, 1801.220, 336.310, 17
2686, 1801.220, 344.810, 17
2687, 1801.220, 353.310, 17
2688, 1801.220, 361.810, 17
2689, 1801.220, 370.310, 17
2690, 1801.220, 378.810, 17
2691, 1801.220, 387.310, 16
2692, 1801.220, 395.810, 16
2693, 1801.220, 404.310, 16
2694, 1801.220, 412.810, 16
2695, 1801.220, 421.310, 16
2696, 1801.220, 429.810, 16
2697, 1801.220, 438.310, 16
2698, 1801.220, 446.810, 16
2699, 1801.220, 455.310, 16
2700, 1801.220, 463.810, 10
2701, 1801.220, 472.310, 10
2702, 1801.220, 480.810, 10
2703, 1801.220, 489.310, 10
2704, 1801.220, 497.810, 10
2705, 1801.220, 506.310, 10
2706, 1801.220, 514.810, 10
2707, 1801.220, 523.310, 10
2708, 1801.220, 531.810, 10
2709, 1822.090, 242.810, 27
2710, 1822.090, 251.310, 27
2711, 1822.090, 259.810, 27
2712, 1822.090, 268.310, 27
2713, 1822.090, 276.810, 27
2714, 1822.090, 285.310, 27
2715, 1822.090, 293.810, 27
2716, 1822.090, 302.310, 17
2717, 1822.090, 310.810, 17
2718, 1822.090, 319.310, 17
2719, 1822.090, 327.810, 17
2720, 1822.090, 336.310, 17
2721, 1822.090, 344.810, 17
2722, 1822.090, 353.310, 17
2723, 1822.090, 361.810, 17
2724, 1822.090, 370.310, 17
2725, 1822.090, 378.810, 17
2726, 1822.090, 387.310, 16
2727, 1822.090, 395.810, 16
2728, 1822.090, 404.310, 16
2729, 1822.090, 412.810, 16
2730, 1822.090, 421.310, 16
2731, 1822.090, 429.810, 16
2732, 1822.090, 438.310, 16
2733, 1822.090, 446.810, 16
2734, 1822.090, 455.310, 16
2735, 1822.090, 463.810, 10
2736, 1822.090, 472.310, 10
2737, 1822.090, 480.810, 4
2738, 1822.090, 489.310, 4
2739, 1822.090, 497.810, 4
2740, 1822.090, 506.310, 4
2741, 1822.090, 514.810, 4
2742, 1822.090, 523.310, 4
2743, 1822.090, 531.810, 4
2744, 1842.960, 251.310, 27
2745, 1842.960, 259.810, 27
2746, 1842.960, 268.310, 27
2747, 1842.960, 276.810, 27
2748, 1842.960, 285.310, 27
2749, 1842.960, 293.810, 27
2750, 1842.960, 302.310, 23
2751, 1842.960, 310.810, 17
2752, 1842.960, 319.310, 17
2753, 1842.960, 327.810, 17
2754, 1842.960, 336.310, 17
2755, 1842.960, 344.810, 17
2756, 1842.960, 353.310, 17
2757, 1842.960, 361.810, 17
2758, 1842.960, 370.310, 17
2759, 1842.960, 378.810, 17
2760, 1842.960, 387.310, 16
2761, 1842.960, 395.810, 16
2762, 1842.960, 404.310, 16
2763, 1842.960, 412.810, 16
2764, 1842.960, 421.310, 16
2765, 1842.960, 429.810, 16
2766, 1842.960, 438.310, 16
2767, 1842.960, 446.810, 16
2768, 1842.960, 455.310, 16
2769, 1842.960, 463.810, 4
2770, 1842.960, 472.310, 4
2771, 1842.960, 480.810, 4
2772, 1842.960, 489.310, 4
2773, 1842.960, 497.810, 4
2774, 1842.960, 506.310, 4
2775, 1842.960, 514.810, 4
2776, 1842.960, 523.310, 4
2777, 1842.960, 531.810, 4
2778, 1863.830, 259.810, 27
2779, 1863.830, 268.310, 27
2780, 1863.830, 276.810, 27
2781, 1863.830, 285.310, 27
2782, 1863.830, 293.810, 27
2783, 1863.830, 302.310, 23
2784, 1863.830, 310.810, 23
2785, 1863.830, 319.310, 23
2786, 1863.830, 327.810, 23
2787, 1863.830, 336.310, 23
2788, 1863.830, 344.810, 23
2789, 1863.830, 353.310, 23
2790, 1863.830, 361.810, 23
2791, 1863.830, 370.310, 23
2792, 1863.830, 378.810, 23
2793, 1863.830, 387.310, 23
2794, 1863.830, 395.810, 16
2795, 1863.830, 404.310, 16
2796, 1863.830, 412.810, 16
2797, 1863.830, 421.310, 16
2798, 1863.830, 429.810, 16
2799, 1863.830, 438.310, 16
2800, 1863.830, 446.810, 16
2801, 1863.830, 455.310, 16
2802, 1863.830, 463.810, 4
2803, 1863.830, 472.310, 4
2804, 1863.830, 480.810, 4
2805, 1863.830, 489.310, 4
2806, 1863.830, 497.810, 4
2807, 1863.830, 506.310, 4
2808, 1863.830, 514.810, 4
2809, 1863.830, 523.310, 4
2810, 1863.830, 531.810, 4
2811, 1884.700, 268.310, 27
2812, 1884.700, 276.810, 27
2813, 1884.700, 285.310, 27
2814, 1884.700, 293.810, 27
2815, 1884.700, 302.310, 23
2816, 1884.700, 310.810, 23
2817, 1884.700, 319.310, 23
2818, 1884.700, 327.810, 23
2819, 1884.700, 336.310, 23
2820, 1884.700, 344.810, 23
2821, 1884.700, 353.310, 23
2822, 1884.700, 361.810, 23
2823, 1884.700, 370.310, 23
2824, 1884.700, 378.810, 23
2825, 1884.700, 387.310, 23
2826, 1884.700, 395.810, 16
2827, 1884.700, 404.310, 16
2828, 1884.700, 412.810, 16
2829, 1884.700, 421.310, 16
2830, 1884.700, 429.810, 16
2831, 1884.700, 438.310, 16
2832, 1884.700, 446.810, 4
2833, 1884.700, 455.310, 4
2834, 1884.700, 463.810, 4
2835, 1884.700, 472.310, 4
2836, 1884.700, 480.810, 4
2837, 1884.700, 489.310, 4
2838, 1884.700, 497.810, 4
2839, 1884.700, 506.310, 4
2840, 1884.700, 514.810, 4
2841, 1884.700, 523.310, 4
2842, 1884.700, 531.810, 4
2843, 1884.700, 540.310, 4
2844, 1905.570, 276.810, 27
2845, 1905.570, 285.310, 23
2846, 1905.570, 293.810, 23
2847, 1905.570, 302.310, 23
2848, 1905.570, 310.810, 23
2849, 1905.570, 319.310, 23
2850, 1905.570, 327.810, 23
2851, 1905.570, 336.310, 23
2852, 1905.570, 344.810, 23
2853, 1905.570, 353.310, 23
2854, 1905.570, 361.810, 23
2855, 1905.570, 370.310, 23
2856, 1905.570, 378.810, 23
2857, 1905.570, 387.310, 23
2858, 1905.570, 395.810, 16
2859, 1905.570, 404.310, 16
2860, 1905.570, 412.810, 16
2861, 1905.570, 421.310, 16
2862, 1905.570, 429.810, 16
2863, 1905.570, 438.310, 16
2864, 1905.570, 446.810, 4
2865, 1905.570, 455.310, 4
2866, 1905.570, 463.810, 4
2867, 1905.570, 472.310, 4
2868, 1905.570, 480.810, 4
2869, 1905.570, 489.310, 4
2870, 1905.570, 497.810, 4
2871, 1905.570, 506.310, 4
2872, 1905.570, 514.810, 4
2873, 1905.570, 523.310, 4
2874, 1905.570, 531.810, 4
2875, 1905.570, 540.310, 4
2876, 1926.440, 285.310, 23
2877, 1926.440, 293.810, 23
2878, 1926.440, 302.310, 23
2879, 1926.440, 310.810, 23
2880, 1926.440, 319.310, 23
2881, 1926.440, 327.810, 23
2882, 1926.440, 336.310, 23
2883, 1926.440, 344.810, 23
2884, 1926.440, 353.310, 23
2885, 1926.440, 361.810, 23
2886, 1926.440, 370.310, 23
2887, 1926.440, 378.810, 23
2888, 1926.440, 387.310, 23
2889, 1926.440, 395.810, 16
2890, 1926.440, 404.310, 16
2891, 1926.440, 412.810, 16
2892, 1926.440, 421.310, 16
2893, 1926.440, 429.810, 16
2894, 1926.440, 438.310, 16
2895, 1926.440, 446.810, 4
2896, 1926.440, 455.310, 4
2897, 1926.440, 463.810, 4
2898, 1926.440, 472.310, 4
2899, 1926.440, 480.810, 4
2900, 1926.440, 489.310, 4
2901, 1926.440, 497.810, 4
2902, 1926.440, 506.310, 4
2903, 1926.440, 514.810, 4
2904, 1926.440, 523.310, 4
2905, 1926.440, 531.810, 4
2906, 1926.440, 540.310, 4
2907, 1947.310, 293.810, 23
2908, 1947.310, 302.310, 23
2909, 1947.310, 310.810, 23
2910, 1947.310, 319.310, 23
2911, 1947.310, 327.810, 23
2912, 1947.310, 336.310, 23
2913, 1947.310, 344.810, 23
2914, 1947.310, 353.310, 23
2915, 1947.310, 361.810, 23
2916, 1947.310, 370.310, 23
2917, 1947.310, 378.810, 23
2918, 1947.310, 387.310, 23
2919, 1947.310, 395.810, 16
2920, 1947.310, 404.310, 16
2921, 1947.310, 412.810, 16
2922, 1947.310, 421.310, 16
2923, 1947.310, 429.810, 16
2924, 1947.310, 438.310, 16
2925, 1947.310, 446.810, 4
2926, 1947.310, 455.310, 4
2927, 1947.310, 463.810, 4
2928, 1947.310, 472.310, 4
2929, 1947.310, 480.810, 4
2930, 1947.310, 489.310, 4
2931, 1947.310, 497.810, 4
2932, 1947.310, 506.310, 4
2933, 1947.310, 514.810, 4
2934, 1947.310, 523.310, 4
2935, 1947.310, 531.810, 4
2936, 1947.310, 540.310, 4
2937, 1968.180, 302.310, 23
2938, 1968.180, 310.810, 23
2939, 1968.180, 319.310, 23
2940, 1968.180, 327.810, 23
2941, 1968.180, 336.310, 23
2942, 1968.180, 344.810, 23
2943, 1968.180, 353.310, 23
2944, 1968.180, 361.810, 23
2945, 1968.180, 370.310, 23
2946, 1968.180, 378.810, 23
2947, 1968.180, 387.310, 23
2948, 1968.180, 395.810, 16
2949, 1968.180, 404.310, 16
2950, 1968.180, 412.810, 16
2951, 1968.180, 421.310, 16
2952, 1968.180, 429.810, 16
2953, 1968.180, 438.310, 16
2954, 1968.180, 446.810, 4
2955, 1968.180, 455.310, 4
2956, 1968.180, 463.810, 4
2957, 1968.180, 472.310, 4
2958, 1968.180, 480.810, 4
2959, 1968.180, 489.310, 4
2960, 1968.180, 497.810, 4
2961, 1968.180, 506.310, 4
2962, 1968.180, 514.810, 4
2963, 1968.180, 523.310, 4
2964, 1968.180, 531.810, 4
2965, 1968.180, 540.310, 4
2966, 1989.050, 319.310, 23
2967, 1989.050, 327.810, 23
2968, 1989.050, 336.310, 23
2969, 1989.050, 344.810, 23
2970, 1989.050, 353.310, 23
2971, 1989.050, 361.810, 23
2972, 1989.050, 370.310, 23
2973, 1989.050, 378.810, 23
2974, 1989.050, 387.310, 23
2975, 1989.050, 395.810, 16
2976, 1989.050, 404.310, 16
2977, 1989.050, 412.810, 16
2978, 1989.050, 421.310, 16
2979, 1989.050, 429.810, 16
2980, 1989.050, 438.310, 16
2981, 1989.050, 446.810, 4
2982, 1989.050, 455.310, 4
2983, 1989.050, 463.810, 4
2984, 1989.050, 472.310, 4
2985, 1989.050, 480.810, 4
2986, 1989.050, 489.310, 4
2987, 1989.050, 497.810, 4
2988, 1989.050, 506.310, 4
2989, 1989.050, 514.810, 4
2990, 1989.050, 523.310, 4
2991, 1989.050, 531.810, 4
2992, 1989.050, 540.310, 4
2993, 2009.920, 327.810, 23
2994, 2009.920, 336.310, 23
2995, 2009.920, 344.810, 23
2996, 2009.920, 353.310, 23
2997, 2009.920, 361.810, 23
2998, 2009.920, 370.310, 23
2999, 2009.920, 378.810, 23
3000, 2009.920, 387.310, 23
3001, 2009.920, 395.810, 16
3002, 2009.920, 404.310, 16
3003, 2009.920, 412.810, 16
3004, 2009.920, 421.310, 16
3005, 2009.920, 429.810, 16
3006, 2009.920, 438.310, 16
3007, 2009.920, 446.810, 4
3008, 2009.920, 455.310, 4
3009, 2009.920, 463.810, 4
3010, 2009.920, 472.310, 4
3011, 2009.920, 480.810, 4
3012, 2009.920, 489.310, 4
3013, 2009.920, 497.810, 4
3014, 2009.920, 506.310, 4
3015, 2030.790, 336.310, 23
3016, 2030.790, 344.810, 23
3017, 2030.790, 353.310, 23
3018, 2030.790, 361.810, 23
3019, 2030.790, 370.310, 23
3020, 2030.790, 378.810, 23
3021, 2030.790, 387.310, 23
3022, 2030.790, 395.810, 16
3023, 2030.790, 404.310, 16
3024, 2030.790, 412.810, 16
3025, 2030.790, 421.310, 16
3026, 2030.790, 429.810, 16
3027, 2030.790, 438.310, 16
3028, 2030.790, 446.810, 4
3029, 2030.790, 455.310, 4
3030, 2030.790, 463.810, 4
3031, 2030.790, 472.310, 4
3032, 2051.660, 344.810, 23
3033, 2051.660, 353.310, 23
3034, 2051.660, 361.810, 23
3035, 2051.660, 370.310, 23
3036, 2051.660, 378.810, 23
3037, 2051.660, 387.310, 23
3038, 2051.660, 395.810, 16
3039, 2051.660, 404.310, 16
3040, 2051.660, 412.810, 16
3041, 2051.660, 421.310, 16
3042, 2051.660, 429.810, 16
3043, 2051.660, 438.310, 16
3044, 2072.530, 353.310, 23
3045, 2072.530, 361.810, 23
3046, 2072.530, 370.310, 23
3047, 2072.530, 378.810, 23
3048, 2072.530, 387.310, 23
3049, 2072.530, 395.810, 16
3050, 2072.530, 404.310, 16
3051, 2093.400, 361.810, 23
3052, 2093.400, 370.310, 23
