1, 377.180, 35.670, 1
2, 398.050, 35.670, 1
3, 418.920, 35.670, 1
4, 356.310, 44.170, 1
5, 377.180, 44.170, 1
6, 398.050, 44.170, 1
7, 418.920, 44.170, 1
8, 439.790, 44.170, 1
9, 335.440, 52.670, 1
10, 356.310, 52.670, 1
11, 377.180, 52.670, 1
12, 398.050, 52.670, 1
13, 418.920, 52.670, 1
14, 439.790, 52.670, 1
15, 460.660, 52.670, 1
16, 481.530, 52.670, 1
17, 293.700, 61.170, 14
18, 314.570, 61.170, 14
19, 335.440, 61.170, 1
20, 356.310, 61.170, 1
21, 377.180, 61.170, 1
22, 398.050, 61.170, 1
23, 418.920, 61.170, 1
24, 439.790, 61.170, 1
25, 460.660, 61.170, 1
26, 481.530, 61.170, 1
27, 502.400, 61.170, 1
28, 272.830, 69.670, 14
29, 293.700, 69.670, 14
30, 314.570, 69.670, 14
31, 335.440, 69.670, 1
32, 356.310, 69.670, 1
33, 377.180, 69.670, 1
34, 398.050, 69.670, 1
35, 418.920, 69.670, 1
36, 439.790, 69.670, 1
37, 460.660, 69.670, 1
38, 481.530, 69.670, 1
39, 502.400, 69.670, 1
40, 523.270, 69.670, 1
41, 251.960, 78.170, 14
42, 272.830, 78.170, 14
43, 293.700, 78.170, 14
44, 314.570, 78.170, 14
45, 335.440, 78.170, 1
46, 356.310, 78.170, 1
47, 377.180, 78.170, 1
48, 398.050, 78.170, 1
49, 418.920, 78.170, 1
50, 439.790, 78.170, 1
51, 460.660, 78.170, 1
52, 481.530, 78.170, 1
53, 502.400, 78.170, 1
54, 523.270, 78.170, 1
55, 544.140, 78.170, 1
56, 565.010, 78.170, 1
57, 231.090, 86.670, 14
58, 251.960, 86.670, 14
59, 272.830, 86.670, 14
60, 293.700, 86.670, 14
61, 314.570, 86.670, 14
62, 335.440, 86.670, 1
63, 356.310, 86.670, 1
64, 377.180, 86.670, 1
65, 398.050, 86.670, 1
66, 418.920, 86.670, 1
67, 439.790, 86.670, 1
68, 460.660, 86.670, 1
69, 481.530, 86.670, 1
70, 502.400, 86.670, 1
71, 523.270, 86.670, 1
72, 544.140, 86.670, 1
73, 565.010, 86.670, 1
74, 189.350, 95.170, 14
75, 210.220, 95.170, 14
76, 231.090, 95.170, 14
77, 251.960, 95.170, 14
78, 272.830, 95.170, 14
79, 293.700, 95.170, 14
80, 314.570, 95.170, 14
81, 335.440, 95.170, 1
82, 356.310, 95.170, 1
83, 377.180, 95.170, 1
84, 398.050, 95.170, 1
85, 418.920, 95.170, 1
86, 439.790, 95.170, 1
87, 460.660, 95.170, 1
88, 481.530, 95.170, 1
89, 502.400, 95.170, 1
90, 523.270, 95.170, 1
91, 544.140, 95.170, 1
92, 565.010, 95.170, 1
93, 585.880, 95.170, 1
94, 189.350, 103.670, 14
95, 210.220, 103.670, 14
96, 231.090, 103.670, 14
97, 251.960, 103.670, 14
98, 272.830, 103.670, 14
99, 293.700, 103.670, 14
100, 314.570, 103.670, 14
101, 335.440, 103.670, 1
102, 356.310, 103.670, 1
103, 377.180, 103.670, 1
104, 398.050, 103.670, 1
105, 418.920, 103.670, 1
106, 439.790, 103.670, 1
107, 460.660, 103.670, 1
108, 481.530, 103.670, 1
109, 502.400, 103.670, 1
110, 523.270, 103.670, 1
111, 544.140, 103.670, 1
112, 565.010, 103.670, 1
113, 585.880, 103.670, 1
114, 168.480, 112.170, 14
115, 189.350, 112.170, 14
116, 210.220, 112.170, 14
117, 231.090, 112.170, 14
118, 251.960, 112.170, 14
119, 272.830, 112.170, 14
120, 293.700, 112.170, 14
121, 314.570, 112.170, 14
122, 335.440, 112.170, 1
123, 356.310, 112.170, 1
124, 377.180, 112.170, 1
125, 398.050, 112.170, 1
126, 418.920, 112.170, 1
127, 439.790, 112.170, 1
128, 460.660, 112.170, 1
129, 481.530, 112.170, 1
130, 502.400, 112.170, 1
131, 523.270, 112.170, 1
132, 544.140, 112.170, 1
133, 565.010, 112.170, 12
134, 585.880, 112.170, 12
135, 606.750, 112.170, 12
136, 168.480, 120.670, 14
137, 189.350, 120.670, 14
138, 210.220, 120.670, 14
139, 231.090, 120.670, 14
140, 251.960, 120.670, 14
141, 272.830, 120.670, 14
142, 293.700, 120.670, 14
143, 314.570, 120.670, 14
144, 335.440, 120.670, 1
145, 356.310, 120.670, 1
146, 377.180, 120.670, 1
147, 398.050, 120.670, 1
148, 418.920, 120.670, 1
149, 439.790, 120.670, 1
150, 460.660, 120.670, 1
151, 481.530, 120.670, 1
152, 502.400, 120.670, 1
153, 523.270, 120.670, 12
154, 544.140, 120.670, 12
155, 565.010, 120.670, 12
156, 585.880, 120.670, 12
157, 606.750, 120.670, 12
158, 627.620, 120.670, 12
159, 147.610, 129.170, 14
160, 168.480, 129.170, 14
161, 189.350, 129.170, 14
162, 210.220, 129.170, 14
163, 231.090, 129.170, 14
164, 251.960, 129.170, 14
165, 272.830, 129.170, 14
166, 293.700, 129.170, 14
167, 314.570, 129.170, 14
168, 335.440, 129.170, 1
169, 356.310, 129.170, 1
170, 377.180, 129.170, 1
171, 398.050, 129.170, 1
172, 418.920, 129.170, 17
173, 439.790, 129.170, 17
174, 460.660, 129.170, 17
175, 481.530, 129.170, 17
176, 502.400, 129.170, 17
177, 523.270, 129.170, 12
178, 544.140, 129.170, 12
179, 565.010, 129.170, 12
180, 585.880, 129.170, 12
181, 606.750, 129.170, 12
182, 627.620, 129.170, 12
183, 126.740, 137.670, 14
184, 147.610, 137.670, 14
185, 168.480, 137.670, 14
186, 189.350, 137.670, 14
187, 210.220, 137.670, 14
188, 231.090, 137.670, 14
189, 251.960, 137.670, 14
190, 272.830, 137.670, 14
191, 293.700, 137.670, 14
192, 314.570, 137.670, 14
193, 335.440, 137.670, 17
194, 356.310, 137.670, 17
195, 377.180, 137.670, 17
196, 398.050, 137.670, 17
197, 418.920, 137.670, 17
198, 439.790, 137.670, 17
199, 460.660, 137.670, 17
200, 481.530, 137.670, 17
201, 502.400, 137.670, 17
202, 523.270, 137.670, 12
203, 544.140, 137.670, 12
204, 565.010, 137.670, 12
205, 585.880, 137.670, 12
206, 606.750, 137.670, 12
207, 627.620, 137.670, 12
208, 648.490, 137.670, 12
209, 126.740, 146.170, 14
210, 147.610, 146.170, 14
211, 168.480, 146.170, 14
212, 189.350, 146.170, 14
213, 210.220, 146.170, 14
214, 231.090, 146.170, 14
215, 251.960, 146.170, 14
216, 272.830, 146.170, 14
217, 293.700, 146.170, 14
218, 314.570, 146.170, 14
219, 335.440, 146.170, 17
220, 356.310, 146.170, 17
221, 377.180, 146.170, 17
222, 398.050, 146.170, 17
223, 418.920, 146.170, 17
224, 439.790, 146.170, 17
225, 460.660, 146.170, 17
226, 481.530, 146.170, 17
227, 502.400, 146.170, 17
228, 523.270, 146.170, 12
229, 544.140, 146.170, 12
230, 565.010, 146.170, 12
231, 585.880, 146.170, 12
232, 606.750, 146.170, 12
233, 627.620, 146.170, 12
234, 648.490, 146.170, 12
235, 105.870, 154.670, 14
236, 126.740, 154.670, 14
237, 147.610, 154.670, 14
238, 168.480, 154.670, 14
239, 189.350, 154.670, 14
240, 210.220, 154.670, 14
241, 231.090, 154.670, 14
242, 251.960, 154.670, 14
243, 272.830, 154.670, 14
244, 293.700, 154.670, 14
245, 314.570, 154.670, 14
246, 335.440, 154.670, 17
247, 356.310, 154.670, 17
248, 377.180, 154.670, 17
249, 398.050, 154.670, 17
250, 418.920, 154.670, 17
251, 439.790, 154.670, 17
252, 460.660, 154.670, 17
253, 481.530, 154.670, 17
254, 502.400, 154.670, 17
255, 523.270, 154.670, 12
256, 544.140, 154.670, 12
257, 565.010, 154.670, 12
258, 585.880, 154.670, 12
259, 606.750, 154.670, 12
260, 627.620, 154.670, 12
261, 648.490, 154.670, 12
262, 669.360, 154.670, 12
263, 105.870, 163.170, 14
264, 126.740, 163.170, 14
265, 147.610, 163.170, 14
266, 168.480, 163.170, 14
267, 189.350, 163.170, 14
268, 210.220, 163.170, 14
269, 231.090, 163.170, 14
270, 251.960, 163.170, 14
271, 272.830, 163.170, 14
272, 293.700, 163.170, 14
273, 314.570, 163.170, 14
274, 335.440, 163.170, 17
275, 356.310, 163.170, 17
276, 377.180, 163.170, 17
277, 398.050, 163.170, 17
278, 418.920, 163.170, 17
279, 439.790, 163.170, 17
280, 460.660, 163.170, 17
281, 481.530, 163.170, 17
282, 502.400, 163.170, 17
283, 523.270, 163.170, 12
284, 544.140, 163.170, 12
285, 565.010, 163.170, 12
286, 585.880, 163.170, 12
287, 606.750, 163.170, 12
288, 627.620, 163.170, 12
289, 648.490, 163.170, 12
290, 669.360, 163.170, 12
291, 85.000, 171.670, 14
292, 105.870, 171.670, 14
293, 126.740, 171.670, 14
294, 147.610, 171.670, 14
295, 168.480, 171.670, 14
296, 189.350, 171.670, 14
297, 210.220, 171.670, 14
298, 231.090, 171.670, 14
299, 251.960, 171.670, 14
300, 272.830, 171.670, 14
301, 293.700, 171.670, 14
302, 314.570, 171.670, 14
303, 335.440, 171.670, 17
304, 356.310, 171.670, 17
305, 377.180, 171.670, 17
306, 398.050, 171.670, 17
307, 418.920, 171.670, 17
308, 439.790, 171.670, 17
309, 460.660, 171.670, 17
310, 481.530, 171.670, 17
311, 502.400, 171.670, 17
312, 523.270, 171.670, 12
313, 544.140, 171.670, 12
314, 565.010, 171.670, 12
315, 585.880, 171.670, 12
316, 606.750, 171.670, 12
317, 627.620, 171.670, 12
318, 648.490, 171.670, 12
319, 669.360, 171.670, 12
320, 690.230, 171.670, 12
321, 64.130, 180.170, 2
322, 85.000, 180.170, 2
323, 105.870, 180.170, 2
324, 126.740, 180.170, 2
325, 147.610, 180.170, 2
326, 168.480, 180.170, 2
327, 189.350, 180.170, 2
328, 210.220, 180.170, 2
329, 231.090, 180.170, 2
330, 251.960, 180.170, 2
331, 272.830, 180.170, 2
332, 293.700, 180.170, 14
333, 314.570, 180.170, 14
334, 335.440, 180.170, 17
335, 356.310, 180.170, 17
336, 377.180, 180.170, 17
337, 398.050, 180.170, 17
338, 418.920, 180.170, 17
339, 439.790, 180.170, 17
340, 460.660, 180.170, 17
341, 481.530, 180.170, 17
342, 502.400, 180.170, 17
343, 523.270, 180.170, 12
344, 544.140, 180.170, 12
345, 565.010, 180.170, 12
346, 585.880, 180.170, 12
347, 606.750, 180.170, 12
348, 627.620, 180.170, 12
349, 648.490, 180.170, 12
350, 669.360, 180.170, 12
351, 690.230, 180.170, 12
352, 64.130, 188.670, 2
353, 85.000, 188.670, 2
354, 105.870, 188.670, 2
355, 126.740, 188.670, 2
356, 147.610, 188.670, 2
357, 168.480, 188.670, 2
358, 189.350, 188.670, 2
359, 210.220, 188.670, 2
360, 231.090, 188.670, 2
361, 251.960, 188.670, 2
362, 272.830, 188.670, 2
363, 293.700, 188.670, 2
364, 314.570, 188.670, 2
365, 335.440, 188.670, 17
366, 356.310, 188.670, 17
367, 377.180, 188.670, 17
368, 398.050, 188.670, 17
369, 418.920, 188.670, 17
370, 439.790, 188.670, 17
371, 460.660, 188.670, 17
372, 481.530, 188.670, 17
373, 502.400, 188.670, 17
374, 523.270, 188.670, 12
375, 544.140, 188.670, 12
376, 565.010, 188.670, 12
377, 585.880, 188.670, 12
378, 606.750, 188.670, 12
379, 627.620, 188.670, 12
380, 648.490, 188.670, 12
381, 669.360, 188.670, 12
382, 690.230, 188.670, 12
383, 711.100, 188.670, 12
384, 43.260, 197.170, 2
385, 64.130, 197.170, 2
386, 85.000, 197.170, 2
387, 105.870, 197.170, 2
388, 126.740, 197.170, 2
389, 147.610, 197.170, 2
390, 168.480, 197.170, 2
391, 189.350, 197.170, 2
392, 210.220, 197.170, 2
393, 231.090, 197.170, 2
394, 251.960, 197.170, 2
395, 272.830, 197.170, 2
396, 293.700, 197.170, 2
397, 314.570, 197.170, 2
398, 335.440, 197.170, 17
399, 356.310, 197.170, 17
400, 377.180, 197.170, 17
401, 398.050, 197.170, 17
402, 418.920, 197.170, 17
403, 439.790, 197.170, 17
404, 460.660, 197.170, 17
405, 481.530, 197.170, 17
406, 502.400, 197.170, 17
407, 523.270, 197.170, 12
408, 544.140, 197.170, 12
409, 565.010, 197.170, 12
410, 585.880, 197.170, 12
411, 606.750, 197.170, 12
412, 627.620, 197.170, 12
413, 648.490, 197.170, 12
414, 669.360, 197.170, 12
415, 690.230, 197.170, 12
416, 711.100, 197.170, 12
417, 22.390, 205.670, 2
418, 43.260, 205.670, 2
419, 64.130, 205.670, 2
420, 85.000, 205.670, 2
421, 105.870, 205.670, 2
422, 126.740, 205.670, 2
423, 147.610, 205.670, 2
424, 168.480, 205.670, 2
425, 189.350, 205.670, 2
426, 210.220, 205.670, 2
427, 231.090, 205.670, 2
428, 251.960, 205.670, 2
429, 272.830, 205.670, 2
430, 293.700, 205.670, 2
431, 314.570, 205.670, 2
432, 335.440, 205.670, 17
433, 356.310, 205.670, 17
434, 377.180, 205.670, 17
435, 398.050, 205.670, 17
436, 418.920, 205.670, 17
437, 439.790, 205.670, 17
438, 460.660, 205.670, 17
439, 481.530, 205.670, 17
440, 502.400, 205.670, 17
441, 523.270, 205.670, 12
442, 544.140, 205.670, 12
443, 565.010, 205.670, 12
444, 585.880, 205.670, 12
445, 606.750, 205.670, 12
446, 627.620, 205.670, 12
447, 648.490, 205.670, 12
448, 669.360, 205.670, 12
449, 690.230, 205.670, 12
450, 711.100, 205.670, 12
451, 731.970, 205.670, 12
452, 43.260, 214.170, 2
453, 64.130, 214.170, 2
454, 85.000, 214.170, 2
455, 105.870, 214.170, 2
456, 126.740, 214.170, 2
457, 147.610, 214.170, 2
458, 168.480, 214.170, 2
459, 189.350, 214.170, 2
460, 210.220, 214.170, 2
461, 231.090, 214.170, 2
462, 251.960, 214.170, 2
463, 272.830, 214.170, 2
464, 293.700, 214.170, 2
465, 314.570, 214.170, 2
466, 335.440, 214.170, 17
467, 356.310, 214.170, 17
468, 377.180, 214.170, 17
469, 398.050, 214.170, 17
470, 418.920, 214.170, 17
471, 439.790, 214.170, 17
472, 460.660, 214.170, 17
473, 481.530, 214.170, 17
474, 502.400, 214.170, 17
475, 523.270, 214.170, 12
476, 544.140, 214.170, 12
477, 565.010, 214.170, 12
478, 585.880, 214.170, 12
479, 606.750, 214.170, 12
480, 627.620, 214.170, 12
481, 648.490, 214.170, 12
482, 669.360, 214.170, 12
483, 690.230, 214.170, 12
484, 711.100, 214.170, 12
485, 731.970, 214.170, 12
486, 43.260, 222.670, 2
487, 64.130, 222.670, 2
488, 85.000, 222.670, 2
489, 105.870, 222.670, 2
490, 126.740, 222.670, 2
491, 147.610, 222.670, 2
492, 168.480, 222.670, 2
493, 189.350, 222.670, 2
494, 210.220, 222.670, 2
495, 231.090, 222.670, 2
496, 251.960, 222.670, 2
497, 272.830, 222.670, 2
498, 293.700, 222.670, 2
499, 314.570, 222.670, 2
500, 335.440, 222.670, 17
501, 356.310, 222.670, 17
502, 377.180, 222.670, 17
503, 398.050, 222.670, 17
504, 418.920, 222.670, 17
505, 439.790, 222.670, 17
506, 460.660, 222.670, 17
507, 481.530, 222.670, 17
508, 502.400, 222.670, 17
509, 523.270, 222.670, 12
510, 544.140, 222.670, 12
511, 565.010, 222.670, 12
512, 585.880, 222.670, 12
513, 606.750, 222.670, 5
514, 627.620, 222.670, 5
515, 648.490, 222.670, 5
516, 669.360, 222.670, 5
517, 690.230, 222.670, 5
518, 711.100, 222.670, 5
519, 731.970, 222.670, 5
520, 752.840, 222.670, 5
521, 43.260, 231.170, 2
522, 64.130, 231.170, 2
523, 85.000, 231.170, 2
524, 105.870, 231.170, 2
525, 126.740, 231.170, 2
526, 147.610, 231.170, 2
527, 168.480, 231.170, 2
528, 189.350, 231.170, 2
529, 210.220, 231.170, 2
530, 231.090, 231.170, 2
531, 251.960, 231.170, 2
532, 272.830, 231.170, 2
533, 293.700, 231.170, 2
534, 314.570, 231.170, 2
535, 335.440, 231.170, 17
536, 356.310, 231.170, 17
537, 377.180, 231.170, 17
538, 398.050, 231.170, 17
539, 418.920, 231.170, 17
540, 439.790, 231.170, 9
541, 460.660, 231.170, 9
542, 481.530, 231.170, 9
543, 502.400, 231.170, 9
544, 523.270, 231.170, 9
545, 544.140, 231.170, 9
546, 565.010, 231.170, 9
547, 585.880, 231.170, 5
548, 606.750, 231.170, 5
549, 627.620, 231.170, 5
550, 648.490, 231.170, 5
551, 669.360, 231.170, 5
552, 690.230, 231.170, 5
553, 711.100, 231.170, 5
554, 731.970, 231.170, 5
555, 752.840, 231.170, 5
556, 43.260, 239.670, 2
557, 64.130, 239.670, 2
558, 85.000, 239.670, 2
559, 105.870, 239.670, 2
560, 126.740, 239.670, 2
561, 147.610, 239.670, 2
562, 168.480, 239.670, 2
563, 189.350, 239.670, 2
564, 210.220, 239.670, 2
565, 231.090, 239.670, 2
566, 251.960, 239.670, 2
567, 272.830, 239.670, 2
568, 293.700, 239.670, 2
569, 314.570, 239.670, 2
570, 335.440, 239.670, 9
571, 356.310, 239.670, 9
572, 377.180, 239.670, 9
573, 398.050, 239.670, 9
574, 418.920, 239.670, 9
575, 439.790, 239.670, 9
576, 460.660, 239.670, 9
577, 481.530, 239.670, 9
578, 502.400, 239.670, 9
579, 523.270, 239.670, 9
580, 544.140, 239.670, 9
581, 565.010, 239.670, 9
582, 585.880, 239.670, 5
583, 606.750, 239.670, 5
584, 627.620, 239.670, 5
585, 648.490, 239.670, 5
586, 669.360, 239.670, 5
587, 690.230, 239.670, 5
588, 711.100, 239.670, 5
589, 731.970, 239.670, 5
590, 752.840, 239.670, 5
591, 773.710, 239.670, 5
592, 43.260, 248.170, 11
593, 64.130, 248.170, 11
594, 85.000, 248.170, 11
595, 105.870, 248.170, 11
596, 126.740, 248.170, 11
597, 147.610, 248.170, 11
598, 168.480, 248.170, 11
599, 189.350, 248.170, 11
600, 210.220, 248.170, 11
601, 231.090, 248.170, 11
602, 251.960, 248.170, 11
603, 272.830, 248.170, 11
604, 293.700, 248.170, 11
605, 314.570, 248.170, 11
606, 335.440, 248.170, 9
607, 356.310, 248.170, 9
608, 377.180, 248.170, 9
609, 398.050, 248.170, 9
610, 418.920, 248.170, 9
611, 439.790, 248.170, 9
612, 460.660, 248.170, 9
613, 481.530, 248.170, 9
614, 502.400, 248.170, 9
615, 523.270, 248.170, 9
616, 544.140, 248.170, 9
617, 565.010, 248.170, 9
618, 585.880, 248.170, 5
619, 606.750, 248.170, 5
620, 627.620, 248.170, 5
621, 648.490, 248.170, 5
622, 669.360, 248.170, 5
623, 690.230, 248.170, 5
624, 711.100, 248.170, 5
625, 731.970, 248.170, 5
626, 752.840, 248.170, 5
627, 773.710, 248.170, 5
628, 43.260, 256.670, 11
629, 64.130, 256.670, 11
630, 85.000, 256.670, 11
631, 105.870, 256.670, 11
632, 126.740, 256.670, 11
633, 147.610, 256.670, 11
634, 168.480, 256.670, 11
635, 189.350, 256.670, 11
636, 210.220, 256.670, 11
637, 231.090, 256.670, 11
638, 251.960, 256.670, 11
639, 272.830, 256.670, 11
640, 293.700, 256.670, 11
641, 314.570, 256.670, 11
642, 335.440, 256.670, 9
643, 356.310, 256.670, 9
644, 377.180, 256.670, 9
645, 398.050, 256.670, 9
646, 418.920, 256.670, 9
647, 439.790, 256.670, 9
648, 460.660, 256.670, 9
649, 481.530, 256.670, 9
650, 502.400, 256.670, 9
651, 523.270, 256.670, 9
652, 544.140, 256.670, 9
653, 565.010, 256.670, 9
654, 585.880, 256.670, 5
655, 606.750, 256.670, 5
656, 627.620, 256.670, 5
657, 648.490, 256.670, 5
658, 669.360, 256.670, 5
659, 690.230, 256.670, 5
660, 711.100, 256.670, 5
661, 731.970, 256.670, 5
662, 752.840, 256.670, 5
663, 773.710, 256.670, 5
664, 794.580, 256.670, 5
665, 43.260, 265.170, 11
666, 64.130, 265.170, 11
667, 85.000, 265.170, 11
668, 105.870, 265.170, 11
669, 126.740, 265.170, 11
670, 147.610, 265.170, 11
671, 168.480, 265.170, 11
672, 189.350, 265.170, 11
673, 210.220, 265.170, 11
674, 231.090, 265.170, 11
675, 251.960, 265.170, 11
676, 272.830, 265.170, 11
677, 293.700, 265.170, 11
678, 314.570, 265.170, 11
679, 335.440, 265.170, 9
680, 356.310, 265.170, 9
681, 377.180, 265.170, 9
682, 398.050, 265.170, 9
683, 418.920, 265.170, 9
684, 439.790, 265.170, 9
685, 460.660, 265.170, 9
686, 481.530, 265.170, 9
687, 502.400, 265.170, 9
688, 523.270, 265.170, 9
689, 544.140, 265.170, 9
690, 565.010, 265.170, 9
691, 585.880, 265.170, 5
692, 606.750, 265.170, 5
693, 627.620, 265.170, 5
694, 648.490, 265.170, 5
695, 669.360, 265.170, 5
696, 690.230, 265.170, 5
697, 711.100, 265.170, 5
698, 731.970, 265.170, 5
699, 752.840, 265.170, 5
700, 773.710, 265.170, 5
701, 794.580, 265.170, 5
702, 43.260, 273.670, 11
703, 64.130, 273.670, 11
704, 85.000, 273.670, 11
705, 105.870, 273.670, 11
706, 126.740, 273.670, 11
707, 147.610, 273.670, 11
708, 168.480, 273.670, 11
709, 189.350, 273.670, 11
710, 210.220, 273.670, 11
711, 231.090, 273.670, 11
712, 251.960, 273.670, 11
713, 272.830, 273.670, 11
714, 293.700, 273.670, 11
715, 314.570, 273.670, 11
716, 335.440, 273.670, 9
717, 356.310, 273.670, 9
718, 377.180, 273.670, 9
719, 398.050, 273.670, 9
720, 418.920, 273.670, 9
721, 439.790, 273.670, 9
722, 460.660, 273.670, 9
723, 481.530, 273.670, 9
724, 502.400, 273.670, 9
725, 523.270, 273.670, 9
726, 544.140, 273.670, 9
727, 565.010, 273.670, 9
728, 585.880, 273.670, 5
729, 606.750, 273.670, 5
730, 627.620, 273.670, 5
731, 648.490, 273.670, 5
732, 669.360, 273.670, 5
733, 690.230, 273.670, 5
734, 711.100, 273.670, 5
735, 731.970, 273.670, 5
736, 752.840, 273.670, 5
737, 773.710, 273.670, 5
738, 794.580, 273.670, 5
739, 815.450, 273.670, 5
740, 43.260, 282.170, 11
741, 64.130, 282.170, 11
742, 85.000, 282.170, 11
743, 105.870, 282.170, 11
744, 126.740, 282.170, 11
745, 147.610, 282.170, 11
746, 168.480, 282.170, 11
747, 189.350, 282.170, 11
748, 210.220, 282.170, 11
749, 231.090, 282.170, 11
750, 251.960, 282.170, 11
751, 272.830, 282.170, 11
752, 293.700, 282.170, 11
753, 314.570, 282.170, 11
754, 335.440, 282.170, 9
755, 356.310, 282.170, 9
756, 377.180, 282.170, 9
757, 398.050, 282.170, 9
758, 418.920, 282.170, 9
759, 439.790, 282.170, 9
760, 460.660, 282.170, 9
761, 481.530, 282.170, 9
762, 502.400, 282.170, 9
763, 523.270, 282.170, 9
764, 544.140, 282.170, 9
765, 565.010, 282.170, 9
766, 585.880, 282.170, 5
767, 606.750, 282.170, 5
768, 627.620, 282.170, 5
769, 648.490, 282.170, 5
770, 669.360, 282.170, 5
771, 690.230, 282.170, 5
772, 711.100, 282.170, 5
773, 731.970, 282.170, 5
774, 752.840, 282.170, 5
775, 773.710, 282.170, 5
776, 794.580, 282.170, 5
777, 815.450, 282.170, 5
778, 43.260, 290.670, 11
779, 64.130, 290.670, 11
780, 85.000, 290.670, 11
781, 105.870, 290.670, 11
782, 126.740, 290.670, 11
783, 147.610, 290.670, 11
784, 168.480, 290.670, 11
785, 189.350, 290.670, 11
786, 210.220, 290.670, 11
787, 231.090, 290.670, 11
788, 251.960, 290.670, 11
789, 272.830, 290.670, 11
790, 293.700, 290.670, 11
791, 314.570, 290.670, 11
792, 335.440, 290.670, 9
793, 356.310, 290.670, 9
794, 377.180, 290.670, 9
795, 398.050, 290.670, 9
796, 418.920, 290.670, 9
797, 439.790, 290.670, 9
798, 460.660, 290.670, 9
799, 481.530, 290.670, 9
800, 502.400, 290.670, 9
801, 523.270, 290.670, 9
802, 544.140, 290.670, 9
803, 565.010, 290.670, 9
804, 585.880, 290.670, 5
805, 606.750, 290.670, 5
806, 627.620, 290.670, 5
807, 648.490, 290.670, 5
808, 669.360, 290.670, 5
809, 690.230, 290.670, 5
810, 711.100, 290.670, 5
811, 731.970, 290.670, 5
812, 752.840, 290.670, 5
813, 773.710, 290.670, 5
814, 794.580, 290.670, 5
815, 815.450, 290.670, 5
816, 836.320, 290.670, 5
817, 43.260, 299.170, 11
818, 64.130, 299.170, 11
819, 85.000, 299.170, 11
820, 105.870, 299.170, 11
821, 126.740, 299.170, 11
822, 147.610, 299.170, 11
823, 168.480, 299.170, 11
824, 189.350, 299.170, 11
825, 210.220, 299.170, 11
826, 231.090, 299.170, 11
827, 251.960, 299.170, 11
828, 272.830, 299.170, 11
829, 293.700, 299.170, 11
830, 314.570, 299.170, 15
831, 335.440, 299.170, 15
832, 356.310, 299.170, 15
833, 377.180, 299.170, 9
834, 398.050, 299.170, 9
835, 418.920, 299.170, 9
836, 439.790, 299.170, 9
837, 460.660, 299.170, 9
838, 481.530, 299.170, 9
839, 502.400, 299.170, 9
840, 523.270, 299.170, 9
841, 544.140, 299.170, 9
842, 565.010, 299.170, 9
843, 585.880, 299.170, 5
844, 606.750, 299.170, 5
845, 627.620, 299.170, 5
846, 648.490, 299.170, 5
847, 669.360, 299.170, 5
848, 690.230, 299.170, 5
849, 711.100, 299.170, 5
850, 731.970, 299.170, 5
851, 752.840, 299.170, 5
852, 773.710, 299.170, 5
853, 794.580, 299.170, 5
854, 815.450, 299.170, 5
855, 836.320, 299.170, 5
856, 43.260, 307.670, 11
857, 64.130, 307.670, 11
858, 85.000, 307.670, 11
859, 105.870, 307.670, 11
860, 126.740, 307.670, 11
861, 147.610, 307.670, 11
862, 168.480, 307.670, 11
863, 189.350, 307.670, 11
864, 210.220, 307.670, 11
865, 231.090, 307.670, 11
866, 251.960, 307.670, 11
867, 272.830, 307.670, 11
868, 293.700, 307.670, 15
869, 314.570, 307.670, 15
870, 335.440, 307.670, 15
871, 356.310, 307.670, 15
872, 377.180, 307.670, 15
873, 398.050, 307.670, 9
874, 418.920, 307.670, 9
875, 439.790, 307.670, 9
876, 460.660, 307.670, 9
877, 481.530, 307.670, 9
878, 502.400, 307.670, 9
879, 523.270, 307.670, 9
880, 544.140, 307.670, 9
881, 565.010, 307.670, 6
882, 585.880, 307.670, 6
883, 606.750, 307.670, 6
884, 627.620, 307.670, 6
885, 648.490, 307.670, 6
886, 669.360, 307.670, 6
887, 690.230, 307.670, 6
888, 711.100, 307.670, 10
889, 731.970, 307.670, 10
890, 752.840, 307.670, 10
891, 773.710, 307.670, 10
892, 794.580, 307.670, 10
893, 815.450, 307.670, 10
894, 836.320, 307.670, 10
895, 857.190, 307.670, 10
896, 43.260, 316.170, 8
897, 64.130, 316.170, 8
898, 85.000, 316.170, 8
899, 105.870, 316.170, 8
900, 126.740, 316.170, 8
901, 147.610, 316.170, 8
902, 168.480, 316.170, 8
903, 189.350, 316.170, 8
904, 210.220, 316.170, 8
905, 231.090, 316.170, 8
906, 251.960, 316.170, 8
907, 272.830, 316.170, 15
908, 293.700, 316.170, 15
909, 314.570, 316.170, 15
910, 335.440, 316.170, 15
911, 356.310, 316.170, 15
912, 377.180, 316.170, 15
913, 398.050, 316.170, 15
914, 418.920, 316.170, 15
915, 439.790, 316.170, 6
916, 460.660, 316.170, 6
917, 481.530, 316.170, 6
918, 502.400, 316.170, 6
919, 523.270, 316.170, 6
920, 544.140, 316.170, 6
921, 565.010, 316.170, 6
922, 585.880, 316.170, 6
923, 606.750, 316.170, 6
924, 627.620, 316.170, 6
925, 648.490, 316.170, 6
926, 669.360, 316.170, 6
927, 690.230, 316.170, 6
928, 711.100, 316.170, 10
929, 731.970, 316.170, 10
930, 752.840, 316.170, 10
931, 773.710, 316.170, 10
932, 794.580, 316.170, 10
933, 815.450, 316.170, 10
934, 836.320, 316.170, 10
935, 857.190, 316.170, 10
936, 43.260, 324.670, 8
937, 64.130, 324.670, 8
938, 85.000, 324.670, 8
939, 105.870, 324.670, 8
940, 126.740, 324.670, 8
941, 147.610, 324.670, 8
942, 168.480, 324.670, 8
943, 189.350, 324.670, 8
944, 210.220, 324.670, 8
945, 231.090, 324.670, 8
946, 251.960, 324.670, 8
947, 272.830, 324.670, 15
948, 293.700, 324.670, 15
949, 314.570, 324.670, 15
950, 335.440, 324.670, 15
951, 356.310, 324.670, 15
952, 377.180, 324.670, 15
953, 398.050, 324.670, 15
954, 418.920, 324.670, 15
955, 439.790, 324.670, 6
956, 460.660, 324.670, 6
957, 481.530, 324.670, 6
958, 502.400, 324.670, 6
959, 523.270, 324.670, 6
960, 544.140, 324.670, 6
961, 565.010, 324.670, 6
962, 585.880, 324.670, 6
963, 606.750, 324.670, 6
964, 627.620, 324.670, 6
965, 648.490, 324.670, 6
966, 669.360, 324.670, 6
967, 690.230, 324.670, 6
968, 711.100, 324.670, 10
969, 731.970, 324.670, 10
970, 752.840, 324.670, 10
971, 773.710, 324.670, 10
972, 794.580, 324.670, 10
973, 815.450, 324.670, 10
974, 836.320, 324.670, 10
975, 857.190, 324.670, 10
976, 878.060, 324.670, 10
977, 43.260, 333.170, 8
978, 64.130, 333.170, 8
979, 85.000, 333.170, 8
980, 105.870, 333.170, 8
981, 126.740, 333.170, 8
982, 147.610, 333.170, 8
983, 168.480, 333.170, 8
984, 189.350, 333.170, 8
985, 210.220, 333.170, 8
986, 231.090, 333.170, 8
987, 251.960, 333.170, 8
988, 272.830, 333.170, 15
989, 293.700, 333.170, 15
990, 314.570, 333.170, 15
991, 335.440, 333.170, 15
992, 356.310, 333.170, 15
993, 377.180, 333.170, 15
994, 398.050, 333.170, 15
995, 418.920, 333.170, 15
996, 439.790, 333.170, 6
997, 460.660, 333.170, 6
998, 481.530, 333.170, 6
999, 502.400, 333.170, 6
1000, 523.270, 333.170, 6
1001, 544.140, 333.170, 6
1002, 565.010, 333.170, 6
1003, 585.880, 333.170, 6
1004, 606.750, 333.170, 6
1005, 627.620, 333.170, 6
1006, 648.490, 333.170, 6
1007, 669.360, 333.170, 6
1008, 690.230, 333.170, 6
1009, 711.100, 333.170, 10
1010, 731.970, 333.170, 10
1011, 752.840, 333.170, 10
1012, 773.710, 333.170, 10
1013, 794.580, 333.170, 10
1014, 815.450, 333.170, 10
1015, 836.320, 333.170, 10
1016, 857.190, 333.170, 10
1017, 878.060, 333.170, 10
1018, 898.930, 333.170, 10
1019, 43.260, 341.670, 8
1020, 64.130, 341.670, 8
1021, 85.000, 341.670, 8
1022, 105.870, 341.670, 8
1023, 126.740, 341.670, 8
1024, 147.610, 341.670, 8
1025, 168.480, 341.670, 8
1026, 189.350, 341.670, 8
1027, 210.220, 341.670, 8
1028, 231.090, 341.670, 8
1029, 251.960, 341.670, 8
1030, 272.830, 341.670, 15
1031, 293.700, 341.670, 15
1032, 314.570, 341.670, 15
1033, 335.440, 341.670, 15
1034, 356.310, 341.670, 15
1035, 377.180, 341.670, 15
1036, 398.050, 341.670, 15
1037, 418.920, 341.670, 15
1038, 439.790, 341.670, 6
1039, 460.660, 341.670, 6
1040, 481.530, 341.670, 6
1041, 502.400, 341.670, 6
1042, 523.270, 341.670, 6
1043, 544.140, 341.670, 6
1044, 565.010, 341.670, 6
1045, 585.880, 341.670, 6
1046, 606.750, 341.670, 6
1047, 627.620, 341.670, 6
1048, 648.490, 341.670, 6
1049, 669.360, 341.670, 6
1050, 690.230, 341.670, 6
1051, 711.100, 341.670, 10
1052, 731.970, 341.670, 10
1053, 752.840, 341.670, 10
1054, 773.710, 341.670, 10
1055, 794.580, 341.670, 10
1056, 815.450, 341.670, 10
1057, 836.320, 341.670, 10
1058, 857.190, 341.670, 10
1059, 878.060, 341.670, 10
1060, 898.930, 341.670, 10
1061, 43.260, 350.170, 8
1062, 64.130, 350.170, 8
1063, 85.000, 350.170, 8
1064, 105.870, 350.170, 8
1065, 126.740, 350.170, 8
1066, 147.610, 350.170, 8
1067, 168.480, 350.170, 8
1068, 189.350, 350.170, 8
1069, 210.220, 350.170, 8
1070, 231.090, 350.170, 8
1071, 251.960, 350.170, 8
1072, 272.830, 350.170, 15
1073, 293.700, 350.170, 15
1074, 314.570, 350.170, 15
1075, 335.440, 350.170, 15
1076, 356.310, 350.170, 15
1077, 377.180, 350.170, 15
1078, 398.050, 350.170, 15
1079, 418.920, 350.170, 15
1080, 439.790, 350.170, 6
1081, 460.660, 350.170, 6
1082, 481.530, 350.170, 6
1083, 502.400, 350.170, 6
1084, 523.270, 350.170, 6
1085, 544.140, 350.170, 6
1086, 565.010, 350.170, 6
1087, 585.880, 350.170, 6
1088, 606.750, 350.170, 6
1089, 627.620, 350.170, 6
1090, 648.490, 350.170, 6
1091, 669.360, 350.170, 6
1092, 690.230, 350.170, 6
1093, 711.100, 350.170, 10
1094, 731.970, 350.170, 10
1095, 752.840, 350.170, 10
1096, 773.710, 350.170, 10
1097, 794.580, 350.170, 10
1098, 815.450, 350.170, 10
1099, 836.320, 350.170, 10
1100, 857.190, 350.170, 10
1101, 878.060, 350.170, 10
1102, 898.930, 350.170, 10
1103, 919.800, 350.170, 10
1104, 43.260, 358.670, 8
1105, 64.130, 358.670, 8
1106, 85.000, 358.670, 8
1107, 105.870, 358.670, 8
1108, 126.740, 358.670, 8
1109, 147.610, 358.670, 8
1110, 168.480, 358.670, 8
1111, 189.350, 358.670, 8
1112, 210.220, 358.670, 8
1113, 231.090, 358.670, 8
1114, 251.960, 358.670, 8
1115, 272.830, 358.670, 15
1116, 293.700, 358.670, 15
1117, 314.570, 358.670, 15
1118, 335.440, 358.670, 15
1119, 356.310, 358.670, 15
1120, 377.180, 358.670, 15
1121, 398.050, 358.670, 15
1122, 418.920, 358.670, 15
1123, 439.790, 358.670, 6
1124, 460.660, 358.670, 6
1125, 481.530, 358.670, 6
1126, 502.400, 358.670, 6
1127, 523.270, 358.670, 6
1128, 544.140, 358.670, 6
1129, 565.010, 358.670, 6
1130, 585.880, 358.670, 6
1131, 606.750, 358.670, 6
1132, 627.620, 358.670, 6
1133, 648.490, 358.670, 6
1134, 669.360, 358.670, 6
1135, 690.230, 358.670, 6
1136, 711.100, 358.670, 10
1137, 731.970, 358.670, 10
1138, 752.840, 358.670, 10
1139, 773.710, 358.670, 10
1140, 794.580, 358.670, 10
1141, 815.450, 358.670, 10
1142, 836.320, 358.670, 10
1143, 857.190, 358.670, 10
1144, 878.060, 358.670, 10
1145, 898.930, 358.670, 10
1146, 919.800, 358.670, 10
1147, 43.260, 367.170, 8
1148, 64.130, 367.170, 8
1149, 85.000, 367.170, 8
1150, 105.870, 367.170, 8
1151, 126.740, 367.170, 8
1152, 147.610, 367.170, 8
1153, 168.480, 367.170, 8
1154, 189.350, 367.170, 8
1155, 210.220, 367.170, 8
1156, 231.090, 367.170, 8
1157, 251.960, 367.170, 8
1158, 272.830, 367.170, 15
1159, 293.700, 367.170, 15
1160, 314.570, 367.170, 15
1161, 335.440, 367.170, 15
1162, 356.310, 367.170, 15
1163, 377.180, 367.170, 15
1164, 398.050, 367.170, 15
1165, 418.920, 367.170, 15
1166, 439.790, 367.170, 15
1167, 460.660, 367.170, 6
1168, 481.530, 367.170, 6
1169, 502.400, 367.170, 6
1170, 523.270, 367.170, 6
1171, 544.140, 367.170, 6
1172, 565.010, 367.170, 6
1173, 585.880, 367.170, 6
1174, 606.750, 367.170, 6
1175, 627.620, 367.170, 6
1176, 648.490, 367.170, 6
1177, 669.360, 367.170, 6
1178, 690.230, 367.170, 6
1179, 711.100, 367.170, 10
1180, 731.970, 367.170, 10
1181, 752.840, 367.170, 10
1182, 773.710, 367.170, 10
1183, 794.580, 367.170, 10
1184, 815.450, 367.170, 10
1185, 836.320, 367.170, 10
1186, 857.190, 367.170, 10
1187, 878.060, 367.170, 10
1188, 898.930, 367.170, 10
1189, 919.800, 367.170, 10
1190, 43.260, 375.670, 8
1191, 64.130, 375.670, 8
1192, 85.000, 375.670, 8
1193, 105.870, 375.670, 8
1194, 126.740, 375.670, 8
1195, 147.610, 375.670, 8
1196, 168.480, 375.670, 8
1197, 189.350, 375.670, 8
1198, 210.220, 375.670, 8
1199, 231.090, 375.670, 8
1200, 251.960, 375.670, 8
1201, 272.830, 375.670, 15
1202, 293.700, 375.670, 15
1203, 314.570, 375.670, 15
1204, 335.440, 375.670, 15
1205, 356.310, 375.670, 15
1206, 377.180, 375.670, 15
1207, 398.050, 375.670, 15
1208, 418.920, 375.670, 15
1209, 439.790, 375.670, 15
1210, 460.660, 375.670, 6
1211, 481.530, 375.670, 6
1212, 502.400, 375.670, 6
1213, 523.270, 375.670, 6
1214, 544.140, 375.670, 6
1215, 565.010, 375.670, 6
1216, 585.880, 375.670, 6
1217, 606.750, 375.670, 6
1218, 627.620, 375.670, 6
1219, 648.490, 375.670, 6
1220, 669.360, 375.670, 6
1221, 690.230, 375.670, 6
1222, 711.100, 375.670, 10
1223, 731.970, 375.670, 10
1224, 752.840, 375.670, 10
1225, 773.710, 375.670, 10
1226, 794.580, 375.670, 10
1227, 815.450, 375.670, 10
1228, 836.320, 375.670, 10
1229, 857.190, 375.670, 10
1230, 878.060, 375.670, 10
1231, 898.930, 375.670, 10
1232, 919.800, 375.670, 10
1233, 43.260, 384.170, 8
1234, 64.130, 384.170, 8
1235, 85.000, 384.170, 8
1236, 105.870, 384.170, 8
1237, 126.740, 384.170, 8
1238, 147.610, 384.170, 8
1239, 168.480, 384.170, 8
1240, 189.350, 384.170, 8
1241, 210.220, 384.170, 8
1242, 231.090, 384.170, 8
1243, 251.960, 384.170, 8
1244, 272.830, 384.170, 15
1245, 293.700, 384.170, 15
1246, 314.570, 384.170, 15
1247, 335.440, 384.170, 15
1248, 356.310, 384.170, 15
1249, 377.180, 384.170, 15
1250, 398.050, 384.170, 15
1251, 418.920, 384.170, 15
1252, 439.790, 384.170, 15
1253, 460.660, 384.170, 3
1254, 481.530, 384.170, 3
1255, 502.400, 384.170, 3
1256, 523.270, 384.170, 3
1257, 544.140, 384.170, 3
1258, 565.010, 384.170, 3
1259, 585.880, 384.170, 3
1260, 606.750, 384.170, 3
1261, 627.620, 384.170, 3
1262, 648.490, 384.170, 3
1263, 669.360, 384.170, 3
1264, 690.230, 384.170, 3
1265, 711.100, 384.170, 10
1266, 731.970, 384.170, 10
1267, 752.840, 384.170, 10
1268, 773.710, 384.170, 10
1269, 794.580, 384.170, 10
1270, 815.450, 384.170, 10
1271, 836.320, 384.170, 10
1272, 857.190, 384.170, 10
1273, 878.060, 384.170, 10
1274, 898.930, 384.170, 10
1275, 919.800, 384.170, 10
1276, 64.130, 392.670, 8
1277, 85.000, 392.670, 8
1278, 105.870, 392.670, 8
1279, 126.740, 392.670, 8
1280, 147.610, 392.670, 8
1281, 168.480, 392.670, 8
1282, 189.350, 392.670, 8
1283, 210.220, 392.670, 8
1284, 231.090, 392.670, 8
1285, 251.960, 392.670, 8
1286, 272.830, 392.670, 15
1287, 293.700, 392.670, 15
1288, 314.570, 392.670, 15
1289, 335.440, 392.670, 15
1290, 356.310, 392.670, 15
1291, 377.180, 392.670, 15
1292, 398.050, 392.670, 15
1293, 418.920, 392.670, 15
1294, 439.790, 392.670, 15
1295, 460.660, 392.670, 3
1296, 481.530, 392.670, 3
1297, 502.400, 392.670, 3
1298, 523.270, 392.670, 3
1299, 544.140, 392.670, 3
1300, 565.010, 392.670, 3
1301, 585.880, 392.670, 3
1302, 606.750, 392.670, 3
1303, 627.620, 392.670, 3
1304, 648.490, 392.670, 3
1305, 669.360, 392.670, 3
1306, 690.230, 392.670, 3
1307, 711.100, 392.670, 13
1308, 731.970, 392.670, 13
1309, 752.840, 392.670, 10
1310, 773.710, 392.670, 10
1311, 794.580, 392.670, 10
1312, 815.450, 392.670, 10
1313, 836.320, 392.670, 10
1314, 857.190, 392.670, 10
1315, 878.060, 392.670, 10
1316, 898.930, 392.670, 10
1317, 919.800, 392.670, 10
1318, 64.130, 401.170, 4
1319, 85.000, 401.170, 4
1320, 105.870, 401.170, 4
1321, 126.740, 401.170, 4
1322, 147.610, 401.170, 4
1323, 168.480, 401.170, 4
1324, 189.350, 401.170, 4
1325, 210.220, 401.170, 4
1326, 231.090, 401.170, 4
1327, 251.960, 401.170, 4
1328, 272.830, 401.170, 15
1329, 293.700, 401.170, 15
1330, 314.570, 401.170, 15
1331, 335.440, 401.170, 15
1332, 356.310, 401.170, 15
1333, 377.180, 401.170, 15
1334, 398.050, 401.170, 15
1335, 418.920, 401.170, 15
1336, 439.790, 401.170, 15
1337, 460.660, 401.170, 3
1338, 481.530, 401.170, 3
1339, 502.400, 401.170, 3
1340, 523.270, 401.170, 3
1341, 544.140, 401.170, 3
1342, 565.010, 401.170, 3
1343, 585.880, 401.170, 3
1344, 606.750, 401.170, 3
1345, 627.620, 401.170, 3
1346, 648.490, 401.170, 3
1347, 669.360, 401.170, 3
1348, 690.230, 401.170, 3
1349, 711.100, 401.170, 13
1350, 731.970, 401.170, 13
1351, 752.840, 401.170, 13
1352, 773.710, 401.170, 13
1353, 794.580, 401.170, 13
1354, 815.450, 401.170, 13
1355, 836.320, 401.170, 13
1356, 857.190, 401.170, 13
1357, 878.060, 401.170, 13
1358, 898.930, 401.170, 13
1359, 919.800, 401.170, 13
1360, 64.130, 409.670, 4
1361, 85.000, 409.670, 4
1362, 105.870, 409.670, 4
1363, 126.740, 409.670, 4
1364, 147.610, 409.670, 4
1365, 168.480, 409.670, 4
1366, 189.350, 409.670, 4
1367, 210.220, 409.670, 4
1368, 231.090, 409.670, 4
1369, 251.960, 409.670, 4
1370, 272.830, 409.670, 4
1371, 293.700, 409.670, 15
1372, 314.570, 409.670, 15
1373, 335.440, 409.670, 15
1374, 356.310, 409.670, 15
1375, 377.180, 409.670, 15
1376, 398.050, 409.670, 15
1377, 418.920, 409.670, 15
1378, 439.790, 409.670, 15
1379, 460.660, 409.670, 3
1380, 481.530, 409.670, 3
1381, 502.400, 409.670, 3
1382, 523.270, 409.670, 3
1383, 544.140, 409.670, 3
1384, 565.010, 409.670, 3
1385, 585.880, 409.670, 3
1386, 606.750, 409.670, 3
1387, 627.620, 409.670, 3
1388, 648.490, 409.670, 3
1389, 669.360, 409.670, 3
1390, 690.230, 409.670, 3
1391, 711.100, 409.670, 13
1392, 731.970, 409.670, 13
1393, 752.840, 409.670, 13
1394, 773.710, 409.670, 13
1395, 794.580, 409.670, 13
1396, 815.450, 409.670, 13
1397, 836.320, 409.670, 13
1398, 857.190, 409.670, 13
1399, 878.060, 409.670, 13
1400, 898.930, 409.670, 13
1401, 919.800, 409.670, 13
1402, 64.130, 418.170, 4
1403, 85.000, 418.170, 4
1404, 105.870, 418.170, 4
1405, 126.740, 418.170, 4
1406, 147.610, 418.170, 4
1407, 168.480, 418.170, 4
1408, 189.350, 418.170, 4
1409, 210.220, 418.170, 4
1410, 231.090, 418.170, 4
1411, 251.960, 418.170, 4
1412, 272.830, 418.170, 4
1413, 293.700, 418.170, 4
1414, 314.570, 418.170, 16
1415, 335.440, 418.170, 16
1416, 356.310, 418.170, 16
1417, 377.180, 418.170, 16
1418, 398.050, 418.170, 16
1419, 418.920, 418.170, 16
1420, 439.790, 418.170, 16
1421, 460.660, 418.170, 3
1422, 481.530, 418.170, 3
1423, 502.400, 418.170, 3
1424, 523.270, 418.170, 3
1425, 544.140, 418.170, 3
1426, 565.010, 418.170, 3
1427, 585.880, 418.170, 3
1428, 606.750, 418.170, 3
1429, 627.620, 418.170, 3
1430, 648.490, 418.170, 3
1431, 669.360, 418.170, 3
1432, 690.230, 418.170, 3
1433, 711.100, 418.170, 13
1434, 731.970, 418.170, 13
1435, 752.840, 418.170, 13
1436, 773.710, 418.170, 13
1437, 794.580, 418.170, 13
1438, 815.450, 418.170, 13
1439, 836.320, 418.170, 13
1440, 857.190, 418.170, 13
1441, 878.060, 418.170, 13
1442, 898.930, 418.170, 13
1443, 919.800, 418.170, 13
1444, 64.130, 426.670, 4
1445, 85.000, 426.670, 4
1446, 105.870, 426.670, 4
1447, 126.740, 426.670, 4
1448, 147.610, 426.670, 4
1449, 168.480, 426.670, 4
1450, 189.350, 426.670, 4
1451, 210.220, 426.670, 4
1452, 231.090, 426.670, 4
1453, 251.960, 426.670, 4
1454, 272.830, 426.670, 4
1455, 293.700, 426.670, 4
1456, 314.570, 426.670, 16
1457, 335.440, 426.670, 16
1458, 356.310, 426.670, 16
1459, 377.180, 426.670, 16
1460, 398.050, 426.670, 16
1461, 418.920, 426.670, 16
1462, 439.790, 426.670, 16
1463, 460.660, 426.670, 16
1464, 481.530, 426.670, 3
1465, 502.400, 426.670, 3
1466, 523.270, 426.670, 3
1467, 544.140, 426.670, 3
1468, 565.010, 426.670, 3
1469, 585.880, 426.670, 3
1470, 606.750, 426.670, 3
1471, 627.620, 426.670, 3
1472, 648.490, 426.670, 3
1473, 669.360, 426.670, 3
1474, 690.230, 426.670, 3
1475, 711.100, 426.670, 13
1476, 731.970, 426.670, 13
1477, 752.840, 426.670, 13
1478, 773.710, 426.670, 13
1479, 794.580, 426.670, 13
1480, 815.450, 426.670, 13
1481, 836.320, 426.670, 13
1482, 857.190, 426.670, 13
1483, 878.060, 426.670, 13
1484, 898.930, 426.670, 13
1485, 919.800, 426.670, 13
1486, 85.000, 435.170, 4
1487, 105.870, 435.170, 4
1488, 126.740, 435.170, 4
1489, 147.610, 435.170, 4
1490, 168.480, 435.170, 4
1491, 189.350, 435.170, 4
1492, 210.220, 435.170, 4
1493, 231.090, 435.170, 4
1494, 251.960, 435.170, 4
1495, 272.830, 435.170, 4
1496, 293.700, 435.170, 4
1497, 314.570, 435.170, 16
1498, 335.440, 435.170, 16
1499, 356.310, 435.170, 16
1500, 377.180, 435.170, 16
1501, 398.050, 435.170, 16
1502, 418.920, 435.170, 16
1503, 439.790, 435.170, 16
1504, 460.660, 435.170, 16
1505, 481.530, 435.170, 3
1506, 502.400, 435.170, 3
1507, 523.270, 435.170, 3
1508, 544.140, 435.170, 3
1509, 565.010, 435.170, 3
1510, 585.880, 435.170, 3
1511, 606.750, 435.170, 3
1512, 627.620, 435.170, 3
1513, 648.490, 435.170, 3
1514, 669.360, 435.170, 3
1515, 690.230, 435.170, 3
1516, 711.100, 435.170, 13
1517, 731.970, 435.170, 13
1518, 752.840, 435.170, 13
1519, 773.710, 435.170, 13
1520, 794.580, 435.170, 13
1521, 815.450, 435.170, 13
1522, 836.320, 435.170, 13
1523, 857.190, 435.170, 13
1524, 878.060, 435.170, 13
1525, 898.930, 435.170, 13
1526, 919.800, 435.170, 13
1527, 85.000, 443.670, 4
1528, 105.870, 443.670, 4
1529, 126.740, 443.670, 4
1530, 147.610, 443.670, 4
1531, 168.480, 443.670, 4
1532, 189.350, 443.670, 4
1533, 210.220, 443.670, 4
1534, 231.090, 443.670, 4
1535, 251.960, 443.670, 4
1536, 272.830, 443.670, 4
1537, 293.700, 443.670, 4
1538, 314.570, 443.670, 16
1539, 335.440, 443.670, 16
1540, 356.310, 443.670, 16
1541, 377.180, 443.670, 16
1542, 398.050, 443.670, 16
1543, 418.920, 443.670, 16
1544, 439.790, 443.670, 16
1545, 460.660, 443.670, 16
1546, 481.530, 443.670, 3
1547, 502.400, 443.670, 3
1548, 523.270, 443.670, 3
1549, 544.140, 443.670, 3
1550, 565.010, 443.670, 3
1551, 585.880, 443.670, 3
1552, 606.750, 443.670, 3
1553, 627.620, 443.670, 3
1554, 648.490, 443.670, 3
1555, 669.360, 443.670, 3
1556, 690.230, 443.670, 3
1557, 711.100, 443.670, 13
1558, 731.970, 443.670, 13
1559, 752.840, 443.670, 13
1560, 773.710, 443.670, 13
1561, 794.580, 443.670, 13
1562, 815.450, 443.670, 13
1563, 836.320, 443.670, 13
1564, 857.190, 443.670, 13
1565, 878.060, 443.670, 13
1566, 898.930, 443.670, 13
1567, 919.800, 443.670, 13
1568, 85.000, 452.170, 4
1569, 105.870, 452.170, 4
1570, 126.740, 452.170, 4
1571, 147.610, 452.170, 4
1572, 168.480, 452.170, 4
1573, 189.350, 452.170, 4
1574, 210.220, 452.170, 4
1575, 231.090, 452.170, 4
1576, 251.960, 452.170, 4
1577, 272.830, 452.170, 4
1578, 293.700, 452.170, 4
1579, 314.570, 452.170, 16
1580, 335.440, 452.170, 16
1581, 356.310, 452.170, 16
1582, 377.180, 452.170, 16
1583, 398.050, 452.170, 16
1584, 418.920, 452.170, 16
1585, 439.790, 452.170, 16
1586, 460.660, 452.170, 16
1587, 481.530, 452.170, 3
1588, 502.400, 452.170, 3
1589, 523.270, 452.170, 3
1590, 544.140, 452.170, 3
1591, 565.010, 452.170, 3
1592, 585.880, 452.170, 3
1593, 606.750, 452.170, 3
1594, 627.620, 452.170, 3
1595, 648.490, 452.170, 3
1596, 669.360, 452.170, 3
1597, 690.230, 452.170, 3
1598, 711.100, 452.170, 13
1599, 731.970, 452.170, 13
1600, 752.840, 452.170, 13
1601, 773.710, 452.170, 13
1602, 794.580, 452.170, 13
1603, 815.450, 452.170, 13
1604, 836.320, 452.170, 13
1605, 857.190, 452.170, 13
1606, 878.060, 452.170, 13
1607, 898.930, 452.170, 13
1608, 919.800, 452.170, 13
1609, 85.000, 460.670, 4
1610, 105.870, 460.670, 4
1611, 126.740, 460.670, 4
1612, 147.610, 460.670, 4
1613, 168.480, 460.670, 4
1614, 189.350, 460.670, 4
1615, 210.220, 460.670, 4
1616, 231.090, 460.670, 4
1617, 251.960, 460.670, 4
1618, 272.830, 460.670, 4
1619, 293.700, 460.670, 4
1620, 314.570, 460.670, 16
1621, 335.440, 460.670, 16
1622, 356.310, 460.670, 16
1623, 377.180, 460.670, 16
1624, 398.050, 460.670, 16
1625, 418.920, 460.670, 16
1626, 439.790, 460.670, 16
1627, 460.660, 460.670, 16
1628, 481.530, 460.670, 3
1629, 502.400, 460.670, 3
1630, 523.270, 460.670, 3
1631, 544.140, 460.670, 3
1632, 565.010, 460.670, 3
1633, 585.880, 460.670, 7
1634, 606.750, 460.670, 7
1635, 627.620, 460.670, 7
1636, 648.490, 460.670, 7
1637, 669.360, 460.670, 7
1638, 690.230, 460.670, 7
1639, 711.100, 460.670, 13
1640, 731.970, 460.670, 13
1641, 752.840, 460.670, 13
1642, 773.710, 460.670, 13
1643, 794.580, 460.670, 13
1644, 815.450, 460.670, 13
1645, 836.320, 460.670, 13
1646, 857.190, 460.670, 13
1647, 878.060, 460.670, 13
1648, 898.930, 460.670, 13
1649, 919.800, 460.670, 13
1650, 85.000, 469.170, 4
1651, 105.870, 469.170, 4
1652, 126.740, 469.170, 4
1653, 147.610, 469.170, 4
1654, 168.480, 469.170, 4
1655, 189.350, 469.170, 4
1656, 210.220, 469.170, 4
1657, 231.090, 469.170, 4
1658, 251.960, 469.170, 4
1659, 272.830, 469.170, 16
1660, 293.700, 469.170, 16
1661, 314.570, 469.170, 16
1662, 335.440, 469.170, 16
1663, 356.310, 469.170, 16
1664, 377.180, 469.170, 16
1665, 398.050, 469.170, 16
1666, 418.920, 469.170, 16
1667, 439.790, 469.170, 16
1668, 460.660, 469.170, 16
1669, 481.530, 469.170, 16
1670, 502.400, 469.170, 7
1671, 523.270, 469.170, 7
1672, 544.140, 469.170, 7
1673, 565.010, 469.170, 7
1674, 585.880, 469.170, 7
1675, 606.750, 469.170, 7
1676, 627.620, 469.170, 7
1677, 648.490, 469.170, 7
1678, 669.360, 469.170, 7
1679, 690.230, 469.170, 7
1680, 711.100, 469.170, 7
1681, 731.970, 469.170, 13
1682, 752.840, 469.170, 13
1683, 773.710, 469.170, 13
1684, 794.580, 469.170, 13
1685, 815.450, 469.170, 13
1686, 836.320, 469.170, 13
1687, 857.190, 469.170, 13
1688, 878.060, 469.170, 13
1689, 126.740, 477.670, 4
1690, 147.610, 477.670, 4
1691, 168.480, 477.670, 4
1692, 189.350, 477.670, 4
1693, 210.220, 477.670, 4
1694, 231.090, 477.670, 4
1695, 251.960, 477.670, 4
1696, 272.830, 477.670, 16
1697, 293.700, 477.670, 16
1698, 314.570, 477.670, 16
1699, 335.440, 477.670, 16
1700, 356.310, 477.670, 16
1701, 377.180, 477.670, 16
1702, 398.050, 477.670, 16
1703, 418.920, 477.670, 16
1704, 439.790, 477.670, 16
1705, 460.660, 477.670, 16
1706, 481.530, 477.670, 16
1707, 502.400, 477.670, 7
1708, 523.270, 477.670, 7
1709, 544.140, 477.670, 7
1710, 565.010, 477.670, 7
1711, 585.880, 477.670, 7
1712, 606.750, 477.670, 7
1713, 627.620, 477.670, 7
1714, 648.490, 477.670, 7
1715, 669.360, 477.670, 7
1716, 690.230, 477.670, 7
1717, 711.100, 477.670, 7
1718, 731.970, 477.670, 7
1719, 752.840, 477.670, 7
1720, 773.710, 477.670, 13
1721, 794.580, 477.670, 13
1722, 815.450, 477.670, 13
1723, 836.320, 477.670, 13
1724, 857.190, 477.670, 13
1725, 189.350, 486.170, 4
1726, 210.220, 486.170, 4
1727, 231.090, 486.170, 4
1728, 251.960, 486.170, 4
1729, 272.830, 486.170, 16
1730, 293.700, 486.170, 16
1731, 314.570, 486.170, 16
1732, 335.440, 486.170, 16
1733, 356.310, 486.170, 16
1734, 377.180, 486.170, 16
1735, 398.050, 486.170, 16
1736, 418.920, 486.170, 16
1737, 439.790, 486.170, 16
1738, 460.660, 486.170, 16
1739, 481.530, 486.170, 16
1740, 502.400, 486.170, 7
1741, 523.270, 486.170, 7
1742, 544.140, 486.170, 7
1743, 565.010, 486.170, 7
1744, 585.880, 486.170, 7
1745, 606.750, 486.170, 7
1746, 627.620, 486.170, 7
1747, 648.490, 486.170, 7
1748, 669.360, 486.170, 7
1749, 690.230, 486.170, 7
1750, 711.100, 486.170, 7
1751, 731.970, 486.170, 7
1752, 752.840, 486.170, 7
1753, 773.710, 486.170, 13
1754, 794.580, 486.170, 13
1755, 815.450, 486.170, 13
1756, 836.320, 486.170, 13
1757, 272.830, 494.670, 16
1758, 293.700, 494.670, 16
1759, 314.570, 494.670, 16
1760, 335.440, 494.670, 16
1761, 356.310, 494.670, 16
1762, 377.180, 494.670, 16
1763, 398.050, 494.670, 16
1764, 418.920, 494.670, 16
1765, 439.790, 494.670, 16
1766, 460.660, 494.670, 16
1767, 481.530, 494.670, 16
1768, 502.400, 494.670, 7
1769, 523.270, 494.670, 7
1770, 544.140, 494.670, 7
1771, 565.010, 494.670, 7
1772, 585.880, 494.670, 7
1773, 606.750, 494.670, 7
1774, 627.620, 494.670, 7
1775, 648.490, 494.670, 7
1776, 669.360, 494.670, 7
1777, 690.230, 494.670, 7
1778, 711.100, 494.670, 7
1779, 731.970, 494.670, 7
1780, 752.840, 494.670, 7
1781, 773.710, 494.670, 13
1782, 794.580, 494.670, 13
1783, 314.570, 503.170, 16
1784, 335.440, 503.170, 16
1785, 356.310, 503.170, 16
1786, 377.180, 503.170, 16
1787, 398.050, 503.170, 16
1788, 418.920, 503.170, 16
1789, 439.790, 503.170, 16
1790, 460.660, 503.170, 16
1791, 481.530, 503.170, 16
1792, 502.400, 503.170, 7
1793, 523.270, 503.170, 7
1794, 544.140, 503.170, 7
1795, 565.010, 503.170, 7
1796, 585.880, 503.170, 7
1797, 606.750, 503.170, 7
1798, 627.620, 503.170, 7
1799, 648.490, 503.170, 7
1800, 669.360, 503.170, 7
1801, 690.230, 503.170, 7
1802, 711.100, 503.170, 7
1803, 731.970, 503.170, 7
1804, 752.840, 503.170, 7
1805, 377.180, 511.670, 16
1806, 398.050, 511.670, 16
1807, 418.920, 511.670, 16
1808, 439.790, 511.670, 16
1809, 460.660, 511.670, 16
1810, 481.530, 511.670, 16
1811, 502.400, 511.670, 7
1812, 523.270, 511.670, 7
1813, 544.140, 511.670, 7
1814, 565.010, 511.670, 7
1815, 585.880, 511.670, 7
1816, 606.750, 511.670, 7
1817, 627.620, 511.670, 7
1818, 648.490, 511.670, 7
1819, 669.360, 511.670, 7
1820, 690.230, 511.670, 7
1821, 711.100, 511.670, 7
1822, 731.970, 511.670, 7
1823, 418.920, 520.170, 16
1824, 439.790, 520.170, 16
1825, 460.660, 520.170, 16
1826, 481.530, 520.170, 7
1827, 502.400, 520.170, 7
1828, 523.270, 520.170, 7
1829, 544.140, 520.170, 7
1830, 565.010, 520.170, 7
1831, 585.880, 520.170, 7
1832, 606.750, 520.170, 7
1833, 627.620, 520.170, 7
1834, 648.490, 520.170, 7
1835, 669.360, 520.170, 7
1836, 690.230, 520.170, 7
1837, 481.530, 528.670, 7
1838, 502.400, 528.670, 7
1839, 523.270, 528.670, 7
1840, 544.140, 528.670, 7
1841, 565.010, 528.670, 7
1842, 585.880, 528.670, 7
1843, 606.750, 528.670, 7
1844, 627.620, 528.670, 7
1845, 648.490, 528.670, 7
1846, 669.360, 528.670, 7
1847, 523.270, 537.170, 7
1848, 544.140, 537.170, 7
1849, 565.010, 537.170, 7
1850, 585.880, 537.170, 7
1851, 606.750, 537.170, 7
1852, 627.620, 537.170, 7
1853, 648.490, 537.170, 7
