1, 151.810, 358.950, 21
2, 151.810, 367.450, 21
3, 151.810, 375.950, 21
4, 172.680, 350.450, 21
5, 172.680, 358.950, 21
6, 172.680, 367.450, 21
7, 172.680, 375.950, 21
8, 172.680, 384.450, 21
9, 172.680, 392.950, 21
10, 193.550, 341.950, 21
11, 193.550, 350.450, 21
12, 193.550, 358.950, 21
13, 193.550, 367.450, 21
14, 193.550, 375.950, 21
15, 193.550, 384.450, 21
16, 193.550, 392.950, 21
17, 193.550, 401.450, 21
18, 193.550, 409.950, 21
19, 214.420, 324.950, 12
20, 214.420, 333.450, 12
21, 214.420, 341.950, 12
22, 214.420, 350.450, 21
23, 214.420, 358.950, 21
24, 214.420, 367.450, 21
25, 214.420, 375.950, 21
26, 214.420, 384.450, 21
27, 214.420, 392.950, 21
28, 214.420, 401.450, 21
29, 214.420, 409.950, 21
30, 214.420, 418.450, 21
31, 235.290, 316.450, 12
32, 235.290, 324.950, 12
33, 235.290, 333.450, 12
34, 235.290, 341.950, 12
35, 235.290, 350.450, 21
36, 235.290, 358.950, 21
37, 235.290, 367.450, 21
38, 235.290, 375.950, 21
39, 235.290, 384.450, 21
40, 235.290, 392.950, 21
41, 235.290, 401.450, 21
42, 235.290, 409.950, 21
43, 235.290, 418.450, 21
44, 235.290, 426.950, 21
45, 235.290, 435.450, 21
46, 256.160, 307.950, 12
47, 256.160, 316.450, 12
48, 256.160, 324.950, 12
49, 256.160, 333.450, 12
50, 256.160, 341.950, 12
51, 256.160, 350.450, 12
52, 256.160, 358.950, 21
53, 256.160, 367.450, 21
54, 256.160, 375.950, 21
55, 256.160, 384.450, 21
56, 256.160, 392.950, 21
57, 256.160, 401.450, 21
58, 256.160, 409.950, 21
59, 256.160, 418.450, 21
60, 256.160, 426.950, 21
61, 256.160, 435.450, 21
62, 256.160, 443.950, 15
63, 256.160, 452.450, 15
64, 277.030, 299.450, 12
65, 277.030, 307.950, 12
66, 277.030, 316.450, 12
67, 277.030, 324.950, 12
68, 277.030, 333.450, 12
69, 277.030, 341.950, 12
70, 277.030, 350.450, 12
71, 277.030, 358.950, 21
72, 277.030, 367.450, 21
73, 277.030, 375.950, 21
74, 277.030, 384.450, 21
75, 277.030, 392.950, 21
76, 277.030, 401.450, 21
77, 277.030, 409.950, 21
78, 277.030, 418.450, 21
79, 277.030, 426.950, 21
80, 277.030, 435.450, 21
81, 277.030, 443.950, 15
82, 277.030, 452.450, 15
83, 277.030, 460.950, 15
84, 297.900, 282.450, 12
85, 297.900, 290.950, 12
86, 297.900, 299.450, 12
87, 297.900, 307.950, 12
88, 297.900, 316.450, 12
89, 297.900, 324.950, 12
90, 297.900, 333.450, 12
91, 297.900, 341.950, 12
92, 297.900, 350.450, 12
93, 297.900, 358.950, 21
94, 297.900, 367.450, 21
95, 297.900, 375.950, 21
96, 297.900, 384.450, 21
97, 297.900, 392.950, 21
98, 297.900, 401.450, 21
99, 297.900, 409.950, 21
100, 297.900, 418.450, 21
101, 297.900, 426.950, 21
102, 297.900, 435.450, 21
103, 297.900, 443.950, 15
104, 297.900, 452.450, 15
105, 297.900, 460.950, 15
106, 297.900, 469.450, 15
107, 297.900, 477.950, 15
108, 318.770, 273.950, 12
109, 318.770, 282.450, 12
110, 318.770, 290.950, 12
111, 318.770, 299.450, 12
112, 318.770, 307.950, 12
113, 318.770, 316.450, 12
114, 318.770, 324.950, 12
115, 318.770, 333.450, 12
116, 318.770, 341.950, 12
117, 318.770, 350.450, 12
118, 318.770, 358.950, 21
119, 318.770, 367.450, 21
120, 318.770, 375.950, 21
121, 318.770, 384.450, 21
122, 318.770, 392.950, 21
123, 318.770, 401.450, 21
124, 318.770, 409.950, 21
125, 318.770, 418.450, 21
126, 318.770, 426.950, 21
127, 318.770, 435.450, 15
128, 318.770, 443.950, 15
129, 318.770, 452.450, 15
130, 318.770, 460.950, 15
131, 318.770, 469.450, 15
132, 318.770, 477.950, 15
133, 318.770, 486.450, 15
134, 318.770, 494.950, 15
135, 339.640, 265.450, 12
136, 339.640, 273.950, 12
137, 339.640, 282.450, 12
138, 339.640, 290.950, 12
139, 339.640, 299.450, 12
140, 339.640, 307.950, 12
141, 339.640, 316.450, 12
142, 339.640, 324.950, 12
143, 339.640, 333.450, 12
144, 339.640, 341.950, 12
145, 339.640, 350.450, 12
146, 339.640, 358.950, 21
147, 339.640, 367.450, 21
148, 339.640, 375.950, 21
149, 339.640, 384.450, 21
150, 339.640, 392.950, 21
151, 339.640, 401.450, 21
152, 339.640, 409.950, 21
153, 339.640, 418.450, 21
154, 339.640, 426.950, 15
155, 339.640, 435.450, 15
156, 339.640, 443.950, 15
157, 339.640, 452.450, 15
158, 339.640, 460.950, 15
159, 339.640, 469.450, 15
160, 339.640, 477.950, 15
161, 339.640, 486.450, 15
162, 339.640, 494.950, 15
163, 339.640, 503.450, 15
164, 360.510, 256.950, 12
165, 360.510, 265.450, 12
166, 360.510, 273.950, 12
167, 360.510, 282.450, 12
168, 360.510, 290.950, 12
169, 360.510, 299.450, 12
170, 360.510, 307.950, 12
171, 360.510, 316.450, 12
172, 360.510, 324.950, 12
173, 360.510, 333.450, 12
174, 360.510, 341.950, 12
175, 360.510, 350.450, 12
176, 360.510, 358.950, 21
177, 360.510, 367.450, 21
178, 360.510, 375.950, 21
179, 360.510, 384.450, 21
180, 360.510, 392.950, 21
181, 360.510, 401.450, 21
182, 360.510, 409.950, 21
183, 360.510, 418.450, 21
184, 360.510, 426.950, 15
185, 360.510, 435.450, 15
186, 360.510, 443.950, 15
187, 360.510, 452.450, 15
188, 360.510, 460.950, 15
189, 360.510, 469.450, 15
190, 360.510, 477.950, 15
191, 360.510, 486.450, 15
192, 360.510, 494.950, 15
193, 360.510, 503.450, 15
194, 360.510, 511.950, 15
195, 360.510, 520.450, 15
196, 381.380, 239.950, 3
197, 381.380, 248.450, 3
198, 381.380, 256.950, 12
199, 381.380, 265.450, 12
200, 381.380, 273.950, 12
201, 381.380, 282.450, 12
202, 381.380, 290.950, 12
203, 381.380, 299.450, 12
204, 381.380, 307.950, 12
205, 381.380, 316.450, 12
206, 381.380, 324.950, 12
207, 381.380, 333.450, 12
208, 381.380, 341.950, 12
209, 381.380, 350.450, 12
210, 381.380, 358.950, 21
211, 381.380, 367.450, 21
212, 381.380, 375.950, 21
213, 381.380, 384.450, 21
214, 381.380, 392.950, 21
215, 381.380, 401.450, 21
216, 381.380, 409.950, 21
217, 381.380, 418.450, 21
218, 381.380, 426.950, 15
219, 381.380, 435.450, 15
220, 381.380, 443.950, 15
221, 381.380, 452.450, 15
222, 381.380, 460.950, 15
223, 381.380, 469.450, 15
224, 381.380, 477.950, 15
225, 381.380, 486.450, 15
226, 381.380, 494.950, 15
227, 381.380, 503.450, 15
228, 381.380, 511.950, 15
229, 381.380, 520.450, 15
230, 381.380, 528.950, 15
231, 381.380, 537.450, 15
232, 402.250, 231.450, 3
233, 402.250, 239.950, 3
234, 402.250, 248.450, 3
235, 402.250, 256.950, 12
236, 402.250, 265.450, 12
237, 402.250, 273.950, 12
238, 402.250, 282.450, 12
239, 402.250, 290.950, 12
240, 402.250, 299.450, 12
241, 402.250, 307.950, 12
242, 402.250, 316.450, 12
243, 402.250, 324.950, 12
244, 402.250, 333.450, 12
245, 402.250, 341.950, 12
246, 402.250, 350.450, 12
247, 402.250, 358.950, 21
248, 402.250, 367.450, 21
249, 402.250, 375.950, 21
250, 402.250, 384.450, 21
251, 402.250, 392.950, 21
252, 402.250, 401.450, 21
253, 402.250, 409.950, 21
254, 402.250, 418.450, 21
255, 402.250, 426.950, 15
256, 402.250, 435.450, 15
257, 402.250, 443.950, 15
258, 402.250, 452.450, 15
259, 402.250, 460.950, 15
260, 402.250, 469.450, 15
261, 402.250, 477.950, 15
262, 402.250, 486.450, 15
263, 402.250, 494.950, 15
264, 402.250, 503.450, 15
265, 402.250, 511.950, 15
266, 402.250, 520.450, 15
267, 402.250, 528.950, 15
268, 402.250, 537.450, 15
269, 423.120, 222.950, 3
270, 423.120, 231.450, 3
271, 423.120, 239.950, 3
272, 423.120, 248.450, 3
273, 423.120, 256.950, 12
274, 423.120, 265.450, 12
275, 423.120, 273.950, 12
276, 423.120, 282.450, 12
277, 423.120, 290.950, 12
278, 423.120, 299.450, 12
279, 423.120, 307.950, 12
280, 423.120, 316.450, 12
281, 423.120, 324.950, 12
282, 423.120, 333.450, 12
283, 423.120, 341.950, 12
284, 423.120, 350.450, 12
285, 423.120, 358.950, 13
286, 423.120, 367.450, 13
287, 423.120, 375.950, 13
288, 423.120, 384.450, 13
289, 423.120, 392.950, 13
290, 423.120, 401.450, 13
291, 423.120, 409.950, 13
292, 423.120, 418.450, 13
293, 423.120, 426.950, 15
294, 423.120, 435.450, 15
295, 423.120, 443.950, 15
296, 423.120, 452.450, 15
297, 423.120, 460.950, 15
298, 423.120, 469.450, 15
299, 423.120, 477.950, 15
300, 423.120, 486.450, 15
301, 423.120, 494.950, 15
302, 423.120, 503.450, 15
303, 423.120, 511.950, 15
304, 423.120, 520.450, 15
305, 423.120, 528.950, 15
306, 423.120, 537.450, 15
307, 423.120, 545.950, 15
308, 443.990, 205.950, 3
309, 443.990, 214.450, 3
310, 443.990, 222.950, 3
311, 443.990, 231.450, 3
312, 443.990, 239.950, 3
313, 443.990, 248.450, 3
314, 443.990, 256.950, 12
315, 443.990, 265.450, 12
316, 443.990, 273.950, 12
317, 443.990, 282.450, 12
318, 443.990, 290.950, 12
319, 443.990, 299.450, 12
320, 443.990, 307.950, 12
321, 443.990, 316.450, 12
322, 443.990, 324.950, 12
323, 443.990, 333.450, 12
324, 443.990, 341.950, 12
325, 443.990, 350.450, 13
326, 443.990, 358.950, 13
327, 443.990, 367.450, 13
328, 443.990, 375.950, 13
329, 443.990, 384.450, 13
330, 443.990, 392.950, 13
331, 443.990, 401.450, 13
332, 443.990, 409.950, 13
333, 443.990, 418.450, 13
334, 443.990, 426.950, 13
335, 443.990, 435.450, 15
336, 443.990, 443.950, 15
337, 443.990, 452.450, 15
338, 443.990, 460.950, 15
339, 443.990, 469.450, 15
340, 443.990, 477.950, 15
341, 443.990, 486.450, 15
342, 443.990, 494.950, 15
343, 443.990, 503.450, 15
344, 443.990, 511.950, 15
345, 443.990, 520.450, 15
346, 443.990, 528.950, 15
347, 443.990, 537.450, 15
348, 443.990, 545.950, 15
349, 443.990, 554.450, 15
350, 464.860, 197.450, 3
351, 464.860, 205.950, 3
352, 464.860, 214.450, 3
353, 464.860, 222.950, 3
354, 464.860, 231.450, 3
355, 464.860, 239.950, 3
356, 464.860, 248.450, 3
357, 464.860, 256.950, 3
358, 464.860, 265.450, 22
359, 464.860, 273.950, 22
360, 464.860, 282.450, 22
361, 464.860, 290.950, 22
362, 464.860, 299.450, 22
363, 464.860, 307.950, 22
364, 464.860, 316.450, 22
365, 464.860, 324.950, 22
366, 464.860, 333.450, 22
367, 464.860, 341.950, 22
368, 464.860, 350.450, 13
369, 464.860, 358.950, 13
370, 464.860, 367.450, 13
371, 464.860, 375.950, 13
372, 464.860, 384.450, 13
373, 464.860, 392.950, 13
374, 464.860, 401.450, 13
375, 464.860, 409.950, 13
376, 464.860, 418.450, 13
377, 464.860, 426.950, 13
378, 464.860, 435.450, 15
379, 464.860, 443.950, 15
380, 464.860, 452.450, 15
381, 464.860, 460.950, 15
382, 464.860, 469.450, 15
383, 464.860, 477.950, 15
384, 464.860, 486.450, 15
385, 464.860, 494.950, 15
386, 464.860, 503.450, 15
387, 464.860, 511.950, 15
388, 464.860, 520.450, 15
389, 464.860, 528.950, 11
390, 464.860, 537.450, 11
391, 464.860, 545.950, 11
392, 485.730, 180.450, 3
393, 485.730, 188.950, 3
394, 485.730, 197.450, 3
395, 485.730, 205.950, 3
396, 485.730, 214.450, 3
397, 485.730, 222.950, 3
398, 485.730, 231.450, 3
399, 485.730, 239.950, 3
400, 485.730, 248.450, 3
401, 485.730, 256.950, 3
402, 485.730, 265.450, 22
403, 485.730, 273.950, 22
404, 485.730, 282.450, 22
405, 485.730, 290.950, 22
406, 485.730, 299.450, 22
407, 485.730, 307.950, 22
408, 485.730, 316.450, 22
409, 485.730, 324.950, 22
410, 485.730, 333.450, 22
411, 485.730, 341.950, 22
412, 485.730, 350.450, 13
413, 485.730, 358.950, 13
414, 485.730, 367.450, 13
415, 485.730, 375.950, 13
416, 485.730, 384.450, 13
417, 485.730, 392.950, 13
418, 485.730, 401.450, 13
419, 485.730, 409.950, 13
420, 485.730, 418.450, 13
421, 485.730, 426.950, 13
422, 485.730, 435.450, 11
423, 485.730, 443.950, 11
424, 485.730, 452.450, 11
425, 485.730, 460.950, 11
426, 485.730, 469.450, 11
427, 485.730, 477.950, 11
428, 485.730, 486.450, 11
429, 485.730, 494.950, 11
430, 485.730, 503.450, 11
431, 485.730, 511.950, 11
432, 485.730, 520.450, 11
433, 485.730, 528.950, 11
434, 485.730, 537.450, 11
435, 485.730, 545.950, 11
436, 506.600, 171.950, 3
437, 506.600, 180.450, 3
438, 506.600, 188.950, 3
439, 506.600, 197.450, 3
440, 506.600, 205.950, 3
441, 506.600, 214.450, 3
442, 506.600, 222.950, 3
443, 506.600, 231.450, 3
444, 506.600, 239.950, 3
445, 506.600, 248.450, 3
446, 506.600, 256.950, 3
447, 506.600, 265.450, 22
448, 506.600, 273.950, 22
449, 506.600, 282.450, 22
450, 506.600, 290.950, 22
451, 506.600, 299.450, 22
452, 506.600, 307.950, 22
453, 506.600, 316.450, 22
454, 506.600, 324.950, 22
455, 506.600, 333.450, 22
456, 506.600, 341.950, 22
457, 506.600, 350.450, 13
458, 506.600, 358.950, 13
459, 506.600, 367.450, 13
460, 506.600, 375.950, 13
461, 506.600, 384.450, 13
462, 506.600, 392.950, 13
463, 506.600, 401.450, 13
464, 506.600, 409.950, 13
465, 506.600, 418.450, 13
466, 506.600, 426.950, 13
467, 506.600, 435.450, 11
468, 506.600, 443.950, 11
469, 506.600, 452.450, 11
470, 506.600, 460.950, 11
471, 506.600, 469.450, 11
472, 506.600, 477.950, 11
473, 506.600, 486.450, 11
474, 506.600, 494.950, 11
475, 506.600, 503.450, 11
476, 506.600, 511.950, 11
477, 506.600, 520.450, 11
478, 506.600, 528.950, 11
479, 506.600, 537.450, 11
480, 506.600, 545.950, 11
481, 527.470, 154.950, 3
482, 527.470, 163.450, 3
483, 527.470, 171.950, 3
484, 527.470, 180.450, 3
485, 527.470, 188.950, 3
486, 527.470, 197.450, 3
487, 527.470, 205.950, 3
488, 527.470, 214.450, 3
489, 527.470, 222.950, 3
490, 527.470, 231.450, 3
491, 527.470, 239.950, 3
492, 527.470, 248.450, 3
493, 527.470, 256.950, 22
494, 527.470, 265.450, 22
495, 527.470, 273.950, 22
496, 527.470, 282.450, 22
497, 527.470, 290.950, 22
498, 527.470, 299.450, 22
499, 527.470, 307.950, 22
500, 527.470, 316.450, 22
501, 527.470, 324.950, 22
502, 527.470, 333.450, 22
503, 527.470, 341.950, 22
504, 527.470, 350.450, 13
505, 527.470, 358.950, 13
506, 527.470, 367.450, 13
507, 527.470, 375.950, 13
508, 527.470, 384.450, 13
509, 527.470, 392.950, 13
510, 527.470, 401.450, 13
511, 527.470, 409.950, 13
512, 527.470, 418.450, 13
513, 527.470, 426.950, 13
514, 527.470, 435.450, 11
515, 527.470, 443.950, 11
516, 527.470, 452.450, 11
517, 527.470, 460.950, 11
518, 527.470, 469.450, 11
519, 527.470, 477.950, 11
520, 527.470, 486.450, 11
521, 527.470, 494.950, 11
522, 527.470, 503.450, 11
523, 527.470, 511.950, 11
524, 527.470, 520.450, 11
525, 527.470, 528.950, 11
526, 527.470, 537.450, 11
527, 527.470, 545.950, 11
528, 548.340, 154.950, 3
529, 548.340, 163.450, 3
530, 548.340, 171.950, 3
531, 548.340, 180.450, 3
532, 548.340, 188.950, 3
533, 548.340, 197.450, 3
534, 548.340, 205.950, 3
535, 548.340, 214.450, 3
536, 548.340, 222.950, 3
537, 548.340, 231.450, 3
538, 548.340, 239.950, 3
539, 548.340, 248.450, 3
540, 548.340, 256.950, 22
541, 548.340, 265.450, 22
542, 548.340, 273.950, 22
543, 548.340, 282.450, 22
544, 548.340, 290.950, 22
545, 548.340, 299.450, 22
546, 548.340, 307.950, 22
547, 548.340, 316.450, 22
548, 548.340, 324.950, 22
549, 548.340, 333.450, 22
550, 548.340, 341.950, 22
551, 548.340, 350.450, 13
552, 548.340, 358.950, 13
553, 548.340, 367.450, 13
554, 548.340, 375.950, 13
555, 548.340, 384.450, 13
556, 548.340, 392.950, 13
557, 548.340, 401.450, 13
558, 548.340, 409.950, 13
559, 548.340, 418.450, 13
560, 548.340, 426.950, 13
561, 548.340, 435.450, 11
562, 548.340, 443.950, 11
563, 548.340, 452.450, 11
564, 548.340, 460.950, 11
565, 548.340, 469.450, 11
566, 548.340, 477.950, 11
567, 548.340, 486.450, 11
568, 548.340, 494.950, 11
569, 548.340, 503.450, 11
570, 548.340, 511.950, 11
571, 548.340, 520.450, 11
572, 548.340, 528.950, 11
573, 548.340, 537.450, 11
574, 569.210, 146.450, 3
575, 569.210, 154.950, 3
576, 569.210, 163.450, 3
577, 569.210, 171.950, 3
578, 569.210, 180.450, 3
579, 569.210, 188.950, 3
580, 569.210, 197.450, 3
581, 569.210, 205.950, 3
582, 569.210, 214.450, 3
583, 569.210, 222.950, 3
584, 569.210, 231.450, 3
585, 569.210, 239.950, 3
586, 569.210, 248.450, 3
587, 569.210, 256.950, 22
588, 569.210, 265.450, 22
589, 569.210, 273.950, 22
590, 569.210, 282.450, 22
591, 569.210, 290.950, 22
592, 569.210, 299.450, 22
593, 569.210, 307.950, 22
594, 569.210, 316.450, 22
595, 569.210, 324.950, 22
596, 569.210, 333.450, 22
597, 569.210, 341.950, 22
598, 569.210, 350.450, 22
599, 569.210, 358.950, 13
600, 569.210, 367.450, 13
601, 569.210, 375.950, 13
602, 569.210, 384.450, 13
603, 569.210, 392.950, 13
604, 569.210, 401.450, 13
605, 569.210, 409.950, 13
606, 569.210, 418.450, 13
607, 569.210, 426.950, 13
608, 569.210, 435.450, 11
609, 569.210, 443.950, 11
610, 569.210, 452.450, 11
611, 569.210, 460.950, 11
612, 569.210, 469.450, 11
613, 569.210, 477.950, 11
614, 569.210, 486.450, 11
615, 569.210, 494.950, 11
616, 569.210, 503.450, 11
617, 569.210, 511.950, 11
618, 569.210, 520.450, 11
619, 569.210, 528.950, 11
620, 569.210, 537.450, 11
621, 590.080, 137.950, 3
622, 590.080, 146.450, 3
623, 590.080, 154.950, 3
624, 590.080, 163.450, 3
625, 590.080, 171.950, 3
626, 590.080, 180.450, 3
627, 590.080, 188.950, 3
628, 590.080, 197.450, 3
629, 590.080, 205.950, 3
630, 590.080, 214.450, 3
631, 590.080, 222.950, 3
632, 590.080, 231.450, 3
633, 590.080, 239.950, 3
634, 590.080, 248.450, 3
635, 590.080, 256.950, 22
636, 590.080, 265.450, 22
637, 590.080, 273.950, 22
638, 590.080, 282.450, 22
639, 590.080, 290.950, 22
640, 590.080, 299.450, 22
641, 590.080, 307.950, 22
642, 590.080, 316.450, 22
643, 590.080, 324.950, 22
644, 590.080, 333.450, 22
645, 590.080, 341.950, 22
646, 590.080, 350.450, 22
647, 590.080, 358.950, 13
648, 590.080, 367.450, 13
649, 590.080, 375.950, 13
650, 590.080, 384.450, 13
651, 590.080, 392.950, 13
652, 590.080, 401.450, 13
653, 590.080, 409.950, 13
654, 590.080, 418.450, 13
655, 590.080, 426.950, 13
656, 590.080, 435.450, 11
657, 590.080, 443.950, 11
658, 590.080, 452.450, 11
659, 590.080, 460.950, 11
660, 590.080, 469.450, 11
661, 590.080, 477.950, 11
662, 590.080, 486.450, 11
663, 590.080, 494.950, 11
664, 590.080, 503.450, 11
665, 590.080, 511.950, 11
666, 590.080, 520.450, 11
667, 590.080, 528.950, 11
668, 590.080, 537.450, 11
669, 610.950, 137.950, 3
670, 610.950, 146.450, 3
671, 610.950, 154.950, 3
672, 610.950, 163.450, 3
673, 610.950, 171.950, 3
674, 610.950, 180.450, 3
675, 610.950, 188.950, 3
676, 610.950, 197.450, 3
677, 610.950, 205.950, 3
678, 610.950, 214.450, 3
679, 610.950, 222.950, 3
680, 610.950, 231.450, 3
681, 610.950, 239.950, 3
682, 610.950, 248.450, 3
683, 610.950, 256.950, 22
684, 610.950, 265.450, 22
685, 610.950, 273.950, 22
686, 610.950, 282.450, 22
687, 610.950, 290.950, 22
688, 610.950, 299.450, 22
689, 610.950, 307.950, 22
690, 610.950, 316.450, 22
691, 610.950, 324.950, 22
692, 610.950, 333.450, 22
693, 610.950, 341.950, 22
694, 610.950, 350.450, 22
695, 610.950, 358.950, 13
696, 610.950, 367.450, 13
697, 610.950, 375.950, 13
698, 610.950, 384.450, 13
699, 610.950, 392.950, 13
700, 610.950, 401.450, 13
701, 610.950, 409.950, 13
702, 610.950, 418.450, 13
703, 610.950, 426.950, 13
704, 610.950, 435.450, 11
705, 610.950, 443.950, 11
706, 610.950, 452.450, 11
707, 610.950, 460.950, 11
708, 610.950, 469.450, 11
709, 610.950, 477.950, 11
710, 610.950, 486.450, 11
711, 610.950, 494.950, 11
712, 610.950, 503.450, 11
713, 610.950, 511.950, 11
714, 610.950, 520.450, 11
715, 610.950, 528.950, 11
716, 610.950, 537.450, 11
717, 631.820, 129.450, 14
718, 631.820, 137.950, 14
719, 631.820, 146.450, 14
720, 631.820, 154.950, 14
721, 631.820, 163.450, 14
722, 631.820, 171.950, 14
723, 631.820, 180.450, 14
724, 631.820, 188.950, 14
725, 631.820, 197.450, 14
726, 631.820, 205.950, 14
727, 631.820, 214.450, 10
728, 631.820, 222.950, 10
729, 631.820, 231.450, 10
730, 631.820, 239.950, 10
731, 631.820, 248.450, 10
732, 631.820, 256.950, 10
733, 631.820, 265.450, 22
734, 631.820, 273.950, 22
735, 631.820, 282.450, 22
736, 631.820, 290.950, 22
737, 631.820, 299.450, 22
738, 631.820, 307.950, 22
739, 631.820, 316.450, 22
740, 631.820, 324.950, 22
741, 631.820, 333.450, 22
742, 631.820, 341.950, 22
743, 631.820, 350.450, 22
744, 631.820, 358.950, 13
745, 631.820, 367.450, 13
746, 631.820, 375.950, 13
747, 631.820, 384.450, 13
748, 631.820, 392.950, 13
749, 631.820, 401.450, 13
750, 631.820, 409.950, 13
751, 631.820, 418.450, 13
752, 631.820, 426.950, 13
753, 631.820, 435.450, 11
754, 631.820, 443.950, 11
755, 631.820, 452.450, 11
756, 631.820, 460.950, 11
757, 631.820, 469.450, 11
758, 631.820, 477.950, 11
759, 631.820, 486.450, 11
760, 631.820, 494.950, 11
761, 631.820, 503.450, 11
762, 631.820, 511.950, 11
763, 631.820, 520.450, 11
764, 631.820, 528.950, 11
765, 652.690, 120.950, 14
766, 652.690, 129.450, 14
767, 652.690, 137.950, 14
768, 652.690, 146.450, 14
769, 652.690, 154.950, 14
770, 652.690, 163.450, 14
771, 652.690, 171.950, 14
772, 652.690, 180.450, 14
773, 652.690, 188.950, 14
774, 652.690, 197.450, 14
775, 652.690, 205.950, 14
776, 652.690, 214.450, 10
777, 652.690, 222.950, 10
778, 652.690, 231.450, 10
779, 652.690, 239.950, 10
780, 652.690, 248.450, 10
781, 652.690, 256.950, 10
782, 652.690, 265.450, 10
783, 652.690, 273.950, 22
784, 652.690, 282.450, 22
785, 652.690, 290.950, 22
786, 652.690, 299.450, 22
787, 652.690, 307.950, 22
788, 652.690, 316.450, 22
789, 652.690, 324.950, 22
790, 652.690, 333.450, 22
791, 652.690, 341.950, 22
792, 652.690, 350.450, 22
793, 652.690, 358.950, 13
794, 652.690, 367.450, 13
795, 652.690, 375.950, 13
796, 652.690, 384.450, 13
797, 652.690, 392.950, 13
798, 652.690, 401.450, 8
799, 652.690, 409.950, 8
800, 652.690, 418.450, 8
801, 652.690, 426.950, 8
802, 652.690, 435.450, 8
803, 652.690, 443.950, 19
804, 652.690, 452.450, 19
805, 652.690, 460.950, 19
806, 652.690, 469.450, 19
807, 652.690, 477.950, 19
808, 652.690, 486.450, 19
809, 652.690, 494.950, 19
810, 652.690, 503.450, 19
811, 652.690, 511.950, 19
812, 652.690, 520.450, 19
813, 652.690, 528.950, 19
814, 673.560, 120.950, 14
815, 673.560, 129.450, 14
816, 673.560, 137.950, 14
817, 673.560, 146.450, 14
818, 673.560, 154.950, 14
819, 673.560, 163.450, 14
820, 673.560, 171.950, 14
821, 673.560, 180.450, 14
822, 673.560, 188.950, 14
823, 673.560, 197.450, 14
824, 673.560, 205.950, 14
825, 673.560, 214.450, 10
826, 673.560, 222.950, 10
827, 673.560, 231.450, 10
828, 673.560, 239.950, 10
829, 673.560, 248.450, 10
830, 673.560, 256.950, 10
831, 673.560, 265.450, 10
832, 673.560, 273.950, 10
833, 673.560, 282.450, 10
834, 673.560, 290.950, 17
835, 673.560, 299.450, 17
836, 673.560, 307.950, 17
837, 673.560, 316.450, 17
838, 673.560, 324.950, 17
839, 673.560, 333.450, 17
840, 673.560, 341.950, 17
841, 673.560, 350.450, 17
842, 673.560, 358.950, 8
843, 673.560, 367.450, 8
844, 673.560, 375.950, 8
845, 673.560, 384.450, 8
846, 673.560, 392.950, 8
847, 673.560, 401.450, 8
848, 673.560, 409.950, 8
849, 673.560, 418.450, 8
850, 673.560, 426.950, 8
851, 673.560, 435.450, 8
852, 673.560, 443.950, 19
853, 673.560, 452.450, 19
854, 673.560, 460.950, 19
855, 673.560, 469.450, 19
856, 673.560, 477.950, 19
857, 673.560, 486.450, 19
858, 673.560, 494.950, 19
859, 673.560, 503.450, 19
860, 673.560, 511.950, 19
861, 673.560, 520.450, 19
862, 673.560, 528.950, 19
863, 694.430, 112.450, 14
864, 694.430, 120.950, 14
865, 694.430, 129.450, 14
866, 694.430, 137.950, 14
867, 694.430, 146.450, 14
868, 694.430, 154.950, 14
869, 694.430, 163.450, 14
870, 694.430, 171.950, 14
871, 694.430, 180.450, 14
872, 694.430, 188.950, 14
873, 694.430, 197.450, 14
874, 694.430, 205.950, 14
875, 694.430, 214.450, 10
876, 694.430, 222.950, 10
877, 694.430, 231.450, 10
878, 694.430, 239.950, 10
879, 694.430, 248.450, 10
880, 694.430, 256.950, 10
881, 694.430, 265.450, 10
882, 694.430, 273.950, 10
883, 694.430, 282.450, 10
884, 694.430, 290.950, 17
885, 694.430, 299.450, 17
886, 694.430, 307.950, 17
887, 694.430, 316.450, 17
888, 694.430, 324.950, 17
889, 694.430, 333.450, 17
890, 694.430, 341.950, 17
891, 694.430, 350.450, 17
892, 694.430, 358.950, 8
893, 694.430, 367.450, 8
894, 694.430, 375.950, 8
895, 694.430, 384.450, 8
896, 694.430, 392.950, 8
897, 694.430, 401.450, 8
898, 694.430, 409.950, 8
899, 694.430, 418.450, 8
900, 694.430, 426.950, 8
901, 694.430, 435.450, 8
902, 694.430, 443.950, 19
903, 694.430, 452.450, 19
904, 694.430, 460.950, 19
905, 694.430, 469.450, 19
906, 694.430, 477.950, 19
907, 694.430, 486.450, 19
908, 694.430, 494.950, 19
909, 694.430, 503.450, 19
910, 694.430, 511.950, 19
911, 694.430, 520.450, 19
912, 694.430, 528.950, 19
913, 715.300, 103.950, 14
914, 715.300, 112.450, 14
915, 715.300, 120.950, 14
916, 715.300, 129.450, 14
917, 715.300, 137.950, 14
918, 715.300, 146.450, 14
919, 715.300, 154.950, 14
920, 715.300, 163.450, 14
921, 715.300, 171.950, 14
922, 715.300, 180.450, 14
923, 715.300, 188.950, 14
924, 715.300, 197.450, 14
925, 715.300, 205.950, 14
926, 715.300, 214.450, 10
927, 715.300, 222.950, 10
928, 715.300, 231.450, 10
929, 715.300, 239.950, 10
930, 715.300, 248.450, 10
931, 715.300, 256.950, 10
932, 715.300, 265.450, 10
933, 715.300, 273.950, 10
934, 715.300, 282.450, 10
935, 715.300, 290.950, 17
936, 715.300, 299.450, 17
937, 715.300, 307.950, 17
938, 715.300, 316.450, 17
939, 715.300, 324.950, 17
940, 715.300, 333.450, 17
941, 715.300, 341.950, 17
942, 715.300, 350.450, 17
943, 715.300, 358.950, 8
944, 715.300, 367.450, 8
945, 715.300, 375.950, 8
946, 715.300, 384.450, 8
947, 715.300, 392.950, 8
948, 715.300, 401.450, 8
949, 715.300, 409.950, 8
950, 715.300, 418.450, 8
951, 715.300, 426.950, 8
952, 715.300, 435.450, 8
953, 715.300, 443.950, 19
954, 715.300, 452.450, 19
955, 715.300, 460.950, 19
956, 715.300, 469.450, 19
957, 715.300, 477.950, 19
958, 715.300, 486.450, 19
959, 715.300, 494.950, 19
960, 715.300, 503.450, 19
961, 715.300, 511.950, 19
962, 715.300, 520.450, 19
963, 736.170, 103.950, 14
964, 736.170, 112.450, 14
965, 736.170, 120.950, 14
966, 736.170, 129.450, 14
967, 736.170, 137.950, 14
968, 736.170, 146.450, 14
969, 736.170, 154.950, 14
970, 736.170, 163.450, 14
971, 736.170, 171.950, 14
972, 736.170, 180.450, 14
973, 736.170, 188.950, 14
974, 736.170, 197.450, 14
975, 736.170, 205.950, 14
976, 736.170, 214.450, 10
977, 736.170, 222.950, 10
978, 736.170, 231.450, 10
979, 736.170, 239.950, 10
980, 736.170, 248.450, 10
981, 736.170, 256.950, 10
982, 736.170, 265.450, 10
983, 736.170, 273.950, 10
984, 736.170, 282.450, 10
985, 736.170, 290.950, 17
986, 736.170, 299.450, 17
987, 736.170, 307.950, 17
988, 736.170, 316.450, 17
989, 736.170, 324.950, 17
990, 736.170, 333.450, 17
991, 736.170, 341.950, 17
992, 736.170, 350.450, 17
993, 736.170, 358.950, 8
994, 736.170, 367.450, 8
995, 736.170, 375.950, 8
996, 736.170, 384.450, 8
997, 736.170, 392.950, 8
998, 736.170, 401.450, 8
999, 736.170, 409.950, 8
1000, 736.170, 418.450, 8
1001, 736.170, 426.950, 8
1002, 736.170, 435.450, 8
1003, 736.170, 443.950, 19
1004, 736.170, 452.450, 19
1005, 736.170, 460.950, 19
1006, 736.170, 469.450, 19
1007, 736.170, 477.950, 19
1008, 736.170, 486.450, 19
1009, 736.170, 494.950, 19
1010, 736.170, 503.450, 19
1011, 736.170, 511.950, 19
1012, 736.170, 520.450, 19
1013, 757.040, 95.450, 4
1014, 757.040, 103.950, 4
1015, 757.040, 112.450, 4
1016, 757.040, 120.950, 4
1017, 757.040, 129.450, 4
1018, 757.040, 137.950, 14
1019, 757.040, 146.450, 14
1020, 757.040, 154.950, 14
1021, 757.040, 163.450, 14
1022, 757.040, 171.950, 14
1023, 757.040, 180.450, 14
1024, 757.040, 188.950, 14
1025, 757.040, 197.450, 14
1026, 757.040, 205.950, 14
1027, 757.040, 214.450, 10
1028, 757.040, 222.950, 10
1029, 757.040, 231.450, 10
1030, 757.040, 239.950, 10
1031, 757.040, 248.450, 10
1032, 757.040, 256.950, 10
1033, 757.040, 265.450, 10
1034, 757.040, 273.950, 10
1035, 757.040, 282.450, 17
1036, 757.040, 290.950, 17
1037, 757.040, 299.450, 17
1038, 757.040, 307.950, 17
1039, 757.040, 316.450, 17
1040, 757.040, 324.950, 17
1041, 757.040, 333.450, 17
1042, 757.040, 341.950, 17
1043, 757.040, 350.450, 17
1044, 757.040, 358.950, 8
1045, 757.040, 367.450, 8
1046, 757.040, 375.950, 8
1047, 757.040, 384.450, 8
1048, 757.040, 392.950, 8
1049, 757.040, 401.450, 8
1050, 757.040, 409.950, 8
1051, 757.040, 418.450, 8
1052, 757.040, 426.950, 8
1053, 757.040, 435.450, 8
1054, 757.040, 443.950, 19
1055, 757.040, 452.450, 19
1056, 757.040, 460.950, 19
1057, 757.040, 469.450, 19
1058, 757.040, 477.950, 19
1059, 757.040, 486.450, 19
1060, 757.040, 494.950, 19
1061, 757.040, 503.450, 19
1062, 757.040, 511.950, 19
1063, 757.040, 520.450, 19
1064, 777.910, 86.950, 4
1065, 777.910, 95.450, 4
1066, 777.910, 103.950, 4
1067, 777.910, 112.450, 4
1068, 777.910, 120.950, 4
1069, 777.910, 129.450, 4
1070, 777.910, 137.950, 4
1071, 777.910, 146.450, 14
1072, 777.910, 154.950, 14
1073, 777.910, 163.450, 14
1074, 777.910, 171.950, 14
1075, 777.910, 180.450, 14
1076, 777.910, 188.950, 14
1077, 777.910, 197.450, 14
1078, 777.910, 205.950, 14
1079, 777.910, 214.450, 10
1080, 777.910, 222.950, 10
1081, 777.910, 231.450, 10
1082, 777.910, 239.950, 10
1083, 777.910, 248.450, 10
1084, 777.910, 256.950, 10
1085, 777.910, 265.450, 10
1086, 777.910, 273.950, 10
1087, 777.910, 282.450, 17
1088, 777.910, 290.950, 17
1089, 777.910, 299.450, 17
1090, 777.910, 307.950, 17
1091, 777.910, 316.450, 17
1092, 777.910, 324.950, 17
1093, 777.910, 333.450, 17
1094, 777.910, 341.950, 17
1095, 777.910, 350.450, 17
1096, 777.910, 358.950, 8
1097, 777.910, 367.450, 8
1098, 777.910, 375.950, 8
1099, 777.910, 384.450, 8
1100, 777.910, 392.950, 8
1101, 777.910, 401.450, 8
1102, 777.910, 409.950, 8
1103, 777.910, 418.450, 8
1104, 777.910, 426.950, 8
1105, 777.910, 435.450, 8
1106, 777.910, 443.950, 19
1107, 777.910, 452.450, 19
1108, 777.910, 460.950, 19
1109, 777.910, 469.450, 19
1110, 777.910, 477.950, 19
1111, 777.910, 486.450, 19
1112, 777.910, 494.950, 19
1113, 777.910, 503.450, 19
1114, 777.910, 511.950, 19
1115, 777.910, 520.450, 19
1116, 798.780, 78.450, 4
1117, 798.780, 86.950, 4
1118, 798.780, 95.450, 4
1119, 798.780, 103.950, 4
1120, 798.780, 112.450, 4
1121, 798.780, 120.950, 4
1122, 798.780, 129.450, 4
1123, 798.780, 137.950, 4
1124, 798.780, 146.450, 14
1125, 798.780, 154.950, 14
1126, 798.780, 163.450, 14
1127, 798.780, 171.950, 14
1128, 798.780, 180.450, 14
1129, 798.780, 188.950, 14
1130, 798.780, 197.450, 14
1131, 798.780, 205.950, 14
1132, 798.780, 214.450, 10
1133, 798.780, 222.950, 10
1134, 798.780, 231.450, 10
1135, 798.780, 239.950, 10
1136, 798.780, 248.450, 10
1137, 798.780, 256.950, 10
1138, 798.780, 265.450, 10
1139, 798.780, 273.950, 10
1140, 798.780, 282.450, 17
1141, 798.780, 290.950, 17
1142, 798.780, 299.450, 17
1143, 798.780, 307.950, 17
1144, 798.780, 316.450, 17
1145, 798.780, 324.950, 17
1146, 798.780, 333.450, 17
1147, 798.780, 341.950, 17
1148, 798.780, 350.450, 17
1149, 798.780, 358.950, 17
1150, 798.780, 367.450, 8
1151, 798.780, 375.950, 8
1152, 798.780, 384.450, 8
1153, 798.780, 392.950, 8
1154, 798.780, 401.450, 8
1155, 798.780, 409.950, 8
1156, 798.780, 418.450, 8
1157, 798.780, 426.950, 8
1158, 798.780, 435.450, 8
1159, 798.780, 443.950, 19
1160, 798.780, 452.450, 19
1161, 798.780, 460.950, 19
1162, 798.780, 469.450, 19
1163, 798.780, 477.950, 19
1164, 798.780, 486.450, 19
1165, 798.780, 494.950, 19
1166, 798.780, 503.450, 19
1167, 798.780, 511.950, 19
1168, 819.650, 78.450, 4
1169, 819.650, 86.950, 4
1170, 819.650, 95.450, 4
1171, 819.650, 103.950, 4
1172, 819.650, 112.450, 4
1173, 819.650, 120.950, 4
1174, 819.650, 129.450, 4
1175, 819.650, 137.950, 4
1176, 819.650, 146.450, 4
1177, 819.650, 154.950, 14
1178, 819.650, 163.450, 14
1179, 819.650, 171.950, 14
1180, 819.650, 180.450, 14
1181, 819.650, 188.950, 14
1182, 819.650, 197.450, 14
1183, 819.650, 205.950, 14
1184, 819.650, 214.450, 10
1185, 819.650, 222.950, 10
1186, 819.650, 231.450, 10
1187, 819.650, 239.950, 10
1188, 819.650, 248.450, 10
1189, 819.650, 256.950, 10
1190, 819.650, 265.450, 10
1191, 819.650, 273.950, 10
1192, 819.650, 282.450, 17
1193, 819.650, 290.950, 17
1194, 819.650, 299.450, 17
1195, 819.650, 307.950, 17
1196, 819.650, 316.450, 17
1197, 819.650, 324.950, 17
1198, 819.650, 333.450, 17
1199, 819.650, 341.950, 17
1200, 819.650, 350.450, 17
1201, 819.650, 358.950, 17
1202, 819.650, 367.450, 8
1203, 819.650, 375.950, 8
1204, 819.650, 384.450, 8
1205, 819.650, 392.950, 8
1206, 819.650, 401.450, 8
1207, 819.650, 409.950, 8
1208, 819.650, 418.450, 8
1209, 819.650, 426.950, 8
1210, 819.650, 435.450, 8
1211, 819.650, 443.950, 19
1212, 819.650, 452.450, 19
1213, 819.650, 460.950, 19
1214, 819.650, 469.450, 19
1215, 819.650, 477.950, 19
1216, 819.650, 486.450, 19
1217, 819.650, 494.950, 19
1218, 819.650, 503.450, 19
1219, 819.650, 511.950, 19
1220, 840.520, 69.950, 4
1221, 840.520, 78.450, 4
1222, 840.520, 86.950, 4
1223, 840.520, 95.450, 4
1224, 840.520, 103.950, 4
1225, 840.520, 112.450, 4
1226, 840.520, 120.950, 4
1227, 840.520, 129.450, 4
1228, 840.520, 137.950, 4
1229, 840.520, 146.450, 4
1230, 840.520, 154.950, 14
1231, 840.520, 163.450, 14
1232, 840.520, 171.950, 14
1233, 840.520, 180.450, 14
1234, 840.520, 188.950, 14
1235, 840.520, 197.450, 14
1236, 840.520, 205.950, 14
1237, 840.520, 214.450, 10
1238, 840.520, 222.950, 10
1239, 840.520, 231.450, 10
1240, 840.520, 239.950, 10
1241, 840.520, 248.450, 10
1242, 840.520, 256.950, 10
1243, 840.520, 265.450, 10
1244, 840.520, 273.950, 10
1245, 840.520, 282.450, 17
1246, 840.520, 290.950, 17
1247, 840.520, 299.450, 17
1248, 840.520, 307.950, 17
1249, 840.520, 316.450, 17
1250, 840.520, 324.950, 17
1251, 840.520, 333.450, 17
1252, 840.520, 341.950, 17
1253, 840.520, 350.450, 17
1254, 840.520, 358.950, 17
1255, 840.520, 367.450, 8
1256, 840.520, 375.950, 8
1257, 840.520, 384.450, 8
1258, 840.520, 392.950, 8
1259, 840.520, 401.450, 8
1260, 840.520, 409.950, 8
1261, 840.520, 418.450, 8
1262, 840.520, 426.950, 8
1263, 840.520, 435.450, 8
1264, 840.520, 443.950, 19
1265, 840.520, 452.450, 19
1266, 840.520, 460.950, 19
1267, 840.520, 469.450, 19
1268, 840.520, 477.950, 19
1269, 840.520, 486.450, 19
1270, 840.520, 494.950, 19
1271, 840.520, 503.450, 19
1272, 840.520, 511.950, 19
1273, 861.390, 61.450, 4
1274, 861.390, 69.950, 4
1275, 861.390, 78.450, 4
1276, 861.390, 86.950, 4
1277, 861.390, 95.450, 4
1278, 861.390, 103.950, 4
1279, 861.390, 112.450, 4
1280, 861.390, 120.950, 4
1281, 861.390, 129.450, 4
1282, 861.390, 137.950, 4
1283, 861.390, 146.450, 4
1284, 861.390, 154.950, 6
1285, 861.390, 163.450, 6
1286, 861.390, 171.950, 6
1287, 861.390, 180.450, 6
1288, 861.390, 188.950, 6
1289, 861.390, 197.450, 6
1290, 861.390, 205.950, 6
1291, 861.390, 214.450, 6
1292, 861.390, 222.950, 10
1293, 861.390, 231.450, 10
1294, 861.390, 239.950, 10
1295, 861.390, 248.450, 10
1296, 861.390, 256.950, 10
1297, 861.390, 265.450, 10
1298, 861.390, 273.950, 10
1299, 861.390, 282.450, 17
1300, 861.390, 290.950, 17
1301, 861.390, 299.450, 17
1302, 861.390, 307.950, 17
1303, 861.390, 316.450, 17
1304, 861.390, 324.950, 17
1305, 861.390, 333.450, 17
1306, 861.390, 341.950, 17
1307, 861.390, 350.450, 17
1308, 861.390, 358.950, 17
1309, 861.390, 367.450, 8
1310, 861.390, 375.950, 8
1311, 861.390, 384.450, 8
1312, 861.390, 392.950, 8
1313, 861.390, 401.450, 8
1314, 861.390, 409.950, 8
1315, 861.390, 418.450, 8
1316, 861.390, 426.950, 8
1317, 861.390, 435.450, 8
1318, 861.390, 443.950, 19
1319, 861.390, 452.450, 19
1320, 861.390, 460.950, 19
1321, 861.390, 469.450, 19
1322, 861.390, 477.950, 19
1323, 861.390, 486.450, 19
1324, 861.390, 494.950, 19
1325, 861.390, 503.450, 19
1326, 861.390, 511.950, 19
1327, 882.260, 61.450, 4
1328, 882.260, 69.950, 4
1329, 882.260, 78.450, 4
1330, 882.260, 86.950, 4
1331, 882.260, 95.450, 4
1332, 882.260, 103.950, 4
1333, 882.260, 112.450, 4
1334, 882.260, 120.950, 4
1335, 882.260, 129.450, 4
1336, 882.260, 137.950, 4
1337, 882.260, 146.450, 4
1338, 882.260, 154.950, 6
1339, 882.260, 163.450, 6
1340, 882.260, 171.950, 6
1341, 882.260, 180.450, 6
1342, 882.260, 188.950, 6
1343, 882.260, 197.450, 6
1344, 882.260, 205.950, 6
1345, 882.260, 214.450, 6
1346, 882.260, 222.950, 10
1347, 882.260, 231.450, 10
1348, 882.260, 239.950, 10
1349, 882.260, 248.450, 10
1350, 882.260, 256.950, 10
1351, 882.260, 265.450, 10
1352, 882.260, 273.950, 10
1353, 882.260, 282.450, 17
1354, 882.260, 290.950, 17
1355, 882.260, 299.450, 17
1356, 882.260, 307.950, 17
1357, 882.260, 316.450, 17
1358, 882.260, 324.950, 17
1359, 882.260, 333.450, 17
1360, 882.260, 341.950, 17
1361, 882.260, 350.450, 17
1362, 882.260, 358.950, 17
1363, 882.260, 367.450, 8
1364, 882.260, 375.950, 8
1365, 882.260, 384.450, 8
1366, 882.260, 392.950, 8
1367, 882.260, 401.450, 8
1368, 882.260, 409.950, 8
1369, 882.260, 418.450, 8
1370, 882.260, 426.950, 8
1371, 882.260, 435.450, 18
1372, 882.260, 443.950, 18
1373, 882.260, 452.450, 18
1374, 882.260, 460.950, 18
1375, 882.260, 469.450, 18
1376, 882.260, 477.950, 18
1377, 882.260, 486.450, 18
1378, 882.260, 494.950, 18
1379, 882.260, 503.450, 18
1380, 903.130, 52.950, 4
1381, 903.130, 61.450, 4
1382, 903.130, 69.950, 4
1383, 903.130, 78.450, 4
1384, 903.130, 86.950, 4
1385, 903.130, 95.450, 4
1386, 903.130, 103.950, 4
1387, 903.130, 112.450, 4
1388, 903.130, 120.950, 4
1389, 903.130, 129.450, 4
1390, 903.130, 137.950, 4
1391, 903.130, 146.450, 4
1392, 903.130, 154.950, 6
1393, 903.130, 163.450, 6
1394, 903.130, 171.950, 6
1395, 903.130, 180.450, 6
1396, 903.130, 188.950, 6
1397, 903.130, 197.450, 6
1398, 903.130, 205.950, 6
1399, 903.130, 214.450, 6
1400, 903.130, 222.950, 6
1401, 903.130, 231.450, 10
1402, 903.130, 239.950, 10
1403, 903.130, 248.450, 10
1404, 903.130, 256.950, 10
1405, 903.130, 265.450, 10
1406, 903.130, 273.950, 10
1407, 903.130, 282.450, 17
1408, 903.130, 290.950, 17
1409, 903.130, 299.450, 17
1410, 903.130, 307.950, 17
1411, 903.130, 316.450, 17
1412, 903.130, 324.950, 17
1413, 903.130, 333.450, 17
1414, 903.130, 341.950, 17
1415, 903.130, 350.450, 17
1416, 903.130, 358.950, 7
1417, 903.130, 367.450, 7
1418, 903.130, 375.950, 7
1419, 903.130, 384.450, 7
1420, 903.130, 392.950, 7
1421, 903.130, 401.450, 7
1422, 903.130, 409.950, 7
1423, 903.130, 418.450, 18
1424, 903.130, 426.950, 18
1425, 903.130, 435.450, 18
1426, 903.130, 443.950, 18
1427, 903.130, 452.450, 18
1428, 903.130, 460.950, 18
1429, 903.130, 469.450, 18
1430, 903.130, 477.950, 18
1431, 903.130, 486.450, 18
1432, 903.130, 494.950, 18
1433, 903.130, 503.450, 18
1434, 924.000, 44.450, 4
1435, 924.000, 52.950, 4
1436, 924.000, 61.450, 4
1437, 924.000, 69.950, 4
1438, 924.000, 78.450, 4
1439, 924.000, 86.950, 4
1440, 924.000, 95.450, 4
1441, 924.000, 103.950, 4
1442, 924.000, 112.450, 4
1443, 924.000, 120.950, 4
1444, 924.000, 129.450, 4
1445, 924.000, 137.950, 4
1446, 924.000, 146.450, 4
1447, 924.000, 154.950, 6
1448, 924.000, 163.450, 6
1449, 924.000, 171.950, 6
1450, 924.000, 180.450, 6
1451, 924.000, 188.950, 6
1452, 924.000, 197.450, 6
1453, 924.000, 205.950, 6
1454, 924.000, 214.450, 6
1455, 924.000, 222.950, 6
1456, 924.000, 231.450, 6
1457, 924.000, 239.950, 6
1458, 924.000, 248.450, 20
1459, 924.000, 256.950, 20
1460, 924.000, 265.450, 20
1461, 924.000, 273.950, 20
1462, 924.000, 282.450, 20
1463, 924.000, 290.950, 20
1464, 924.000, 299.450, 20
1465, 924.000, 307.950, 20
1466, 924.000, 316.450, 20
1467, 924.000, 324.950, 20
1468, 924.000, 333.450, 20
1469, 924.000, 341.950, 7
1470, 924.000, 350.450, 7
1471, 924.000, 358.950, 7
1472, 924.000, 367.450, 7
1473, 924.000, 375.950, 7
1474, 924.000, 384.450, 7
1475, 924.000, 392.950, 7
1476, 924.000, 401.450, 7
1477, 924.000, 409.950, 7
1478, 924.000, 418.450, 18
1479, 924.000, 426.950, 18
1480, 924.000, 435.450, 18
1481, 924.000, 443.950, 18
1482, 924.000, 452.450, 18
1483, 924.000, 460.950, 18
1484, 924.000, 469.450, 18
1485, 924.000, 477.950, 18
1486, 924.000, 486.450, 18
1487, 924.000, 494.950, 18
1488, 924.000, 503.450, 18
1489, 944.870, 44.450, 4
1490, 944.870, 52.950, 4
1491, 944.870, 61.450, 4
1492, 944.870, 69.950, 4
1493, 944.870, 78.450, 4
1494, 944.870, 86.950, 4
1495, 944.870, 95.450, 4
1496, 944.870, 103.950, 4
1497, 944.870, 112.450, 4
1498, 944.870, 120.950, 4
1499, 944.870, 129.450, 4
1500, 944.870, 137.950, 4
1501, 944.870, 146.450, 4
1502, 944.870, 154.950, 6
1503, 944.870, 163.450, 6
1504, 944.870, 171.950, 6
1505, 944.870, 180.450, 6
1506, 944.870, 188.950, 6
1507, 944.870, 197.450, 6
1508, 944.870, 205.950, 6
1509, 944.870, 214.450, 6
1510, 944.870, 222.950, 6
1511, 944.870, 231.450, 6
1512, 944.870, 239.950, 6
1513, 944.870, 248.450, 20
1514, 944.870, 256.950, 20
1515, 944.870, 265.450, 20
1516, 944.870, 273.950, 20
1517, 944.870, 282.450, 20
1518, 944.870, 290.950, 20
1519, 944.870, 299.450, 20
1520, 944.870, 307.950, 20
1521, 944.870, 316.450, 20
1522, 944.870, 324.950, 20
1523, 944.870, 333.450, 20
1524, 944.870, 341.950, 7
1525, 944.870, 350.450, 7
1526, 944.870, 358.950, 7
1527, 944.870, 367.450, 7
1528, 944.870, 375.950, 7
1529, 944.870, 384.450, 7
1530, 944.870, 392.950, 7
1531, 944.870, 401.450, 7
1532, 944.870, 409.950, 7
1533, 944.870, 418.450, 7
1534, 944.870, 426.950, 18
1535, 944.870, 435.450, 18
1536, 944.870, 443.950, 18
1537, 944.870, 452.450, 18
1538, 944.870, 460.950, 18
1539, 944.870, 469.450, 18
1540, 944.870, 477.950, 18
1541, 944.870, 486.450, 18
1542, 944.870, 494.950, 18
1543, 944.870, 503.450, 18
1544, 965.740, 35.950, 5
1545, 965.740, 44.450, 5
1546, 965.740, 52.950, 5
1547, 965.740, 61.450, 5
1548, 965.740, 69.950, 4
1549, 965.740, 78.450, 4
1550, 965.740, 86.950, 4
1551, 965.740, 95.450, 4
1552, 965.740, 103.950, 4
1553, 965.740, 112.450, 4
1554, 965.740, 120.950, 4
1555, 965.740, 129.450, 4
1556, 965.740, 137.950, 4
1557, 965.740, 146.450, 4
1558, 965.740, 154.950, 6
1559, 965.740, 163.450, 6
1560, 965.740, 171.950, 6
1561, 965.740, 180.450, 6
1562, 965.740, 188.950, 6
1563, 965.740, 197.450, 6
1564, 965.740, 205.950, 6
1565, 965.740, 214.450, 6
1566, 965.740, 222.950, 6
1567, 965.740, 231.450, 6
1568, 965.740, 239.950, 6
1569, 965.740, 248.450, 20
1570, 965.740, 256.950, 20
1571, 965.740, 265.450, 20
1572, 965.740, 273.950, 20
1573, 965.740, 282.450, 20
1574, 965.740, 290.950, 20
1575, 965.740, 299.450, 20
1576, 965.740, 307.950, 20
1577, 965.740, 316.450, 20
1578, 965.740, 324.950, 20
1579, 965.740, 333.450, 20
1580, 965.740, 341.950, 7
1581, 965.740, 350.450, 7
1582, 965.740, 358.950, 7
1583, 965.740, 367.450, 7
1584, 965.740, 375.950, 7
1585, 965.740, 384.450, 7
1586, 965.740, 392.950, 7
1587, 965.740, 401.450, 7
1588, 965.740, 409.950, 7
1589, 965.740, 418.450, 7
1590, 965.740, 426.950, 18
1591, 965.740, 435.450, 18
1592, 965.740, 443.950, 18
1593, 965.740, 452.450, 18
1594, 965.740, 460.950, 18
1595, 965.740, 469.450, 18
1596, 965.740, 477.950, 18
1597, 965.740, 486.450, 18
1598, 965.740, 494.950, 18
1599, 986.610, 27.450, 5
1600, 986.610, 35.950, 5
1601, 986.610, 44.450, 5
1602, 986.610, 52.950, 5
1603, 986.610, 61.450, 5
1604, 986.610, 69.950, 5
1605, 986.610, 78.450, 5
1606, 986.610, 86.950, 5
1607, 986.610, 95.450, 5
1608, 986.610, 103.950, 5
1609, 986.610, 112.450, 5
1610, 986.610, 120.950, 5
1611, 986.610, 129.450, 5
1612, 986.610, 137.950, 5
1613, 986.610, 146.450, 5
1614, 986.610, 154.950, 6
1615, 986.610, 163.450, 6
1616, 986.610, 171.950, 6
1617, 986.610, 180.450, 6
1618, 986.610, 188.950, 6
1619, 986.610, 197.450, 6
1620, 986.610, 205.950, 6
1621, 986.610, 214.450, 6
1622, 986.610, 222.950, 6
1623, 986.610, 231.450, 6
1624, 986.610, 239.950, 6
1625, 986.610, 248.450, 20
1626, 986.610, 256.950, 20
1627, 986.610, 265.450, 20
1628, 986.610, 273.950, 20
1629, 986.610, 282.450, 20
1630, 986.610, 290.950, 20
1631, 986.610, 299.450, 20
1632, 986.610, 307.950, 20
1633, 986.610, 316.450, 20
1634, 986.610, 324.950, 20
1635, 986.610, 333.450, 20
1636, 986.610, 341.950, 7
1637, 986.610, 350.450, 7
1638, 986.610, 358.950, 7
1639, 986.610, 367.450, 7
1640, 986.610, 375.950, 7
1641, 986.610, 384.450, 7
1642, 986.610, 392.950, 7
1643, 986.610, 401.450, 7
1644, 986.610, 409.950, 7
1645, 986.610, 418.450, 7
1646, 986.610, 426.950, 18
1647, 986.610, 435.450, 18
1648, 986.610, 443.950, 18
1649, 986.610, 452.450, 18
1650, 986.610, 460.950, 18
1651, 986.610, 469.450, 18
1652, 986.610, 477.950, 18
1653, 986.610, 486.450, 18
1654, 986.610, 494.950, 18
1655, 1007.480, 18.950, 5
1656, 1007.480, 27.450, 5
1657, 1007.480, 35.950, 5
1658, 1007.480, 44.450, 5
1659, 1007.480, 52.950, 5
1660, 1007.480, 61.450, 5
1661, 1007.480, 69.950, 5
1662, 1007.480, 78.450, 5
1663, 1007.480, 86.950, 5
1664, 1007.480, 95.450, 5
1665, 1007.480, 103.950, 5
1666, 1007.480, 112.450, 5
1667, 1007.480, 120.950, 5
1668, 1007.480, 129.450, 5
1669, 1007.480, 137.950, 5
1670, 1007.480, 146.450, 5
1671, 1007.480, 154.950, 6
1672, 1007.480, 163.450, 6
1673, 1007.480, 171.950, 6
1674, 1007.480, 180.450, 6
1675, 1007.480, 188.950, 6
1676, 1007.480, 197.450, 6
1677, 1007.480, 205.950, 6
1678, 1007.480, 214.450, 6
1679, 1007.480, 222.950, 6
1680, 1007.480, 231.450, 6
1681, 1007.480, 239.950, 6
1682, 1007.480, 248.450, 20
1683, 1007.480, 256.950, 20
1684, 1007.480, 265.450, 20
1685, 1007.480, 273.950, 20
1686, 1007.480, 282.450, 20
1687, 1007.480, 290.950, 20
1688, 1007.480, 299.450, 20
1689, 1007.480, 307.950, 20
1690, 1007.480, 316.450, 20
1691, 1007.480, 324.950, 20
1692, 1007.480, 333.450, 20
1693, 1007.480, 341.950, 7
1694, 1007.480, 350.450, 7
1695, 1007.480, 358.950, 7
1696, 1007.480, 367.450, 7
1697, 1007.480, 375.950, 7
1698, 1007.480, 384.450, 7
1699, 1007.480, 392.950, 7
1700, 1007.480, 401.450, 7
1701, 1007.480, 409.950, 7
1702, 1007.480, 418.450, 7
1703, 1007.480, 426.950, 18
1704, 1007.480, 435.450, 18
1705, 1007.480, 443.950, 18
1706, 1007.480, 452.450, 18
1707, 1007.480, 460.950, 18
1708, 1007.480, 469.450, 18
1709, 1007.480, 477.950, 18
1710, 1007.480, 486.450, 18
1711, 1007.480, 494.950, 18
1712, 1028.350, 35.950, 5
1713, 1028.350, 44.450, 5
1714, 1028.350, 52.950, 5
1715, 1028.350, 61.450, 5
1716, 1028.350, 69.950, 5
1717, 1028.350, 78.450, 5
1718, 1028.350, 86.950, 5
1719, 1028.350, 95.450, 5
1720, 1028.350, 103.950, 5
1721, 1028.350, 112.450, 5
1722, 1028.350, 120.950, 5
1723, 1028.350, 129.450, 5
1724, 1028.350, 137.950, 5
1725, 1028.350, 146.450, 5
1726, 1028.350, 154.950, 6
1727, 1028.350, 163.450, 6
1728, 1028.350, 171.950, 6
1729, 1028.350, 180.450, 6
1730, 1028.350, 188.950, 6
1731, 1028.350, 197.450, 6
1732, 1028.350, 205.950, 6
1733, 1028.350, 214.450, 6
1734, 1028.350, 222.950, 6
1735, 1028.350, 231.450, 6
1736, 1028.350, 239.950, 6
1737, 1028.350, 248.450, 20
1738, 1028.350, 256.950, 20
1739, 1028.350, 265.450, 20
1740, 1028.350, 273.950, 20
1741, 1028.350, 282.450, 20
1742, 1028.350, 290.950, 20
1743, 1028.350, 299.450, 20
1744, 1028.350, 307.950, 20
1745, 1028.350, 316.450, 20
1746, 1028.350, 324.950, 20
1747, 1028.350, 333.450, 20
1748, 1028.350, 341.950, 7
1749, 1028.350, 350.450, 7
1750, 1028.350, 358.950, 7
1751, 1028.350, 367.450, 7
1752, 1028.350, 375.950, 7
1753, 1028.350, 384.450, 7
1754, 1028.350, 392.950, 7
1755, 1028.350, 401.450, 7
1756, 1028.350, 409.950, 7
1757, 1028.350, 418.450, 7
1758, 1028.350, 426.950, 18
1759, 1028.350, 435.450, 18
1760, 1028.350, 443.950, 18
1761, 1028.350, 452.450, 18
1762, 1028.350, 460.950, 18
1763, 1028.350, 469.450, 18
1764, 1028.350, 477.950, 18
1765, 1028.350, 486.450, 18
1766, 1028.350, 494.950, 18
1767, 1049.220, 52.950, 5
1768, 1049.220, 61.450, 5
1769, 1049.220, 69.950, 5
1770, 1049.220, 78.450, 5
1771, 1049.220, 86.950, 5
1772, 1049.220, 95.450, 5
1773, 1049.220, 103.950, 5
1774, 1049.220, 112.450, 5
1775, 1049.220, 120.950, 5
1776, 1049.220, 129.450, 5
1777, 1049.220, 137.950, 5
1778, 1049.220, 146.450, 5
1779, 1049.220, 154.950, 5
1780, 1049.220, 163.450, 6
1781, 1049.220, 171.950, 6
1782, 1049.220, 180.450, 6
1783, 1049.220, 188.950, 6
1784, 1049.220, 197.450, 6
1785, 1049.220, 205.950, 6
1786, 1049.220, 214.450, 6
1787, 1049.220, 222.950, 6
1788, 1049.220, 231.450, 6
1789, 1049.220, 239.950, 6
1790, 1049.220, 248.450, 20
1791, 1049.220, 256.950, 20
1792, 1049.220, 265.450, 20
1793, 1049.220, 273.950, 20
1794, 1049.220, 282.450, 20
1795, 1049.220, 290.950, 20
1796, 1049.220, 299.450, 20
1797, 1049.220, 307.950, 20
1798, 1049.220, 316.450, 20
1799, 1049.220, 324.950, 20
1800, 1049.220, 333.450, 20
1801, 1049.220, 341.950, 7
1802, 1049.220, 350.450, 7
1803, 1049.220, 358.950, 7
1804, 1049.220, 367.450, 7
1805, 1049.220, 375.950, 7
1806, 1049.220, 384.450, 7
1807, 1049.220, 392.950, 7
1808, 1049.220, 401.450, 7
1809, 1049.220, 409.950, 7
1810, 1049.220, 418.450, 7
1811, 1049.220, 426.950, 18
1812, 1049.220, 435.450, 18
1813, 1049.220, 443.950, 18
1814, 1049.220, 452.450, 18
1815, 1049.220, 460.950, 18
1816, 1049.220, 469.450, 18
1817, 1049.220, 477.950, 18
1818, 1049.220, 486.450, 18
1819, 1070.090, 61.450, 5
1820, 1070.090, 69.950, 5
1821, 1070.090, 78.450, 5
1822, 1070.090, 86.950, 5
1823, 1070.090, 95.450, 5
1824, 1070.090, 103.950, 5
1825, 1070.090, 112.450, 5
1826, 1070.090, 120.950, 5
1827, 1070.090, 129.450, 5
1828, 1070.090, 137.950, 5
1829, 1070.090, 146.450, 5
1830, 1070.090, 154.950, 5
1831, 1070.090, 163.450, 9
1832, 1070.090, 171.950, 9
1833, 1070.090, 180.450, 6
1834, 1070.090, 188.950, 6
1835, 1070.090, 197.450, 6
1836, 1070.090, 205.950, 6
1837, 1070.090, 214.450, 6
1838, 1070.090, 222.950, 6
1839, 1070.090, 231.450, 6
1840, 1070.090, 239.950, 6
1841, 1070.090, 248.450, 20
1842, 1070.090, 256.950, 20
1843, 1070.090, 265.450, 20
1844, 1070.090, 273.950, 20
1845, 1070.090, 282.450, 20
1846, 1070.090, 290.950, 20
1847, 1070.090, 299.450, 20
1848, 1070.090, 307.950, 20
1849, 1070.090, 316.450, 20
1850, 1070.090, 324.950, 20
1851, 1070.090, 333.450, 20
1852, 1070.090, 341.950, 7
1853, 1070.090, 350.450, 7
1854, 1070.090, 358.950, 7
1855, 1070.090, 367.450, 7
1856, 1070.090, 375.950, 7
1857, 1070.090, 384.450, 7
1858, 1070.090, 392.950, 7
1859, 1070.090, 401.450, 7
1860, 1070.090, 409.950, 7
1861, 1070.090, 418.450, 7
1862, 1070.090, 426.950, 18
1863, 1070.090, 435.450, 18
1864, 1070.090, 443.950, 18
1865, 1070.090, 452.450, 18
1866, 1070.090, 460.950, 18
1867, 1070.090, 469.450, 18
1868, 1070.090, 477.950, 18
1869, 1070.090, 486.450, 18
1870, 1090.960, 78.450, 5
1871, 1090.960, 86.950, 5
1872, 1090.960, 95.450, 5
1873, 1090.960, 103.950, 5
1874, 1090.960, 112.450, 5
1875, 1090.960, 120.950, 5
1876, 1090.960, 129.450, 5
1877, 1090.960, 137.950, 5
1878, 1090.960, 146.450, 5
1879, 1090.960, 154.950, 5
1880, 1090.960, 163.450, 9
1881, 1090.960, 171.950, 9
1882, 1090.960, 180.450, 9
1883, 1090.960, 188.950, 9
1884, 1090.960, 197.450, 9
1885, 1090.960, 205.950, 9
1886, 1090.960, 214.450, 9
1887, 1090.960, 222.950, 9
1888, 1090.960, 231.450, 9
1889, 1090.960, 239.950, 9
1890, 1090.960, 248.450, 20
1891, 1090.960, 256.950, 20
1892, 1090.960, 265.450, 20
1893, 1090.960, 273.950, 20
1894, 1090.960, 282.450, 20
1895, 1090.960, 290.950, 20
1896, 1090.960, 299.450, 20
1897, 1090.960, 307.950, 20
1898, 1090.960, 316.450, 20
1899, 1090.960, 324.950, 20
1900, 1090.960, 333.450, 20
1901, 1090.960, 341.950, 7
1902, 1090.960, 350.450, 7
1903, 1090.960, 358.950, 7
1904, 1090.960, 367.450, 7
1905, 1090.960, 375.950, 7
1906, 1090.960, 384.450, 7
1907, 1090.960, 392.950, 7
1908, 1090.960, 401.450, 7
1909, 1090.960, 409.950, 7
1910, 1090.960, 418.450, 7
1911, 1090.960, 426.950, 18
1912, 1090.960, 435.450, 18
1913, 1090.960, 443.950, 18
1914, 1090.960, 452.450, 18
1915, 1090.960, 460.950, 18
1916, 1090.960, 469.450, 18
1917, 1090.960, 477.950, 18
1918, 1090.960, 486.450, 18
1919, 1111.830, 95.450, 5
1920, 1111.830, 103.950, 5
1921, 1111.830, 112.450, 5
1922, 1111.830, 120.950, 5
1923, 1111.830, 129.450, 5
1924, 1111.830, 137.950, 5
1925, 1111.830, 146.450, 5
1926, 1111.830, 154.950, 5
1927, 1111.830, 163.450, 9
1928, 1111.830, 171.950, 9
1929, 1111.830, 180.450, 9
1930, 1111.830, 188.950, 9
1931, 1111.830, 197.450, 9
1932, 1111.830, 205.950, 9
1933, 1111.830, 214.450, 9
1934, 1111.830, 222.950, 9
1935, 1111.830, 231.450, 9
1936, 1111.830, 239.950, 9
1937, 1111.830, 248.450, 9
1938, 1111.830, 256.950, 20
1939, 1111.830, 265.450, 20
1940, 1111.830, 273.950, 20
1941, 1111.830, 282.450, 20
1942, 1111.830, 290.950, 20
1943, 1111.830, 299.450, 20
1944, 1111.830, 307.950, 20
1945, 1111.830, 316.450, 20
1946, 1111.830, 324.950, 20
1947, 1111.830, 333.450, 20
1948, 1111.830, 341.950, 7
1949, 1111.830, 350.450, 7
1950, 1111.830, 358.950, 7
1951, 1111.830, 367.450, 7
1952, 1111.830, 375.950, 7
1953, 1111.830, 384.450, 7
1954, 1111.830, 392.950, 7
1955, 1111.830, 401.450, 7
1956, 1111.830, 409.950, 7
1957, 1111.830, 418.450, 7
1958, 1111.830, 426.950, 18
1959, 1111.830, 435.450, 18
1960, 1111.830, 443.950, 18
1961, 1111.830, 452.450, 18
1962, 1111.830, 460.950, 18
1963, 1111.830, 469.450, 18
1964, 1111.830, 477.950, 18
1965, 1111.830, 486.450, 18
1966, 1132.700, 103.950, 5
1967, 1132.700, 112.450, 5
1968, 1132.700, 120.950, 5
1969, 1132.700, 129.450, 5
1970, 1132.700, 137.950, 5
1971, 1132.700, 146.450, 5
1972, 1132.700, 154.950, 5
1973, 1132.700, 163.450, 9
1974, 1132.700, 171.950, 9
1975, 1132.700, 180.450, 9
1976, 1132.700, 188.950, 9
1977, 1132.700, 197.450, 9
1978, 1132.700, 205.950, 9
1979, 1132.700, 214.450, 9
1980, 1132.700, 222.950, 9
1981, 1132.700, 231.450, 9
1982, 1132.700, 239.950, 9
1983, 1132.700, 248.450, 9
1984, 1132.700, 256.950, 9
1985, 1132.700, 265.450, 2
1986, 1132.700, 273.950, 2
1987, 1132.700, 282.450, 2
1988, 1132.700, 290.950, 2
1989, 1132.700, 299.450, 2
1990, 1132.700, 307.950, 2
1991, 1132.700, 316.450, 2
1992, 1132.700, 324.950, 2
1993, 1132.700, 333.450, 16
1994, 1132.700, 341.950, 16
1995, 1132.700, 350.450, 16
1996, 1132.700, 358.950, 16
1997, 1132.700, 367.450, 16
1998, 1132.700, 375.950, 16
1999, 1132.700, 384.450, 7
2000, 1132.700, 392.950, 7
2001, 1132.700, 401.450, 7
2002, 1132.700, 409.950, 1
2003, 1132.700, 418.450, 1
2004, 1132.700, 426.950, 1
2005, 1132.700, 435.450, 1
2006, 1132.700, 443.950, 1
2007, 1132.700, 452.450, 1
2008, 1132.700, 460.950, 1
2009, 1132.700, 469.450, 1
2010, 1132.700, 477.950, 1
2011, 1153.570, 120.950, 5
2012, 1153.570, 129.450, 5
2013, 1153.570, 137.950, 5
2014, 1153.570, 146.450, 5
2015, 1153.570, 154.950, 5
2016, 1153.570, 163.450, 9
2017, 1153.570, 171.950, 9
2018, 1153.570, 180.450, 9
2019, 1153.570, 188.950, 9
2020, 1153.570, 197.450, 9
2021, 1153.570, 205.950, 9
2022, 1153.570, 214.450, 9
2023, 1153.570, 222.950, 9
2024, 1153.570, 231.450, 9
2025, 1153.570, 239.950, 9
2026, 1153.570, 248.450, 9
2027, 1153.570, 256.950, 9
2028, 1153.570, 265.450, 2
2029, 1153.570, 273.950, 2
2030, 1153.570, 282.450, 2
2031, 1153.570, 290.950, 2
2032, 1153.570, 299.450, 2
2033, 1153.570, 307.950, 2
2034, 1153.570, 316.450, 2
2035, 1153.570, 324.950, 2
2036, 1153.570, 333.450, 16
2037, 1153.570, 341.950, 16
2038, 1153.570, 350.450, 16
2039, 1153.570, 358.950, 16
2040, 1153.570, 367.450, 16
2041, 1153.570, 375.950, 16
2042, 1153.570, 384.450, 16
2043, 1153.570, 392.950, 16
2044, 1153.570, 401.450, 16
2045, 1153.570, 409.950, 1
2046, 1153.570, 418.450, 1
2047, 1153.570, 426.950, 1
2048, 1153.570, 435.450, 1
2049, 1153.570, 443.950, 1
2050, 1153.570, 452.450, 1
2051, 1153.570, 460.950, 1
2052, 1153.570, 469.450, 1
2053, 1153.570, 477.950, 1
2054, 1174.440, 137.950, 5
2055, 1174.440, 146.450, 5
2056, 1174.440, 154.950, 5
2057, 1174.440, 163.450, 9
2058, 1174.440, 171.950, 9
2059, 1174.440, 180.450, 9
2060, 1174.440, 188.950, 9
2061, 1174.440, 197.450, 9
2062, 1174.440, 205.950, 9
2063, 1174.440, 214.450, 9
2064, 1174.440, 222.950, 9
2065, 1174.440, 231.450, 9
2066, 1174.440, 239.950, 9
2067, 1174.440, 248.450, 9
2068, 1174.440, 256.950, 9
2069, 1174.440, 265.450, 2
2070, 1174.440, 273.950, 2
2071, 1174.440, 282.450, 2
2072, 1174.440, 290.950, 2
2073, 1174.440, 299.450, 2
2074, 1174.440, 307.950, 2
2075, 1174.440, 316.450, 2
2076, 1174.440, 324.950, 2
2077, 1174.440, 333.450, 16
2078, 1174.440, 341.950, 16
2079, 1174.440, 350.450, 16
2080, 1174.440, 358.950, 16
2081, 1174.440, 367.450, 16
2082, 1174.440, 375.950, 16
2083, 1174.440, 384.450, 16
2084, 1174.440, 392.950, 16
2085, 1174.440, 401.450, 16
2086, 1174.440, 409.950, 1
2087, 1174.440, 418.450, 1
2088, 1174.440, 426.950, 1
2089, 1174.440, 435.450, 1
2090, 1174.440, 443.950, 1
2091, 1174.440, 452.450, 1
2092, 1174.440, 460.950, 1
2093, 1174.440, 469.450, 1
2094, 1174.440, 477.950, 1
2095, 1195.310, 146.450, 5
2096, 1195.310, 154.950, 5
2097, 1195.310, 163.450, 9
2098, 1195.310, 171.950, 9
2099, 1195.310, 180.450, 9
2100, 1195.310, 188.950, 9
2101, 1195.310, 197.450, 9
2102, 1195.310, 205.950, 9
2103, 1195.310, 214.450, 9
2104, 1195.310, 222.950, 9
2105, 1195.310, 231.450, 9
2106, 1195.310, 239.950, 9
2107, 1195.310, 248.450, 9
2108, 1195.310, 256.950, 9
2109, 1195.310, 265.450, 2
2110, 1195.310, 273.950, 2
2111, 1195.310, 282.450, 2
2112, 1195.310, 290.950, 2
2113, 1195.310, 299.450, 2
2114, 1195.310, 307.950, 2
2115, 1195.310, 316.450, 2
2116, 1195.310, 324.950, 2
2117, 1195.310, 333.450, 16
2118, 1195.310, 341.950, 16
2119, 1195.310, 350.450, 16
2120, 1195.310, 358.950, 16
2121, 1195.310, 367.450, 16
2122, 1195.310, 375.950, 16
2123, 1195.310, 384.450, 16
2124, 1195.310, 392.950, 16
2125, 1195.310, 401.450, 16
2126, 1195.310, 409.950, 1
2127, 1195.310, 418.450, 1
2128, 1195.310, 426.950, 1
2129, 1195.310, 435.450, 1
2130, 1195.310, 443.950, 1
2131, 1195.310, 452.450, 1
2132, 1195.310, 460.950, 1
2133, 1195.310, 469.450, 1
2134, 1195.310, 477.950, 1
2135, 1216.180, 163.450, 9
2136, 1216.180, 171.950, 9
2137, 1216.180, 180.450, 9
2138, 1216.180, 188.950, 9
2139, 1216.180, 197.450, 9
2140, 1216.180, 205.950, 9
2141, 1216.180, 214.450, 9
2142, 1216.180, 222.950, 9
2143, 1216.180, 231.450, 9
2144, 1216.180, 239.950, 9
2145, 1216.180, 248.450, 9
2146, 1216.180, 256.950, 9
2147, 1216.180, 265.450, 2
2148, 1216.180, 273.950, 2
2149, 1216.180, 282.450, 2
2150, 1216.180, 290.950, 2
2151, 1216.180, 299.450, 2
2152, 1216.180, 307.950, 2
2153, 1216.180, 316.450, 2
2154, 1216.180, 324.950, 2
2155, 1216.180, 333.450, 16
2156, 1216.180, 341.950, 16
2157, 1216.180, 350.450, 16
2158, 1216.180, 358.950, 16
2159, 1216.180, 367.450, 16
2160, 1216.180, 375.950, 16
2161, 1216.180, 384.450, 16
2162, 1216.180, 392.950, 16
2163, 1216.180, 401.450, 16
2164, 1216.180, 409.950, 1
2165, 1216.180, 418.450, 1
2166, 1216.180, 426.950, 1
2167, 1216.180, 435.450, 1
2168, 1216.180, 443.950, 1
2169, 1216.180, 452.450, 1
2170, 1216.180, 460.950, 1
2171, 1216.180, 469.450, 1
2172, 1237.050, 180.450, 9
2173, 1237.050, 188.950, 9
2174, 1237.050, 197.450, 9
2175, 1237.050, 205.950, 9
2176, 1237.050, 214.450, 9
2177, 1237.050, 222.950, 9
2178, 1237.050, 231.450, 9
2179, 1237.050, 239.950, 9
2180, 1237.050, 248.450, 9
2181, 1237.050, 256.950, 2
2182, 1237.050, 265.450, 2
2183, 1237.050, 273.950, 2
2184, 1237.050, 282.450, 2
2185, 1237.050, 290.950, 2
2186, 1237.050, 299.450, 2
2187, 1237.050, 307.950, 2
2188, 1237.050, 316.450, 2
2189, 1237.050, 324.950, 2
2190, 1237.050, 333.450, 2
2191, 1237.050, 341.950, 16
2192, 1237.050, 350.450, 16
2193, 1237.050, 358.950, 16
2194, 1237.050, 367.450, 16
2195, 1237.050, 375.950, 16
2196, 1237.050, 384.450, 16
2197, 1237.050, 392.950, 16
2198, 1237.050, 401.450, 16
2199, 1237.050, 409.950, 1
2200, 1237.050, 418.450, 1
2201, 1237.050, 426.950, 1
2202, 1237.050, 435.450, 1
2203, 1237.050, 443.950, 1
2204, 1237.050, 452.450, 1
2205, 1237.050, 460.950, 1
2206, 1237.050, 469.450, 1
2207, 1257.920, 197.450, 9
2208, 1257.920, 205.950, 9
2209, 1257.920, 214.450, 9
2210, 1257.920, 222.950, 9
2211, 1257.920, 231.450, 9
2212, 1257.920, 239.950, 9
2213, 1257.920, 248.450, 9
2214, 1257.920, 256.950, 2
2215, 1257.920, 265.450, 2
2216, 1257.920, 273.950, 2
2217, 1257.920, 282.450, 2
2218, 1257.920, 290.950, 2
2219, 1257.920, 299.450, 2
2220, 1257.920, 307.950, 2
2221, 1257.920, 316.450, 2
2222, 1257.920, 324.950, 2
2223, 1257.920, 333.450, 2
2224, 1257.920, 341.950, 16
2225, 1257.920, 350.450, 16
2226, 1257.920, 358.950, 16
2227, 1257.920, 367.450, 16
2228, 1257.920, 375.950, 16
2229, 1257.920, 384.450, 16
2230, 1257.920, 392.950, 16
2231, 1257.920, 401.450, 16
2232, 1257.920, 409.950, 1
2233, 1257.920, 418.450, 1
2234, 1257.920, 426.950, 1
2235, 1257.920, 435.450, 1
2236, 1257.920, 443.950, 1
2237, 1257.920, 452.450, 1
2238, 1257.920, 460.950, 1
2239, 1257.920, 469.450, 1
2240, 1278.790, 214.450, 9
2241, 1278.790, 222.950, 9
2242, 1278.790, 231.450, 9
2243, 1278.790, 239.950, 9
2244, 1278.790, 248.450, 9
2245, 1278.790, 256.950, 2
2246, 1278.790, 265.450, 2
2247, 1278.790, 273.950, 2
2248, 1278.790, 282.450, 2
2249, 1278.790, 290.950, 2
2250, 1278.790, 299.450, 2
2251, 1278.790, 307.950, 2
2252, 1278.790, 316.450, 2
2253, 1278.790, 324.950, 2
2254, 1278.790, 333.450, 2
2255, 1278.790, 341.950, 16
2256, 1278.790, 350.450, 16
2257, 1278.790, 358.950, 16
2258, 1278.790, 367.450, 16
2259, 1278.790, 375.950, 16
2260, 1278.790, 384.450, 16
2261, 1278.790, 392.950, 16
2262, 1278.790, 401.450, 16
2263, 1278.790, 409.950, 1
2264, 1278.790, 418.450, 1
2265, 1278.790, 426.950, 1
2266, 1278.790, 435.450, 1
2267, 1278.790, 443.950, 1
2268, 1278.790, 452.450, 1
2269, 1278.790, 460.950, 1
2270, 1299.660, 231.450, 9
2271, 1299.660, 239.950, 9
2272, 1299.660, 248.450, 9
2273, 1299.660, 256.950, 2
2274, 1299.660, 265.450, 2
2275, 1299.660, 273.950, 2
2276, 1299.660, 282.450, 2
2277, 1299.660, 290.950, 2
2278, 1299.660, 299.450, 2
2279, 1299.660, 307.950, 2
2280, 1299.660, 316.450, 2
2281, 1299.660, 324.950, 2
2282, 1299.660, 333.450, 2
2283, 1299.660, 341.950, 16
2284, 1299.660, 350.450, 16
2285, 1299.660, 358.950, 16
2286, 1299.660, 367.450, 16
2287, 1299.660, 375.950, 16
2288, 1299.660, 384.450, 16
2289, 1299.660, 392.950, 16
2290, 1299.660, 401.450, 16
2291, 1299.660, 409.950, 1
2292, 1299.660, 418.450, 1
2293, 1299.660, 426.950, 1
2294, 1299.660, 435.450, 1
2295, 1299.660, 443.950, 1
2296, 1299.660, 452.450, 1
2297, 1320.530, 239.950, 9
2298, 1320.530, 248.450, 9
2299, 1320.530, 256.950, 2
2300, 1320.530, 265.450, 2
2301, 1320.530, 273.950, 2
2302, 1320.530, 282.450, 2
2303, 1320.530, 290.950, 2
2304, 1320.530, 299.450, 2
2305, 1320.530, 307.950, 2
2306, 1320.530, 316.450, 2
2307, 1320.530, 324.950, 2
2308, 1320.530, 333.450, 2
2309, 1320.530, 341.950, 16
2310, 1320.530, 350.450, 16
2311, 1320.530, 358.950, 16
2312, 1320.530, 367.450, 16
2313, 1320.530, 375.950, 16
2314, 1320.530, 384.450, 16
2315, 1320.530, 392.950, 16
2316, 1320.530, 401.450, 16
2317, 1320.530, 409.950, 1
2318, 1320.530, 418.450, 1
2319, 1320.530, 426.950, 1
2320, 1320.530, 435.450, 1
2321, 1320.530, 443.950, 1
2322, 1320.530, 452.450, 1
2323, 1341.400, 265.450, 2
2324, 1341.400, 273.950, 2
2325, 1341.400, 282.450, 2
2326, 1341.400, 290.950, 2
2327, 1341.400, 299.450, 2
2328, 1341.400, 307.950, 2
2329, 1341.400, 316.450, 2
2330, 1341.400, 324.950, 2
2331, 1341.400, 333.450, 2
2332, 1341.400, 341.950, 16
2333, 1341.400, 350.450, 16
2334, 1341.400, 358.950, 16
2335, 1341.400, 367.450, 16
2336, 1341.400, 375.950, 16
2337, 1341.400, 384.450, 16
2338, 1341.400, 392.950, 16
2339, 1341.400, 401.450, 16
2340, 1341.400, 409.950, 1
2341, 1341.400, 418.450, 1
2342, 1341.400, 426.950, 1
2343, 1341.400, 435.450, 1
2344, 1341.400, 443.950, 1
2345, 1341.400, 452.450, 1
2346, 1362.270, 290.950, 2
2347, 1362.270, 299.450, 2
2348, 1362.270, 307.950, 2
2349, 1362.270, 316.450, 2
2350, 1362.270, 324.950, 2
2351, 1362.270, 333.450, 2
2352, 1362.270, 341.950, 16
2353, 1362.270, 350.450, 16
2354, 1362.270, 358.950, 16
2355, 1362.270, 367.450, 16
2356, 1362.270, 375.950, 16
2357, 1362.270, 384.450, 16
2358, 1362.270, 392.950, 16
2359, 1362.270, 401.450, 1
2360, 1362.270, 409.950, 1
2361, 1362.270, 418.450, 1
2362, 1362.270, 426.950, 1
2363, 1362.270, 435.450, 1
2364, 1362.270, 443.950, 1
2365, 1362.270, 452.450, 1
2366, 1383.140, 307.950, 2
2367, 1383.140, 316.450, 2
2368, 1383.140, 324.950, 2
2369, 1383.140, 333.450, 2
2370, 1383.140, 341.950, 16
2371, 1383.140, 350.450, 16
2372, 1383.140, 358.950, 16
2373, 1383.140, 367.450, 16
2374, 1383.140, 375.950, 16
2375, 1383.140, 384.450, 16
2376, 1383.140, 392.950, 16
2377, 1383.140, 401.450, 1
2378, 1383.140, 409.950, 1
2379, 1383.140, 418.450, 1
2380, 1383.140, 426.950, 1
2381, 1383.140, 435.450, 1
2382, 1383.140, 443.950, 1
2383, 1404.010, 358.950, 16
2384, 1404.010, 367.450, 16
2385, 1404.010, 375.950, 16
2386, 1404.010, 384.450, 16
2387, 1404.010, 392.950, 16
2388, 1404.010, 401.450, 1
2389, 1404.010, 409.950, 1
2390, 1404.010, 418.450, 1
2391, 1404.010, 426.950, 1
2392, 1404.010, 435.450, 1
2393, 1404.010, 443.950, 1
2394, 1424.880, 409.950, 1
2395, 1424.880, 418.450, 1
2396, 1424.880, 426.950, 1
2397, 1424.880, 435.450, 1
2398, 1424.880, 443.950, 1
