1, 139.390, 11.840, 8
2, 160.260, 11.840, 8
3, 181.130, 11.840, 8
4, 202.000, 11.840, 8
5, 222.870, 11.840, 8
6, 139.390, 20.340, 8
7, 160.260, 20.340, 8
8, 181.130, 20.340, 8
9, 202.000, 20.340, 8
10, 222.870, 20.340, 8
11, 243.740, 20.340, 8
12, 264.610, 20.340, 8
13, 285.480, 20.340, 8
14, 306.350, 20.340, 8
15, 139.390, 28.840, 8
16, 160.260, 28.840, 8
17, 181.130, 28.840, 8
18, 202.000, 28.840, 8
19, 222.870, 28.840, 8
20, 243.740, 28.840, 8
21, 264.610, 28.840, 8
22, 285.480, 28.840, 8
23, 306.350, 28.840, 8
24, 327.220, 28.840, 8
25, 348.090, 28.840, 8
26, 368.960, 28.840, 8
27, 389.830, 28.840, 8
28, 139.390, 37.340, 8
29, 160.260, 37.340, 8
30, 181.130, 37.340, 8
31, 202.000, 37.340, 8
32, 222.870, 37.340, 8
33, 243.740, 37.340, 8
34, 264.610, 37.340, 8
35, 285.480, 37.340, 8
36, 306.350, 37.340, 8
37, 327.220, 37.340, 8
38, 348.090, 37.340, 8
39, 368.960, 37.340, 8
40, 389.830, 37.340, 8
41, 410.700, 37.340, 8
42, 431.570, 37.340, 8
43, 452.440, 37.340, 12
44, 139.390, 45.840, 8
45, 160.260, 45.840, 8
46, 181.130, 45.840, 8
47, 202.000, 45.840, 8
48, 222.870, 45.840, 8
49, 243.740, 45.840, 8
50, 264.610, 45.840, 8
51, 285.480, 45.840, 8
52, 306.350, 45.840, 8
53, 327.220, 45.840, 8
54, 348.090, 45.840, 8
55, 368.960, 45.840, 8
56, 389.830, 45.840, 8
57, 410.700, 45.840, 8
58, 431.570, 45.840, 8
59, 452.440, 45.840, 12
60, 473.310, 45.840, 12
61, 494.180, 45.840, 12
62, 515.050, 45.840, 12
63, 535.920, 45.840, 12
64, 139.390, 54.340, 8
65, 160.260, 54.340, 8
66, 181.130, 54.340, 8
67, 202.000, 54.340, 8
68, 222.870, 54.340, 8
69, 243.740, 54.340, 8
70, 264.610, 54.340, 8
71, 285.480, 54.340, 8
72, 306.350, 54.340, 8
73, 327.220, 54.340, 8
74, 348.090, 54.340, 8
75, 368.960, 54.340, 8
76, 389.830, 54.340, 8
77, 410.700, 54.340, 8
78, 431.570, 54.340, 8
79, 452.440, 54.340, 12
80, 473.310, 54.340, 12
81, 494.180, 54.340, 12
82, 515.050, 54.340, 12
83, 535.920, 54.340, 12
84, 556.790, 54.340, 12
85, 577.660, 54.340, 12
86, 598.530, 54.340, 12
87, 619.400, 54.340, 12
88, 139.390, 62.840, 8
89, 160.260, 62.840, 8
90, 181.130, 62.840, 8
91, 202.000, 62.840, 8
92, 222.870, 62.840, 8
93, 243.740, 62.840, 8
94, 264.610, 62.840, 8
95, 285.480, 62.840, 8
96, 306.350, 62.840, 8
97, 327.220, 62.840, 8
98, 348.090, 62.840, 8
99, 368.960, 62.840, 8
100, 389.830, 62.840, 8
101, 410.700, 62.840, 8
102, 431.570, 62.840, 8
103, 452.440, 62.840, 12
104, 473.310, 62.840, 12
105, 494.180, 62.840, 12
106, 515.050, 62.840, 12
107, 535.920, 62.840, 12
108, 556.790, 62.840, 12
109, 577.660, 62.840, 12
110, 598.530, 62.840, 12
111, 619.400, 62.840, 12
112, 640.270, 62.840, 12
113, 661.140, 62.840, 12
114, 682.010, 62.840, 12
115, 702.880, 62.840, 12
116, 139.390, 71.340, 8
117, 160.260, 71.340, 8
118, 181.130, 71.340, 8
119, 202.000, 71.340, 8
120, 222.870, 71.340, 8
121, 243.740, 71.340, 8
122, 264.610, 71.340, 8
123, 285.480, 71.340, 8
124, 306.350, 71.340, 8
125, 327.220, 71.340, 8
126, 348.090, 71.340, 8
127, 368.960, 71.340, 8
128, 389.830, 71.340, 8
129, 410.700, 71.340, 8
130, 431.570, 71.340, 8
131, 452.440, 71.340, 12
132, 473.310, 71.340, 12
133, 494.180, 71.340, 12
134, 515.050, 71.340, 12
135, 535.920, 71.340, 12
136, 556.790, 71.340, 12
137, 577.660, 71.340, 12
138, 598.530, 71.340, 12
139, 619.400, 71.340, 12
140, 640.270, 71.340, 12
141, 661.140, 71.340, 12
142, 682.010, 71.340, 12
143, 702.880, 71.340, 12
144, 160.260, 79.840, 11
145, 181.130, 79.840, 11
146, 202.000, 79.840, 11
147, 222.870, 79.840, 11
148, 243.740, 79.840, 11
149, 264.610, 79.840, 11
150, 285.480, 79.840, 11
151, 306.350, 79.840, 8
152, 327.220, 79.840, 8
153, 348.090, 79.840, 8
154, 368.960, 79.840, 8
155, 389.830, 79.840, 8
156, 410.700, 79.840, 8
157, 431.570, 79.840, 8
158, 452.440, 79.840, 12
159, 473.310, 79.840, 12
160, 494.180, 79.840, 12
161, 515.050, 79.840, 12
162, 535.920, 79.840, 12
163, 556.790, 79.840, 12
164, 577.660, 79.840, 12
165, 598.530, 79.840, 12
166, 619.400, 79.840, 12
167, 640.270, 79.840, 12
168, 661.140, 79.840, 12
169, 682.010, 79.840, 12
170, 702.880, 79.840, 12
171, 160.260, 88.340, 11
172, 181.130, 88.340, 11
173, 202.000, 88.340, 11
174, 222.870, 88.340, 11
175, 243.740, 88.340, 11
176, 264.610, 88.340, 11
177, 285.480, 88.340, 11
178, 306.350, 88.340, 11
179, 327.220, 88.340, 11
180, 348.090, 88.340, 11
181, 368.960, 88.340, 11
182, 389.830, 88.340, 11
183, 410.700, 88.340, 11
184, 431.570, 88.340, 11
185, 452.440, 88.340, 12
186, 473.310, 88.340, 12
187, 494.180, 88.340, 12
188, 515.050, 88.340, 12
189, 535.920, 88.340, 12
190, 556.790, 88.340, 12
191, 577.660, 88.340, 12
192, 598.530, 88.340, 12
193, 619.400, 88.340, 12
194, 640.270, 88.340, 12
195, 661.140, 88.340, 12
196, 682.010, 88.340, 12
197, 702.880, 88.340, 12
198, 160.260, 96.840, 11
199, 181.130, 96.840, 11
200, 202.000, 96.840, 11
201, 222.870, 96.840, 11
202, 243.740, 96.840, 11
203, 264.610, 96.840, 11
204, 285.480, 96.840, 11
205, 306.350, 96.840, 11
206, 327.220, 96.840, 11
207, 348.090, 96.840, 11
208, 368.960, 96.840, 11
209, 389.830, 96.840, 11
210, 410.700, 96.840, 11
211, 431.570, 96.840, 11
212, 452.440, 96.840, 12
213, 473.310, 96.840, 12
214, 494.180, 96.840, 12
215, 515.050, 96.840, 12
216, 535.920, 96.840, 12
217, 556.790, 96.840, 12
218, 577.660, 96.840, 12
219, 598.530, 96.840, 12
220, 619.400, 96.840, 12
221, 640.270, 96.840, 12
222, 661.140, 96.840, 12
223, 682.010, 96.840, 12
224, 702.880, 96.840, 12
225, 160.260, 105.340, 11
226, 181.130, 105.340, 11
227, 202.000, 105.340, 11
228, 222.870, 105.340, 11
229, 243.740, 105.340, 11
230, 264.610, 105.340, 11
231, 285.480, 105.340, 11
232, 306.350, 105.340, 11
233, 327.220, 105.340, 11
234, 348.090, 105.340, 11
235, 368.960, 105.340, 11
236, 389.830, 105.340, 11
237, 410.700, 105.340, 11
238, 431.570, 105.340, 11
239, 452.440, 105.340, 12
240, 473.310, 105.340, 12
241, 494.180, 105.340, 12
242, 515.050, 105.340, 12
243, 535.920, 105.340, 12
244, 556.790, 105.340, 12
245, 577.660, 105.340, 12
246, 598.530, 105.340, 12
247, 619.400, 105.340, 12
248, 640.270, 105.340, 12
249, 661.140, 105.340, 12
250, 682.010, 105.340, 12
251, 702.880, 105.340, 12
252, 160.260, 113.840, 11
253, 181.130, 113.840, 11
254, 202.000, 113.840, 11
255, 222.870, 113.840, 11
256, 243.740, 113.840, 11
257, 264.610, 113.840, 11
258, 285.480, 113.840, 11
259, 306.350, 113.840, 11
260, 327.220, 113.840, 11
261, 348.090, 113.840, 11
262, 368.960, 113.840, 11
263, 389.830, 113.840, 11
264, 410.700, 113.840, 11
265, 431.570, 113.840, 11
266, 452.440, 113.840, 12
267, 473.310, 113.840, 12
268, 494.180, 113.840, 12
269, 515.050, 113.840, 12
270, 535.920, 113.840, 12
271, 556.790, 113.840, 12
272, 577.660, 113.840, 12
273, 598.530, 113.840, 12
274, 619.400, 113.840, 12
275, 640.270, 113.840, 12
276, 661.140, 113.840, 12
277, 682.010, 113.840, 12
278, 702.880, 113.840, 12
279, 160.260, 122.340, 11
280, 181.130, 122.340, 11
281, 202.000, 122.340, 11
282, 222.870, 122.340, 11
283, 243.740, 122.340, 11
284, 264.610, 122.340, 11
285, 285.480, 122.340, 11
286, 306.350, 122.340, 11
287, 327.220, 122.340, 11
288, 348.090, 122.340, 11
289, 368.960, 122.340, 11
290, 389.830, 122.340, 11
291, 410.700, 122.340, 11
292, 431.570, 122.340, 11
293, 452.440, 122.340, 5
294, 473.310, 122.340, 5
295, 494.180, 122.340, 5
296, 515.050, 122.340, 5
297, 535.920, 122.340, 5
298, 556.790, 122.340, 5
299, 577.660, 122.340, 5
300, 598.530, 122.340, 5
301, 619.400, 122.340, 5
302, 640.270, 122.340, 12
303, 661.140, 122.340, 12
304, 682.010, 122.340, 12
305, 181.130, 130.840, 11
306, 202.000, 130.840, 11
307, 222.870, 130.840, 11
308, 243.740, 130.840, 11
309, 264.610, 130.840, 11
310, 285.480, 130.840, 11
311, 306.350, 130.840, 11
312, 327.220, 130.840, 11
313, 348.090, 130.840, 11
314, 368.960, 130.840, 11
315, 389.830, 130.840, 11
316, 410.700, 130.840, 11
317, 431.570, 130.840, 11
318, 452.440, 130.840, 5
319, 473.310, 130.840, 5
320, 494.180, 130.840, 5
321, 515.050, 130.840, 5
322, 535.920, 130.840, 5
323, 556.790, 130.840, 5
324, 577.660, 130.840, 5
325, 598.530, 130.840, 5
326, 619.400, 130.840, 5
327, 640.270, 130.840, 5
328, 661.140, 130.840, 5
329, 682.010, 130.840, 5
330, 181.130, 139.340, 11
331, 202.000, 139.340, 11
332, 222.870, 139.340, 11
333, 243.740, 139.340, 11
334, 264.610, 139.340, 11
335, 285.480, 139.340, 11
336, 306.350, 139.340, 11
337, 327.220, 139.340, 11
338, 348.090, 139.340, 11
339, 368.960, 139.340, 11
340, 389.830, 139.340, 11
341, 410.700, 139.340, 11
342, 431.570, 139.340, 11
343, 452.440, 139.340, 5
344, 473.310, 139.340, 5
345, 494.180, 139.340, 5
346, 515.050, 139.340, 5
347, 535.920, 139.340, 5
348, 556.790, 139.340, 5
349, 577.660, 139.340, 5
350, 598.530, 139.340, 5
351, 619.400, 139.340, 5
352, 640.270, 139.340, 5
353, 661.140, 139.340, 5
354, 682.010, 139.340, 5
355, 181.130, 147.840, 11
356, 202.000, 147.840, 11
357, 222.870, 147.840, 11
358, 243.740, 147.840, 11
359, 264.610, 147.840, 11
360, 285.480, 147.840, 11
361, 306.350, 147.840, 9
362, 327.220, 147.840, 9
363, 348.090, 147.840, 9
364, 368.960, 147.840, 9
365, 389.830, 147.840, 9
366, 410.700, 147.840, 9
367, 431.570, 147.840, 9
368, 452.440, 147.840, 5
369, 473.310, 147.840, 5
370, 494.180, 147.840, 5
371, 515.050, 147.840, 5
372, 535.920, 147.840, 5
373, 556.790, 147.840, 5
374, 577.660, 147.840, 5
375, 598.530, 147.840, 5
376, 619.400, 147.840, 5
377, 640.270, 147.840, 5
378, 661.140, 147.840, 5
379, 682.010, 147.840, 5
380, 202.000, 156.340, 9
381, 222.870, 156.340, 9
382, 243.740, 156.340, 9
383, 264.610, 156.340, 9
384, 285.480, 156.340, 9
385, 306.350, 156.340, 9
386, 327.220, 156.340, 9
387, 348.090, 156.340, 9
388, 368.960, 156.340, 9
389, 389.830, 156.340, 9
390, 410.700, 156.340, 9
391, 431.570, 156.340, 9
392, 452.440, 156.340, 5
393, 473.310, 156.340, 5
394, 494.180, 156.340, 5
395, 515.050, 156.340, 5
396, 535.920, 156.340, 5
397, 556.790, 156.340, 5
398, 577.660, 156.340, 5
399, 598.530, 156.340, 5
400, 619.400, 156.340, 5
401, 640.270, 156.340, 5
402, 661.140, 156.340, 5
403, 682.010, 156.340, 5
404, 202.000, 164.840, 9
405, 222.870, 164.840, 9
406, 243.740, 164.840, 9
407, 264.610, 164.840, 9
408, 285.480, 164.840, 9
409, 306.350, 164.840, 9
410, 327.220, 164.840, 9
411, 348.090, 164.840, 9
412, 368.960, 164.840, 9
413, 389.830, 164.840, 9
414, 410.700, 164.840, 9
415, 431.570, 164.840, 9
416, 452.440, 164.840, 5
417, 473.310, 164.840, 5
418, 494.180, 164.840, 5
419, 515.050, 164.840, 5
420, 535.920, 164.840, 5
421, 556.790, 164.840, 5
422, 577.660, 164.840, 5
423, 598.530, 164.840, 5
424, 619.400, 164.840, 5
425, 640.270, 164.840, 5
426, 661.140, 164.840, 5
427, 682.010, 164.840, 5
428, 202.000, 173.340, 9
429, 222.870, 173.340, 9
430, 243.740, 173.340, 9
431, 264.610, 173.340, 9
432, 285.480, 173.340, 9
433, 306.350, 173.340, 9
434, 327.220, 173.340, 9
435, 348.090, 173.340, 9
436, 368.960, 173.340, 9
437, 389.830, 173.340, 9
438, 410.700, 173.340, 9
439, 431.570, 173.340, 9
440, 452.440, 173.340, 9
441, 473.310, 173.340, 5
442, 494.180, 173.340, 5
443, 515.050, 173.340, 5
444, 535.920, 173.340, 5
445, 556.790, 173.340, 5
446, 577.660, 173.340, 5
447, 598.530, 173.340, 5
448, 619.400, 173.340, 5
449, 640.270, 173.340, 5
450, 661.140, 173.340, 5
451, 682.010, 173.340, 5
452, 202.000, 181.840, 9
453, 222.870, 181.840, 9
454, 243.740, 181.840, 9
455, 264.610, 181.840, 9
456, 285.480, 181.840, 9
457, 306.350, 181.840, 9
458, 327.220, 181.840, 9
459, 348.090, 181.840, 9
460, 368.960, 181.840, 9
461, 389.830, 181.840, 9
462, 410.700, 181.840, 9
463, 431.570, 181.840, 9
464, 452.440, 181.840, 9
465, 473.310, 181.840, 5
466, 494.180, 181.840, 5
467, 515.050, 181.840, 5
468, 535.920, 181.840, 5
469, 556.790, 181.840, 5
470, 577.660, 181.840, 5
471, 598.530, 181.840, 5
472, 619.400, 181.840, 5
473, 640.270, 181.840, 5
474, 661.140, 181.840, 5
475, 682.010, 181.840, 5
476, 202.000, 190.340, 9
477, 222.870, 190.340, 9
478, 243.740, 190.340, 9
479, 264.610, 190.340, 9
480, 285.480, 190.340, 9
481, 306.350, 190.340, 9
482, 327.220, 190.340, 9
483, 348.090, 190.340, 9
484, 368.960, 190.340, 9
485, 389.830, 190.340, 9
486, 410.700, 190.340, 9
487, 431.570, 190.340, 9
488, 452.440, 190.340, 9
489, 473.310, 190.340, 5
490, 494.180, 190.340, 5
491, 515.050, 190.340, 5
492, 535.920, 190.340, 5
493, 556.790, 190.340, 5
494, 577.660, 190.340, 5
495, 598.530, 190.340, 5
496, 619.400, 190.340, 5
497, 640.270, 190.340, 5
498, 661.140, 190.340, 5
499, 682.010, 190.340, 5
500, 202.000, 198.840, 9
501, 222.870, 198.840, 9
502, 243.740, 198.840, 9
503, 264.610, 198.840, 9
504, 285.480, 198.840, 9
505, 306.350, 198.840, 9
506, 327.220, 198.840, 9
507, 348.090, 198.840, 9
508, 368.960, 198.840, 9
509, 389.830, 198.840, 9
510, 410.700, 198.840, 9
511, 431.570, 198.840, 9
512, 452.440, 198.840, 9
513, 473.310, 198.840, 14
514, 494.180, 198.840, 14
515, 515.050, 198.840, 14
516, 535.920, 198.840, 14
517, 556.790, 198.840, 5
518, 577.660, 198.840, 5
519, 598.530, 198.840, 5
520, 619.400, 198.840, 5
521, 640.270, 198.840, 5
522, 661.140, 198.840, 5
523, 682.010, 198.840, 5
524, 202.000, 207.340, 9
525, 222.870, 207.340, 9
526, 243.740, 207.340, 9
527, 264.610, 207.340, 9
528, 285.480, 207.340, 9
529, 306.350, 207.340, 9
530, 327.220, 207.340, 9
531, 348.090, 207.340, 9
532, 368.960, 207.340, 9
533, 389.830, 207.340, 9
534, 410.700, 207.340, 9
535, 431.570, 207.340, 9
536, 452.440, 207.340, 9
537, 473.310, 207.340, 14
538, 494.180, 207.340, 14
539, 515.050, 207.340, 14
540, 535.920, 207.340, 14
541, 556.790, 207.340, 14
542, 577.660, 207.340, 14
543, 598.530, 207.340, 14
544, 619.400, 207.340, 14
545, 640.270, 207.340, 14
546, 661.140, 207.340, 14
547, 682.010, 207.340, 14
548, 202.000, 215.840, 9
549, 222.870, 215.840, 9
550, 243.740, 215.840, 9
551, 264.610, 215.840, 9
552, 285.480, 215.840, 9
553, 306.350, 215.840, 9
554, 327.220, 215.840, 9
555, 348.090, 215.840, 9
556, 368.960, 215.840, 9
557, 389.830, 215.840, 9
558, 410.700, 215.840, 9
559, 431.570, 215.840, 9
560, 452.440, 215.840, 9
561, 473.310, 215.840, 14
562, 494.180, 215.840, 14
563, 515.050, 215.840, 14
564, 535.920, 215.840, 14
565, 556.790, 215.840, 14
566, 577.660, 215.840, 14
567, 598.530, 215.840, 14
568, 619.400, 215.840, 14
569, 640.270, 215.840, 14
570, 661.140, 215.840, 14
571, 682.010, 215.840, 14
572, 202.000, 224.340, 2
573, 222.870, 224.340, 2
574, 243.740, 224.340, 2
575, 264.610, 224.340, 2
576, 285.480, 224.340, 2
577, 306.350, 224.340, 2
578, 327.220, 224.340, 2
579, 348.090, 224.340, 2
580, 368.960, 224.340, 2
581, 389.830, 224.340, 2
582, 410.700, 224.340, 2
583, 431.570, 224.340, 2
584, 452.440, 224.340, 2
585, 473.310, 224.340, 14
586, 494.180, 224.340, 14
587, 515.050, 224.340, 14
588, 535.920, 224.340, 14
589, 556.790, 224.340, 14
590, 577.660, 224.340, 14
591, 598.530, 224.340, 14
592, 619.400, 224.340, 14
593, 640.270, 224.340, 14
594, 661.140, 224.340, 14
595, 682.010, 224.340, 14
596, 222.870, 232.840, 2
597, 243.740, 232.840, 2
598, 264.610, 232.840, 2
599, 285.480, 232.840, 2
600, 306.350, 232.840, 2
601, 327.220, 232.840, 2
602, 348.090, 232.840, 2
603, 368.960, 232.840, 2
604, 389.830, 232.840, 2
605, 410.700, 232.840, 2
606, 431.570, 232.840, 2
607, 452.440, 232.840, 2
608, 473.310, 232.840, 14
609, 494.180, 232.840, 14
610, 515.050, 232.840, 14
611, 535.920, 232.840, 14
612, 556.790, 232.840, 14
613, 577.660, 232.840, 14
614, 598.530, 232.840, 14
615, 619.400, 232.840, 14
616, 640.270, 232.840, 14
617, 661.140, 232.840, 14
618, 682.010, 232.840, 14
619, 222.870, 241.340, 2
620, 243.740, 241.340, 2
621, 264.610, 241.340, 2
622, 285.480, 241.340, 2
623, 306.350, 241.340, 2
624, 327.220, 241.340, 2
625, 348.090, 241.340, 2
626, 368.960, 241.340, 2
627, 389.830, 241.340, 2
628, 410.700, 241.340, 2
629, 431.570, 241.340, 2
630, 452.440, 241.340, 2
631, 473.310, 241.340, 14
632, 494.180, 241.340, 14
633, 515.050, 241.340, 14
634, 535.920, 241.340, 14
635, 556.790, 241.340, 14
636, 577.660, 241.340, 14
637, 598.530, 241.340, 14
638, 619.400, 241.340, 14
639, 640.270, 241.340, 14
640, 661.140, 241.340, 14
641, 682.010, 241.340, 14
642, 222.870, 249.840, 2
643, 243.740, 249.840, 2
644, 264.610, 249.840, 2
645, 285.480, 249.840, 2
646, 306.350, 249.840, 2
647, 327.220, 249.840, 2
648, 348.090, 249.840, 2
649, 368.960, 249.840, 2
650, 389.830, 249.840, 2
651, 410.700, 249.840, 2
652, 431.570, 249.840, 2
653, 452.440, 249.840, 2
654, 473.310, 249.840, 14
655, 494.180, 249.840, 14
656, 515.050, 249.840, 14
657, 535.920, 249.840, 14
658, 556.790, 249.840, 14
659, 577.660, 249.840, 14
660, 598.530, 249.840, 14
661, 619.400, 249.840, 14
662, 640.270, 249.840, 14
663, 661.140, 249.840, 14
664, 682.010, 249.840, 14
665, 222.870, 258.340, 2
666, 243.740, 258.340, 2
667, 264.610, 258.340, 2
668, 285.480, 258.340, 2
669, 306.350, 258.340, 2
670, 327.220, 258.340, 2
671, 348.090, 258.340, 2
672, 368.960, 258.340, 2
673, 389.830, 258.340, 2
674, 410.700, 258.340, 2
675, 431.570, 258.340, 2
676, 452.440, 258.340, 2
677, 473.310, 258.340, 14
678, 494.180, 258.340, 14
679, 515.050, 258.340, 14
680, 535.920, 258.340, 14
681, 556.790, 258.340, 14
682, 577.660, 258.340, 14
683, 598.530, 258.340, 14
684, 619.400, 258.340, 14
685, 640.270, 258.340, 14
686, 661.140, 258.340, 14
687, 682.010, 258.340, 14
688, 222.870, 266.840, 2
689, 243.740, 266.840, 2
690, 264.610, 266.840, 2
691, 285.480, 266.840, 2
692, 306.350, 266.840, 2
693, 327.220, 266.840, 2
694, 348.090, 266.840, 2
695, 368.960, 266.840, 2
696, 389.830, 266.840, 2
697, 410.700, 266.840, 2
698, 431.570, 266.840, 2
699, 452.440, 266.840, 2
700, 473.310, 266.840, 14
701, 494.180, 266.840, 14
702, 515.050, 266.840, 14
703, 535.920, 266.840, 14
704, 556.790, 266.840, 14
705, 577.660, 266.840, 14
706, 598.530, 266.840, 14
707, 619.400, 266.840, 14
708, 640.270, 266.840, 14
709, 661.140, 266.840, 14
710, 682.010, 266.840, 14
711, 222.870, 275.340, 2
712, 243.740, 275.340, 2
713, 264.610, 275.340, 2
714, 285.480, 275.340, 2
715, 306.350, 275.340, 2
716, 327.220, 275.340, 2
717, 348.090, 275.340, 2
718, 368.960, 275.340, 2
719, 389.830, 275.340, 2
720, 410.700, 275.340, 2
721, 431.570, 275.340, 2
722, 452.440, 275.340, 2
723, 473.310, 275.340, 14
724, 494.180, 275.340, 14
725, 515.050, 275.340, 14
726, 535.920, 275.340, 14
727, 556.790, 275.340, 14
728, 577.660, 275.340, 14
729, 598.530, 275.340, 14
730, 619.400, 275.340, 14
731, 640.270, 275.340, 14
732, 661.140, 275.340, 14
733, 682.010, 275.340, 14
734, 222.870, 283.840, 2
735, 243.740, 283.840, 2
736, 264.610, 283.840, 2
737, 285.480, 283.840, 2
738, 306.350, 283.840, 2
739, 327.220, 283.840, 2
740, 348.090, 283.840, 2
741, 368.960, 283.840, 2
742, 389.830, 283.840, 2
743, 410.700, 283.840, 2
744, 431.570, 283.840, 2
745, 452.440, 283.840, 2
746, 473.310, 283.840, 4
747, 494.180, 283.840, 4
748, 515.050, 283.840, 4
749, 535.920, 283.840, 4
750, 556.790, 283.840, 4
751, 577.660, 283.840, 14
752, 598.530, 283.840, 14
753, 619.400, 283.840, 14
754, 640.270, 283.840, 14
755, 661.140, 283.840, 14
756, 682.010, 283.840, 14
757, 222.870, 292.340, 2
758, 243.740, 292.340, 2
759, 264.610, 292.340, 2
760, 285.480, 292.340, 2
761, 306.350, 292.340, 2
762, 327.220, 292.340, 2
763, 348.090, 292.340, 2
764, 368.960, 292.340, 2
765, 389.830, 292.340, 2
766, 410.700, 292.340, 2
767, 431.570, 292.340, 2
768, 452.440, 292.340, 2
769, 473.310, 292.340, 4
770, 494.180, 292.340, 4
771, 515.050, 292.340, 4
772, 535.920, 292.340, 4
773, 556.790, 292.340, 4
774, 577.660, 292.340, 4
775, 598.530, 292.340, 4
776, 619.400, 292.340, 4
777, 640.270, 292.340, 4
778, 661.140, 292.340, 4
779, 682.010, 292.340, 4
780, 222.870, 300.840, 6
781, 243.740, 300.840, 6
782, 264.610, 300.840, 6
783, 285.480, 300.840, 6
784, 306.350, 300.840, 6
785, 327.220, 300.840, 6
786, 348.090, 300.840, 6
787, 368.960, 300.840, 6
788, 389.830, 300.840, 6
789, 410.700, 300.840, 6
790, 431.570, 300.840, 6
791, 452.440, 300.840, 6
792, 473.310, 300.840, 4
793, 494.180, 300.840, 4
794, 515.050, 300.840, 4
795, 535.920, 300.840, 4
796, 556.790, 300.840, 4
797, 577.660, 300.840, 4
798, 598.530, 300.840, 4
799, 619.400, 300.840, 4
800, 640.270, 300.840, 4
801, 661.140, 300.840, 4
802, 682.010, 300.840, 4
803, 243.740, 309.340, 6
804, 264.610, 309.340, 6
805, 285.480, 309.340, 6
806, 306.350, 309.340, 6
807, 327.220, 309.340, 6
808, 348.090, 309.340, 6
809, 368.960, 309.340, 6
810, 389.830, 309.340, 6
811, 410.700, 309.340, 6
812, 431.570, 309.340, 6
813, 452.440, 309.340, 6
814, 473.310, 309.340, 4
815, 494.180, 309.340, 4
816, 515.050, 309.340, 4
817, 535.920, 309.340, 4
818, 556.790, 309.340, 4
819, 577.660, 309.340, 4
820, 598.530, 309.340, 4
821, 619.400, 309.340, 4
822, 640.270, 309.340, 4
823, 661.140, 309.340, 4
824, 682.010, 309.340, 4
825, 243.740, 317.840, 6
826, 264.610, 317.840, 6
827, 285.480, 317.840, 6
828, 306.350, 317.840, 6
829, 327.220, 317.840, 6
830, 348.090, 317.840, 6
831, 368.960, 317.840, 6
832, 389.830, 317.840, 6
833, 410.700, 317.840, 6
834, 431.570, 317.840, 6
835, 452.440, 317.840, 6
836, 473.310, 317.840, 4
837, 494.180, 317.840, 4
838, 515.050, 317.840, 4
839, 535.920, 317.840, 4
840, 556.790, 317.840, 4
841, 577.660, 317.840, 4
842, 598.530, 317.840, 4
843, 619.400, 317.840, 4
844, 640.270, 317.840, 4
845, 661.140, 317.840, 4
846, 682.010, 317.840, 4
847, 243.740, 326.340, 6
848, 264.610, 326.340, 6
849, 285.480, 326.340, 6
850, 306.350, 326.340, 6
851, 327.220, 326.340, 6
852, 348.090, 326.340, 6
853, 368.960, 326.340, 6
854, 389.830, 326.340, 6
855, 410.700, 326.340, 6
856, 431.570, 326.340, 6
857, 452.440, 326.340, 6
858, 473.310, 326.340, 6
859, 494.180, 326.340, 4
860, 515.050, 326.340, 4
861, 535.920, 326.340, 4
862, 556.790, 326.340, 4
863, 577.660, 326.340, 4
864, 598.530, 326.340, 4
865, 619.400, 326.340, 4
866, 640.270, 326.340, 4
867, 661.140, 326.340, 4
868, 682.010, 326.340, 4
869, 243.740, 334.840, 6
870, 264.610, 334.840, 6
871, 285.480, 334.840, 6
872, 306.350, 334.840, 6
873, 327.220, 334.840, 6
874, 348.090, 334.840, 6
875, 368.960, 334.840, 6
876, 389.830, 334.840, 6
877, 410.700, 334.840, 6
878, 431.570, 334.840, 6
879, 452.440, 334.840, 6
880, 473.310, 334.840, 6
881, 494.180, 334.840, 4
882, 515.050, 334.840, 4
883, 535.920, 334.840, 4
884, 556.790, 334.840, 4
885, 577.660, 334.840, 4
886, 598.530, 334.840, 4
887, 619.400, 334.840, 4
888, 640.270, 334.840, 4
889, 661.140, 334.840, 4
890, 682.010, 334.840, 4
891, 243.740, 343.340, 6
892, 264.610, 343.340, 6
893, 285.480, 343.340, 6
894, 306.350, 343.340, 6
895, 327.220, 343.340, 6
896, 348.090, 343.340, 6
897, 368.960, 343.340, 6
898, 389.830, 343.340, 6
899, 410.700, 343.340, 6
900, 431.570, 343.340, 6
901, 452.440, 343.340, 6
902, 473.310, 343.340, 6
903, 494.180, 343.340, 4
904, 515.050, 343.340, 4
905, 535.920, 343.340, 4
906, 556.790, 343.340, 4
907, 577.660, 343.340, 4
908, 598.530, 343.340, 4
909, 619.400, 343.340, 4
910, 640.270, 343.340, 4
911, 661.140, 343.340, 4
912, 682.010, 343.340, 4
913, 243.740, 351.840, 6
914, 264.610, 351.840, 6
915, 285.480, 351.840, 6
916, 306.350, 351.840, 6
917, 327.220, 351.840, 6
918, 348.090, 351.840, 6
919, 368.960, 351.840, 6
920, 389.830, 351.840, 6
921, 410.700, 351.840, 6
922, 431.570, 351.840, 6
923, 452.440, 351.840, 6
924, 473.310, 351.840, 6
925, 494.180, 351.840, 4
926, 515.050, 351.840, 4
927, 535.920, 351.840, 4
928, 556.790, 351.840, 4
929, 577.660, 351.840, 4
930, 598.530, 351.840, 4
931, 619.400, 351.840, 4
932, 640.270, 351.840, 4
933, 661.140, 351.840, 4
934, 682.010, 351.840, 4
935, 243.740, 360.340, 6
936, 264.610, 360.340, 6
937, 285.480, 360.340, 6
938, 306.350, 360.340, 6
939, 327.220, 360.340, 6
940, 348.090, 360.340, 6
941, 368.960, 360.340, 6
942, 389.830, 360.340, 6
943, 410.700, 360.340, 6
944, 431.570, 360.340, 6
945, 452.440, 360.340, 6
946, 473.310, 360.340, 6
947, 494.180, 360.340, 4
948, 515.050, 360.340, 4
949, 535.920, 360.340, 4
950, 556.790, 360.340, 4
951, 577.660, 360.340, 4
952, 598.530, 360.340, 4
953, 619.400, 360.340, 4
954, 640.270, 360.340, 4
955, 661.140, 360.340, 4
956, 682.010, 360.340, 4
957, 243.740, 368.840, 6
958, 264.610, 368.840, 6
959, 285.480, 368.840, 6
960, 306.350, 368.840, 6
961, 327.220, 368.840, 6
962, 348.090, 368.840, 6
963, 368.960, 368.840, 6
964, 389.830, 368.840, 6
965, 410.700, 368.840, 6
966, 431.570, 368.840, 6
967, 452.440, 368.840, 6
968, 473.310, 368.840, 6
969, 494.180, 368.840, 4
970, 515.050, 368.840, 4
971, 535.920, 368.840, 4
972, 556.790, 368.840, 4
973, 577.660, 368.840, 4
974, 598.530, 368.840, 4
975, 619.400, 368.840, 4
976, 640.270, 368.840, 4
977, 661.140, 368.840, 4
978, 682.010, 368.840, 4
979, 243.740, 377.340, 6
980, 264.610, 377.340, 6
981, 285.480, 377.340, 6
982, 306.350, 377.340, 10
983, 327.220, 377.340, 10
984, 348.090, 377.340, 10
985, 368.960, 377.340, 10
986, 389.830, 377.340, 10
987, 410.700, 377.340, 10
988, 431.570, 377.340, 10
989, 452.440, 377.340, 10
990, 473.310, 377.340, 10
991, 494.180, 377.340, 13
992, 515.050, 377.340, 13
993, 535.920, 377.340, 13
994, 556.790, 377.340, 13
995, 577.660, 377.340, 13
996, 598.530, 377.340, 13
997, 619.400, 377.340, 13
998, 640.270, 377.340, 13
999, 661.140, 377.340, 13
1000, 682.010, 377.340, 13
1001, 264.610, 385.840, 10
1002, 285.480, 385.840, 10
1003, 306.350, 385.840, 10
1004, 327.220, 385.840, 10
1005, 348.090, 385.840, 10
1006, 368.960, 385.840, 10
1007, 389.830, 385.840, 10
1008, 410.700, 385.840, 10
1009, 431.570, 385.840, 10
1010, 452.440, 385.840, 10
1011, 473.310, 385.840, 10
1012, 494.180, 385.840, 13
1013, 515.050, 385.840, 13
1014, 535.920, 385.840, 13
1015, 556.790, 385.840, 13
1016, 577.660, 385.840, 13
1017, 598.530, 385.840, 13
1018, 619.400, 385.840, 13
1019, 640.270, 385.840, 13
1020, 661.140, 385.840, 13
1021, 682.010, 385.840, 13
1022, 264.610, 394.340, 10
1023, 285.480, 394.340, 10
1024, 306.350, 394.340, 10
1025, 327.220, 394.340, 10
1026, 348.090, 394.340, 10
1027, 368.960, 394.340, 10
1028, 389.830, 394.340, 10
1029, 410.700, 394.340, 10
1030, 431.570, 394.340, 10
1031, 452.440, 394.340, 10
1032, 473.310, 394.340, 10
1033, 494.180, 394.340, 13
1034, 515.050, 394.340, 13
1035, 535.920, 394.340, 13
1036, 556.790, 394.340, 13
1037, 577.660, 394.340, 13
1038, 598.530, 394.340, 13
1039, 619.400, 394.340, 13
1040, 640.270, 394.340, 13
1041, 661.140, 394.340, 13
1042, 682.010, 394.340, 13
1043, 264.610, 402.840, 10
1044, 285.480, 402.840, 10
1045, 306.350, 402.840, 10
1046, 327.220, 402.840, 10
1047, 348.090, 402.840, 10
1048, 368.960, 402.840, 10
1049, 389.830, 402.840, 10
1050, 410.700, 402.840, 10
1051, 431.570, 402.840, 10
1052, 452.440, 402.840, 10
1053, 473.310, 402.840, 10
1054, 494.180, 402.840, 13
1055, 515.050, 402.840, 13
1056, 535.920, 402.840, 13
1057, 556.790, 402.840, 13
1058, 577.660, 402.840, 13
1059, 598.530, 402.840, 13
1060, 619.400, 402.840, 13
1061, 640.270, 402.840, 13
1062, 661.140, 402.840, 13
1063, 682.010, 402.840, 13
1064, 264.610, 411.340, 10
1065, 285.480, 411.340, 10
1066, 306.350, 411.340, 10
1067, 327.220, 411.340, 10
1068, 348.090, 411.340, 10
1069, 368.960, 411.340, 10
1070, 389.830, 411.340, 10
1071, 410.700, 411.340, 10
1072, 431.570, 411.340, 10
1073, 452.440, 411.340, 10
1074, 473.310, 411.340, 10
1075, 494.180, 411.340, 13
1076, 515.050, 411.340, 13
1077, 535.920, 411.340, 13
1078, 556.790, 411.340, 13
1079, 577.660, 411.340, 13
1080, 598.530, 411.340, 13
1081, 619.400, 411.340, 13
1082, 640.270, 411.340, 13
1083, 661.140, 411.340, 13
1084, 682.010, 411.340, 13
1085, 264.610, 419.840, 10
1086, 285.480, 419.840, 10
1087, 306.350, 419.840, 10
1088, 327.220, 419.840, 10
1089, 348.090, 419.840, 10
1090, 368.960, 419.840, 10
1091, 389.830, 419.840, 10
1092, 410.700, 419.840, 10
1093, 431.570, 419.840, 10
1094, 452.440, 419.840, 10
1095, 473.310, 419.840, 10
1096, 494.180, 419.840, 13
1097, 515.050, 419.840, 13
1098, 535.920, 419.840, 13
1099, 556.790, 419.840, 13
1100, 577.660, 419.840, 13
1101, 598.530, 419.840, 13
1102, 619.400, 419.840, 13
1103, 640.270, 419.840, 13
1104, 661.140, 419.840, 13
1105, 682.010, 419.840, 13
1106, 264.610, 428.340, 10
1107, 285.480, 428.340, 10
1108, 306.350, 428.340, 10
1109, 327.220, 428.340, 10
1110, 348.090, 428.340, 10
1111, 368.960, 428.340, 10
1112, 389.830, 428.340, 10
1113, 410.700, 428.340, 10
1114, 431.570, 428.340, 10
1115, 452.440, 428.340, 10
1116, 473.310, 428.340, 10
1117, 494.180, 428.340, 13
1118, 515.050, 428.340, 13
1119, 535.920, 428.340, 13
1120, 556.790, 428.340, 13
1121, 577.660, 428.340, 13
1122, 598.530, 428.340, 13
1123, 619.400, 428.340, 13
1124, 640.270, 428.340, 13
1125, 661.140, 428.340, 13
1126, 682.010, 428.340, 13
1127, 264.610, 436.840, 10
1128, 285.480, 436.840, 10
1129, 306.350, 436.840, 10
1130, 327.220, 436.840, 10
1131, 348.090, 436.840, 10
1132, 368.960, 436.840, 10
1133, 389.830, 436.840, 10
1134, 410.700, 436.840, 10
1135, 431.570, 436.840, 10
1136, 452.440, 436.840, 10
1137, 473.310, 436.840, 10
1138, 494.180, 436.840, 13
1139, 515.050, 436.840, 13
1140, 535.920, 436.840, 13
1141, 556.790, 436.840, 13
1142, 577.660, 436.840, 13
1143, 598.530, 436.840, 13
1144, 619.400, 436.840, 13
1145, 640.270, 436.840, 13
1146, 661.140, 436.840, 13
1147, 682.010, 436.840, 13
1148, 264.610, 445.340, 10
1149, 285.480, 445.340, 10
1150, 306.350, 445.340, 10
1151, 327.220, 445.340, 10
1152, 348.090, 445.340, 10
1153, 368.960, 445.340, 10
1154, 389.830, 445.340, 10
1155, 410.700, 445.340, 10
1156, 431.570, 445.340, 10
1157, 452.440, 445.340, 10
1158, 473.310, 445.340, 10
1159, 494.180, 445.340, 13
1160, 515.050, 445.340, 13
1161, 535.920, 445.340, 13
1162, 556.790, 445.340, 13
1163, 577.660, 445.340, 13
1164, 598.530, 445.340, 13
1165, 619.400, 445.340, 13
1166, 640.270, 445.340, 13
1167, 661.140, 445.340, 13
1168, 682.010, 445.340, 13
1169, 264.610, 453.840, 10
1170, 285.480, 453.840, 10
1171, 306.350, 453.840, 10
1172, 327.220, 453.840, 10
1173, 348.090, 453.840, 10
1174, 368.960, 453.840, 10
1175, 389.830, 453.840, 10
1176, 410.700, 453.840, 10
1177, 431.570, 453.840, 10
1178, 452.440, 453.840, 10
1179, 473.310, 453.840, 10
1180, 494.180, 453.840, 13
1181, 515.050, 453.840, 13
1182, 535.920, 453.840, 13
1183, 556.790, 453.840, 13
1184, 577.660, 453.840, 13
1185, 598.530, 453.840, 13
1186, 619.400, 453.840, 13
1187, 640.270, 453.840, 13
1188, 661.140, 453.840, 13
1189, 682.010, 453.840, 13
1190, 285.480, 462.340, 10
1191, 306.350, 462.340, 3
1192, 327.220, 462.340, 3
1193, 348.090, 462.340, 3
1194, 368.960, 462.340, 3
1195, 389.830, 462.340, 3
1196, 410.700, 462.340, 3
1197, 431.570, 462.340, 3
1198, 452.440, 462.340, 3
1199, 473.310, 462.340, 3
1200, 494.180, 462.340, 3
1201, 515.050, 462.340, 13
1202, 535.920, 462.340, 13
1203, 556.790, 462.340, 13
1204, 577.660, 462.340, 13
1205, 598.530, 462.340, 13
1206, 619.400, 462.340, 13
1207, 640.270, 462.340, 13
1208, 661.140, 462.340, 13
1209, 682.010, 462.340, 13
1210, 285.480, 470.840, 3
1211, 306.350, 470.840, 3
1212, 327.220, 470.840, 3
1213, 348.090, 470.840, 3
1214, 368.960, 470.840, 3
1215, 389.830, 470.840, 3
1216, 410.700, 470.840, 3
1217, 431.570, 470.840, 3
1218, 452.440, 470.840, 3
1219, 473.310, 470.840, 3
1220, 494.180, 470.840, 3
1221, 515.050, 470.840, 7
1222, 535.920, 470.840, 7
1223, 556.790, 470.840, 7
1224, 577.660, 470.840, 7
1225, 598.530, 470.840, 7
1226, 619.400, 470.840, 7
1227, 640.270, 470.840, 7
1228, 661.140, 470.840, 7
1229, 682.010, 470.840, 7
1230, 285.480, 479.340, 3
1231, 306.350, 479.340, 3
1232, 327.220, 479.340, 3
1233, 348.090, 479.340, 3
1234, 368.960, 479.340, 3
1235, 389.830, 479.340, 3
1236, 410.700, 479.340, 3
1237, 431.570, 479.340, 3
1238, 452.440, 479.340, 3
1239, 473.310, 479.340, 3
1240, 494.180, 479.340, 7
1241, 515.050, 479.340, 7
1242, 535.920, 479.340, 7
1243, 556.790, 479.340, 7
1244, 577.660, 479.340, 7
1245, 598.530, 479.340, 7
1246, 619.400, 479.340, 7
1247, 640.270, 479.340, 7
1248, 661.140, 479.340, 7
1249, 682.010, 479.340, 7
1250, 285.480, 487.840, 3
1251, 306.350, 487.840, 3
1252, 327.220, 487.840, 3
1253, 348.090, 487.840, 3
1254, 368.960, 487.840, 3
1255, 389.830, 487.840, 3
1256, 410.700, 487.840, 3
1257, 431.570, 487.840, 3
1258, 452.440, 487.840, 3
1259, 473.310, 487.840, 3
1260, 494.180, 487.840, 7
1261, 515.050, 487.840, 7
1262, 535.920, 487.840, 7
1263, 556.790, 487.840, 7
1264, 577.660, 487.840, 7
1265, 598.530, 487.840, 7
1266, 619.400, 487.840, 7
1267, 640.270, 487.840, 7
1268, 661.140, 487.840, 7
1269, 682.010, 487.840, 7
1270, 285.480, 496.340, 3
1271, 306.350, 496.340, 3
1272, 327.220, 496.340, 3
1273, 348.090, 496.340, 3
1274, 368.960, 496.340, 3
1275, 389.830, 496.340, 3
1276, 410.700, 496.340, 3
1277, 431.570, 496.340, 3
1278, 452.440, 496.340, 3
1279, 473.310, 496.340, 3
1280, 494.180, 496.340, 7
1281, 515.050, 496.340, 7
1282, 535.920, 496.340, 7
1283, 556.790, 496.340, 7
1284, 577.660, 496.340, 7
1285, 598.530, 496.340, 7
1286, 619.400, 496.340, 7
1287, 640.270, 496.340, 7
1288, 661.140, 496.340, 7
1289, 682.010, 496.340, 7
1290, 285.480, 504.840, 3
1291, 306.350, 504.840, 3
1292, 327.220, 504.840, 3
1293, 348.090, 504.840, 3
1294, 368.960, 504.840, 3
1295, 389.830, 504.840, 3
1296, 410.700, 504.840, 3
1297, 431.570, 504.840, 3
1298, 452.440, 504.840, 3
1299, 473.310, 504.840, 3
1300, 494.180, 504.840, 7
1301, 515.050, 504.840, 7
1302, 535.920, 504.840, 7
1303, 556.790, 504.840, 7
1304, 577.660, 504.840, 7
1305, 598.530, 504.840, 7
1306, 619.400, 504.840, 7
1307, 640.270, 504.840, 7
1308, 661.140, 504.840, 7
1309, 285.480, 513.340, 3
1310, 306.350, 513.340, 3
1311, 327.220, 513.340, 3
1312, 348.090, 513.340, 3
1313, 368.960, 513.340, 3
1314, 389.830, 513.340, 3
1315, 410.700, 513.340, 3
1316, 431.570, 513.340, 3
1317, 452.440, 513.340, 3
1318, 473.310, 513.340, 3
1319, 494.180, 513.340, 7
1320, 515.050, 513.340, 7
1321, 535.920, 513.340, 7
1322, 556.790, 513.340, 7
1323, 577.660, 513.340, 7
1324, 598.530, 513.340, 7
1325, 619.400, 513.340, 7
1326, 640.270, 513.340, 7
1327, 661.140, 513.340, 7
1328, 285.480, 521.840, 3
1329, 306.350, 521.840, 3
1330, 327.220, 521.840, 3
1331, 348.090, 521.840, 3
1332, 368.960, 521.840, 3
1333, 389.830, 521.840, 3
1334, 410.700, 521.840, 3
1335, 431.570, 521.840, 3
1336, 452.440, 521.840, 3
1337, 473.310, 521.840, 3
1338, 494.180, 521.840, 7
1339, 515.050, 521.840, 7
1340, 535.920, 521.840, 7
1341, 556.790, 521.840, 7
1342, 577.660, 521.840, 7
1343, 598.530, 521.840, 7
1344, 619.400, 521.840, 7
1345, 640.270, 521.840, 7
1346, 661.140, 521.840, 7
1347, 285.480, 530.340, 3
1348, 306.350, 530.340, 3
1349, 327.220, 530.340, 3
1350, 348.090, 530.340, 3
1351, 368.960, 530.340, 3
1352, 389.830, 530.340, 3
1353, 410.700, 530.340, 3
1354, 431.570, 530.340, 3
1355, 452.440, 530.340, 3
1356, 473.310, 530.340, 3
1357, 494.180, 530.340, 7
1358, 515.050, 530.340, 7
1359, 535.920, 530.340, 7
1360, 556.790, 530.340, 7
1361, 577.660, 530.340, 7
1362, 598.530, 530.340, 7
1363, 619.400, 530.340, 7
1364, 640.270, 530.340, 7
1365, 306.350, 538.840, 3
1366, 327.220, 538.840, 3
1367, 348.090, 538.840, 3
1368, 368.960, 538.840, 3
1369, 389.830, 538.840, 3
1370, 410.700, 538.840, 3
1371, 431.570, 538.840, 3
1372, 452.440, 538.840, 3
1373, 473.310, 538.840, 3
1374, 494.180, 538.840, 7
1375, 515.050, 538.840, 7
1376, 535.920, 538.840, 7
1377, 556.790, 538.840, 7
1378, 577.660, 538.840, 7
1379, 598.530, 538.840, 7
1380, 619.400, 538.840, 7
1381, 640.270, 538.840, 7
1382, 306.350, 547.340, 3
1383, 327.220, 547.340, 3
1384, 348.090, 547.340, 3
1385, 368.960, 547.340, 3
1386, 389.830, 547.340, 3
1387, 410.700, 547.340, 3
1388, 431.570, 547.340, 3
1389, 452.440, 547.340, 3
1390, 473.310, 547.340, 3
1391, 494.180, 547.340, 7
1392, 515.050, 547.340, 7
1393, 535.920, 547.340, 7
1394, 556.790, 547.340, 7
1395, 577.660, 547.340, 7
1396, 598.530, 547.340, 7
1397, 619.400, 547.340, 7
1398, 640.270, 547.340, 7
1399, 306.350, 555.840, 1
1400, 327.220, 555.840, 1
1401, 348.090, 555.840, 1
1402, 368.960, 555.840, 1
1403, 389.830, 555.840, 1
1404, 410.700, 555.840, 1
1405, 431.570, 555.840, 1
1406, 452.440, 555.840, 1
1407, 473.310, 555.840, 1
1408, 494.180, 555.840, 1
1409, 515.050, 555.840, 7
1410, 535.920, 555.840, 7
1411, 556.790, 555.840, 7
1412, 577.660, 555.840, 7
1413, 598.530, 555.840, 7
1414, 619.400, 555.840, 7
1415, 306.350, 564.340, 1
1416, 327.220, 564.340, 1
1417, 348.090, 564.340, 1
1418, 368.960, 564.340, 1
1419, 389.830, 564.340, 1
1420, 410.700, 564.340, 1
1421, 431.570, 564.340, 1
1422, 452.440, 564.340, 1
1423, 473.310, 564.340, 1
1424, 494.180, 564.340, 1
1425, 515.050, 564.340, 7
1426, 535.920, 564.340, 7
1427, 556.790, 564.340, 7
1428, 577.660, 564.340, 7
1429, 598.530, 564.340, 7
1430, 306.350, 572.840, 1
1431, 327.220, 572.840, 1
1432, 348.090, 572.840, 1
1433, 368.960, 572.840, 1
1434, 389.830, 572.840, 1
1435, 410.700, 572.840, 1
1436, 431.570, 572.840, 1
1437, 452.440, 572.840, 1
1438, 473.310, 572.840, 1
1439, 494.180, 572.840, 1
1440, 515.050, 572.840, 7
1441, 535.920, 572.840, 7
1442, 556.790, 572.840, 7
1443, 577.660, 572.840, 7
1444, 306.350, 581.340, 1
1445, 327.220, 581.340, 1
1446, 348.090, 581.340, 1
1447, 368.960, 581.340, 1
1448, 389.830, 581.340, 1
1449, 410.700, 581.340, 1
1450, 431.570, 581.340, 1
1451, 452.440, 581.340, 1
1452, 473.310, 581.340, 1
1453, 494.180, 581.340, 1
1454, 515.050, 581.340, 7
1455, 535.920, 581.340, 7
1456, 556.790, 581.340, 7
1457, 306.350, 589.840, 1
1458, 327.220, 589.840, 1
1459, 348.090, 589.840, 1
1460, 368.960, 589.840, 1
1461, 389.830, 589.840, 1
1462, 410.700, 589.840, 1
1463, 431.570, 589.840, 1
1464, 452.440, 589.840, 1
1465, 473.310, 589.840, 1
1466, 494.180, 589.840, 1
1467, 515.050, 589.840, 1
1468, 535.920, 589.840, 7
1469, 306.350, 598.340, 1
1470, 327.220, 598.340, 1
1471, 348.090, 598.340, 1
1472, 368.960, 598.340, 1
1473, 389.830, 598.340, 1
1474, 410.700, 598.340, 1
1475, 431.570, 598.340, 1
1476, 452.440, 598.340, 1
1477, 473.310, 598.340, 1
1478, 494.180, 598.340, 1
1479, 515.050, 598.340, 1
1480, 306.350, 606.840, 1
1481, 327.220, 606.840, 1
1482, 348.090, 606.840, 1
1483, 368.960, 606.840, 1
1484, 389.830, 606.840, 1
1485, 410.700, 606.840, 1
1486, 431.570, 606.840, 1
1487, 452.440, 606.840, 1
1488, 473.310, 606.840, 1
1489, 494.180, 606.840, 1
1490, 327.220, 615.340, 1
1491, 348.090, 615.340, 1
1492, 368.960, 615.340, 1
1493, 389.830, 615.340, 1
1494, 410.700, 615.340, 1
1495, 431.570, 615.340, 1
1496, 452.440, 615.340, 1
1497, 473.310, 615.340, 1
1498, 327.220, 623.840, 1
1499, 348.090, 623.840, 1
1500, 368.960, 623.840, 1
1501, 389.830, 623.840, 1
1502, 410.700, 623.840, 1
1503, 431.570, 623.840, 1
1504, 452.440, 623.840, 1
1505, 327.220, 632.340, 1
1506, 348.090, 632.340, 1
1507, 368.960, 632.340, 1
1508, 389.830, 632.340, 1
1509, 410.700, 632.340, 1
1510, 431.570, 632.340, 1
1511, 327.220, 640.840, 1
1512, 348.090, 640.840, 1
1513, 368.960, 640.840, 1
1514, 389.830, 640.840, 1
1515, 410.700, 640.840, 1
1516, 327.220, 649.340, 1
1517, 348.090, 649.340, 1
1518, 368.960, 649.340, 1
1519, 389.830, 649.340, 1
1520, 327.220, 657.840, 1
1521, 348.090, 657.840, 1
1522, 368.960, 657.840, 1
1523, 327.220, 666.340, 1
1524, 348.090, 666.340, 1
1525, 327.220, 674.840, 1
1526, 327.220, 683.340, 1
