1, 697.900, 7.370, 8
2, 718.770, 7.370, 8
3, 739.640, 7.370, 8
4, 760.510, 7.370, 8
5, 781.380, 7.370, 3
6, 802.250, 7.370, 3
7, 823.120, 7.370, 3
8, 843.990, 7.370, 3
9, 864.860, 7.370, 3
10, 885.730, 7.370, 3
11, 906.600, 7.370, 3
12, 572.680, 15.870, 8
13, 593.550, 15.870, 8
14, 614.420, 15.870, 8
15, 635.290, 15.870, 8
16, 656.160, 15.870, 8
17, 677.030, 15.870, 8
18, 697.900, 15.870, 8
19, 718.770, 15.870, 8
20, 739.640, 15.870, 8
21, 760.510, 15.870, 8
22, 781.380, 15.870, 3
23, 802.250, 15.870, 3
24, 823.120, 15.870, 3
25, 843.990, 15.870, 3
26, 864.860, 15.870, 3
27, 885.730, 15.870, 3
28, 906.600, 15.870, 3
29, 927.470, 15.870, 3
30, 948.340, 15.870, 3
31, 969.210, 15.870, 3
32, 530.940, 24.370, 8
33, 551.810, 24.370, 8
34, 572.680, 24.370, 8
35, 593.550, 24.370, 8
36, 614.420, 24.370, 8
37, 635.290, 24.370, 8
38, 656.160, 24.370, 8
39, 677.030, 24.370, 8
40, 697.900, 24.370, 8
41, 718.770, 24.370, 8
42, 739.640, 24.370, 8
43, 760.510, 24.370, 8
44, 781.380, 24.370, 3
45, 802.250, 24.370, 3
46, 823.120, 24.370, 3
47, 843.990, 24.370, 3
48, 864.860, 24.370, 3
49, 885.730, 24.370, 3
50, 906.600, 24.370, 3
51, 927.470, 24.370, 3
52, 948.340, 24.370, 3
53, 969.210, 24.370, 3
54, 990.080, 24.370, 3
55, 1010.950, 24.370, 3
56, 1031.820, 24.370, 3
57, 489.200, 32.870, 18
58, 510.070, 32.870, 18
59, 530.940, 32.870, 8
60, 551.810, 32.870, 8
61, 572.680, 32.870, 8
62, 593.550, 32.870, 8
63, 614.420, 32.870, 8
64, 635.290, 32.870, 8
65, 656.160, 32.870, 8
66, 677.030, 32.870, 8
67, 697.900, 32.870, 8
68, 718.770, 32.870, 8
69, 739.640, 32.870, 8
70, 760.510, 32.870, 8
71, 781.380, 32.870, 3
72, 802.250, 32.870, 3
73, 823.120, 32.870, 3
74, 843.990, 32.870, 3
75, 864.860, 32.870, 3
76, 885.730, 32.870, 3
77, 906.600, 32.870, 3
78, 927.470, 32.870, 3
79, 948.340, 32.870, 3
80, 969.210, 32.870, 3
81, 990.080, 32.870, 3
82, 1010.950, 32.870, 3
83, 1031.820, 32.870, 3
84, 426.590, 41.370, 18
85, 447.460, 41.370, 18
86, 468.330, 41.370, 18
87, 489.200, 41.370, 18
88, 510.070, 41.370, 18
89, 530.940, 41.370, 8
90, 551.810, 41.370, 8
91, 572.680, 41.370, 8
92, 593.550, 41.370, 8
93, 614.420, 41.370, 8
94, 635.290, 41.370, 8
95, 656.160, 41.370, 8
96, 677.030, 41.370, 8
97, 697.900, 41.370, 8
98, 718.770, 41.370, 8
99, 739.640, 41.370, 8
100, 760.510, 41.370, 8
101, 781.380, 41.370, 3
102, 802.250, 41.370, 3
103, 823.120, 41.370, 3
104, 843.990, 41.370, 3
105, 864.860, 41.370, 3
106, 885.730, 41.370, 3
107, 906.600, 41.370, 3
108, 927.470, 41.370, 3
109, 948.340, 41.370, 3
110, 969.210, 41.370, 3
111, 990.080, 41.370, 3
112, 1010.950, 41.370, 3
113, 1031.820, 41.370, 3
114, 384.850, 49.870, 18
115, 405.720, 49.870, 18
116, 426.590, 49.870, 18
117, 447.460, 49.870, 18
118, 468.330, 49.870, 18
119, 489.200, 49.870, 18
120, 510.070, 49.870, 18
121, 530.940, 49.870, 8
122, 551.810, 49.870, 8
123, 572.680, 49.870, 8
124, 593.550, 49.870, 8
125, 614.420, 49.870, 8
126, 635.290, 49.870, 8
127, 656.160, 49.870, 8
128, 677.030, 49.870, 8
129, 697.900, 49.870, 8
130, 718.770, 49.870, 8
131, 739.640, 49.870, 8
132, 760.510, 49.870, 8
133, 781.380, 49.870, 8
134, 802.250, 49.870, 3
135, 823.120, 49.870, 3
136, 843.990, 49.870, 3
137, 864.860, 49.870, 3
138, 885.730, 49.870, 3
139, 906.600, 49.870, 3
140, 927.470, 49.870, 3
141, 948.340, 49.870, 3
142, 969.210, 49.870, 3
143, 990.080, 49.870, 3
144, 1010.950, 49.870, 3
145, 1031.820, 49.870, 3
146, 1052.690, 49.870, 3
147, 322.240, 58.370, 18
148, 343.110, 58.370, 18
149, 363.980, 58.370, 18
150, 384.850, 58.370, 18
151, 405.720, 58.370, 18
152, 426.590, 58.370, 18
153, 447.460, 58.370, 18
154, 468.330, 58.370, 18
155, 489.200, 58.370, 18
156, 510.070, 58.370, 18
157, 530.940, 58.370, 18
158, 551.810, 58.370, 8
159, 572.680, 58.370, 8
160, 593.550, 58.370, 8
161, 614.420, 58.370, 8
162, 635.290, 58.370, 8
163, 656.160, 58.370, 8
164, 677.030, 58.370, 8
165, 697.900, 58.370, 8
166, 718.770, 58.370, 8
167, 739.640, 58.370, 8
168, 760.510, 58.370, 8
169, 781.380, 58.370, 8
170, 802.250, 58.370, 3
171, 823.120, 58.370, 3
172, 843.990, 58.370, 3
173, 864.860, 58.370, 3
174, 885.730, 58.370, 3
175, 906.600, 58.370, 3
176, 927.470, 58.370, 3
177, 948.340, 58.370, 3
178, 969.210, 58.370, 3
179, 990.080, 58.370, 3
180, 1010.950, 58.370, 3
181, 1031.820, 58.370, 3
182, 1052.690, 58.370, 3
183, 1073.560, 58.370, 3
184, 322.240, 66.870, 18
185, 343.110, 66.870, 18
186, 363.980, 66.870, 18
187, 384.850, 66.870, 18
188, 405.720, 66.870, 18
189, 426.590, 66.870, 18
190, 447.460, 66.870, 18
191, 468.330, 66.870, 18
192, 489.200, 66.870, 18
193, 510.070, 66.870, 18
194, 530.940, 66.870, 18
195, 551.810, 66.870, 8
196, 572.680, 66.870, 8
197, 593.550, 66.870, 8
198, 614.420, 66.870, 8
199, 635.290, 66.870, 8
200, 656.160, 66.870, 8
201, 677.030, 66.870, 8
202, 697.900, 66.870, 8
203, 718.770, 66.870, 8
204, 739.640, 66.870, 8
205, 760.510, 66.870, 8
206, 781.380, 66.870, 8
207, 802.250, 66.870, 3
208, 823.120, 66.870, 3
209, 843.990, 66.870, 3
210, 864.860, 66.870, 3
211, 885.730, 66.870, 3
212, 906.600, 66.870, 3
213, 927.470, 66.870, 3
214, 948.340, 66.870, 3
215, 969.210, 66.870, 3
216, 990.080, 66.870, 3
217, 1010.950, 66.870, 3
218, 1031.820, 66.870, 3
219, 1052.690, 66.870, 3
220, 1073.560, 66.870, 3
221, 301.370, 75.370, 18
222, 322.240, 75.370, 18
223, 343.110, 75.370, 18
224, 363.980, 75.370, 18
225, 384.850, 75.370, 18
226, 405.720, 75.370, 18
227, 426.590, 75.370, 18
228, 447.460, 75.370, 18
229, 468.330, 75.370, 18
230, 489.200, 75.370, 18
231, 510.070, 75.370, 18
232, 530.940, 75.370, 18
233, 551.810, 75.370, 8
234, 572.680, 75.370, 8
235, 593.550, 75.370, 8
236, 614.420, 75.370, 8
237, 635.290, 75.370, 8
238, 656.160, 75.370, 8
239, 677.030, 75.370, 8
240, 697.900, 75.370, 8
241, 718.770, 75.370, 8
242, 739.640, 75.370, 8
243, 760.510, 75.370, 8
244, 781.380, 75.370, 12
245, 802.250, 75.370, 12
246, 823.120, 75.370, 3
247, 843.990, 75.370, 3
248, 864.860, 75.370, 3
249, 885.730, 75.370, 3
250, 906.600, 75.370, 3
251, 927.470, 75.370, 3
252, 948.340, 75.370, 3
253, 969.210, 75.370, 3
254, 990.080, 75.370, 3
255, 1010.950, 75.370, 3
256, 1031.820, 75.370, 3
257, 1052.690, 75.370, 3
258, 1073.560, 75.370, 6
259, 1094.430, 75.370, 6
260, 301.370, 83.870, 18
261, 322.240, 83.870, 18
262, 343.110, 83.870, 18
263, 363.980, 83.870, 18
264, 384.850, 83.870, 18
265, 405.720, 83.870, 18
266, 426.590, 83.870, 18
267, 447.460, 83.870, 18
268, 468.330, 83.870, 18
269, 489.200, 83.870, 18
270, 510.070, 83.870, 18
271, 530.940, 83.870, 18
272, 551.810, 83.870, 8
273, 572.680, 83.870, 8
274, 593.550, 83.870, 8
275, 614.420, 83.870, 8
276, 635.290, 83.870, 8
277, 656.160, 83.870, 8
278, 677.030, 83.870, 8
279, 697.900, 83.870, 8
280, 718.770, 83.870, 8
281, 739.640, 83.870, 8
282, 760.510, 83.870, 8
283, 781.380, 83.870, 12
284, 802.250, 83.870, 12
285, 823.120, 83.870, 12
286, 843.990, 83.870, 12
287, 864.860, 83.870, 12
288, 885.730, 83.870, 12
289, 906.600, 83.870, 12
290, 927.470, 83.870, 12
291, 948.340, 83.870, 12
292, 969.210, 83.870, 6
293, 990.080, 83.870, 6
294, 1010.950, 83.870, 6
295, 1031.820, 83.870, 6
296, 1052.690, 83.870, 6
297, 1073.560, 83.870, 6
298, 1094.430, 83.870, 6
299, 1115.300, 83.870, 6
300, 280.500, 92.370, 18
301, 301.370, 92.370, 18
302, 322.240, 92.370, 18
303, 343.110, 92.370, 18
304, 363.980, 92.370, 18
305, 384.850, 92.370, 18
306, 405.720, 92.370, 18
307, 426.590, 92.370, 18
308, 447.460, 92.370, 18
309, 468.330, 92.370, 18
310, 489.200, 92.370, 18
311, 510.070, 92.370, 18
312, 530.940, 92.370, 18
313, 551.810, 92.370, 4
314, 572.680, 92.370, 4
315, 593.550, 92.370, 4
316, 614.420, 92.370, 4
317, 635.290, 92.370, 4
318, 656.160, 92.370, 4
319, 677.030, 92.370, 4
320, 697.900, 92.370, 4
321, 718.770, 92.370, 4
322, 739.640, 92.370, 4
323, 760.510, 92.370, 12
324, 781.380, 92.370, 12
325, 802.250, 92.370, 12
326, 823.120, 92.370, 12
327, 843.990, 92.370, 12
328, 864.860, 92.370, 12
329, 885.730, 92.370, 12
330, 906.600, 92.370, 12
331, 927.470, 92.370, 12
332, 948.340, 92.370, 12
333, 969.210, 92.370, 6
334, 990.080, 92.370, 6
335, 1010.950, 92.370, 6
336, 1031.820, 92.370, 6
337, 1052.690, 92.370, 6
338, 1073.560, 92.370, 6
339, 1094.430, 92.370, 6
340, 1115.300, 92.370, 6
341, 259.630, 100.870, 18
342, 280.500, 100.870, 18
343, 301.370, 100.870, 18
344, 322.240, 100.870, 18
345, 343.110, 100.870, 18
346, 363.980, 100.870, 18
347, 384.850, 100.870, 18
348, 405.720, 100.870, 18
349, 426.590, 100.870, 18
350, 447.460, 100.870, 18
351, 468.330, 100.870, 18
352, 489.200, 100.870, 18
353, 510.070, 100.870, 18
354, 530.940, 100.870, 4
355, 551.810, 100.870, 4
356, 572.680, 100.870, 4
357, 593.550, 100.870, 4
358, 614.420, 100.870, 4
359, 635.290, 100.870, 4
360, 656.160, 100.870, 4
361, 677.030, 100.870, 4
362, 697.900, 100.870, 4
363, 718.770, 100.870, 4
364, 739.640, 100.870, 4
365, 760.510, 100.870, 12
366, 781.380, 100.870, 12
367, 802.250, 100.870, 12
368, 823.120, 100.870, 12
369, 843.990, 100.870, 12
370, 864.860, 100.870, 12
371, 885.730, 100.870, 12
372, 906.600, 100.870, 12
373, 927.470, 100.870, 12
374, 948.340, 100.870, 12
375, 969.210, 100.870, 6
376, 990.080, 100.870, 6
377, 1010.950, 100.870, 6
378, 1031.820, 100.870, 6
379, 1052.690, 100.870, 6
380, 1073.560, 100.870, 6
381, 1094.430, 100.870, 6
382, 1115.300, 100.870, 6
383, 1136.170, 100.870, 6
384, 259.630, 109.370, 18
385, 280.500, 109.370, 18
386, 301.370, 109.370, 18
387, 322.240, 109.370, 18
388, 343.110, 109.370, 18
389, 363.980, 109.370, 18
390, 384.850, 109.370, 18
391, 405.720, 109.370, 18
392, 426.590, 109.370, 18
393, 447.460, 109.370, 18
394, 468.330, 109.370, 18
395, 489.200, 109.370, 18
396, 510.070, 109.370, 18
397, 530.940, 109.370, 4
398, 551.810, 109.370, 4
399, 572.680, 109.370, 4
400, 593.550, 109.370, 4
401, 614.420, 109.370, 4
402, 635.290, 109.370, 4
403, 656.160, 109.370, 4
404, 677.030, 109.370, 4
405, 697.900, 109.370, 4
406, 718.770, 109.370, 4
407, 739.640, 109.370, 4
408, 760.510, 109.370, 12
409, 781.380, 109.370, 12
410, 802.250, 109.370, 12
411, 823.120, 109.370, 12
412, 843.990, 109.370, 12
413, 864.860, 109.370, 12
414, 885.730, 109.370, 12
415, 906.600, 109.370, 12
416, 927.470, 109.370, 12
417, 948.340, 109.370, 12
418, 969.210, 109.370, 6
419, 990.080, 109.370, 6
420, 1010.950, 109.370, 6
421, 1031.820, 109.370, 6
422, 1052.690, 109.370, 6
423, 1073.560, 109.370, 6
424, 1094.430, 109.370, 6
425, 1115.300, 109.370, 6
426, 1136.170, 109.370, 6
427, 1157.040, 109.370, 6
428, 238.760, 117.870, 16
429, 259.630, 117.870, 16
430, 280.500, 117.870, 16
431, 301.370, 117.870, 16
432, 322.240, 117.870, 18
433, 343.110, 117.870, 18
434, 363.980, 117.870, 18
435, 384.850, 117.870, 18
436, 405.720, 117.870, 18
437, 426.590, 117.870, 18
438, 447.460, 117.870, 18
439, 468.330, 117.870, 18
440, 489.200, 117.870, 18
441, 510.070, 117.870, 18
442, 530.940, 117.870, 4
443, 551.810, 117.870, 4
444, 572.680, 117.870, 4
445, 593.550, 117.870, 4
446, 614.420, 117.870, 4
447, 635.290, 117.870, 4
448, 656.160, 117.870, 4
449, 677.030, 117.870, 4
450, 697.900, 117.870, 4
451, 718.770, 117.870, 4
452, 739.640, 117.870, 4
453, 760.510, 117.870, 12
454, 781.380, 117.870, 12
455, 802.250, 117.870, 12
456, 823.120, 117.870, 12
457, 843.990, 117.870, 12
458, 864.860, 117.870, 12
459, 885.730, 117.870, 12
460, 906.600, 117.870, 12
461, 927.470, 117.870, 12
462, 948.340, 117.870, 12
463, 969.210, 117.870, 6
464, 990.080, 117.870, 6
465, 1010.950, 117.870, 6
466, 1031.820, 117.870, 6
467, 1052.690, 117.870, 6
468, 1073.560, 117.870, 6
469, 1094.430, 117.870, 6
470, 1115.300, 117.870, 6
471, 1136.170, 117.870, 6
472, 1157.040, 117.870, 6
473, 217.890, 126.370, 16
474, 238.760, 126.370, 16
475, 259.630, 126.370, 16
476, 280.500, 126.370, 16
477, 301.370, 126.370, 16
478, 322.240, 126.370, 16
479, 343.110, 126.370, 16
480, 363.980, 126.370, 16
481, 384.850, 126.370, 16
482, 405.720, 126.370, 16
483, 426.590, 126.370, 16
484, 447.460, 126.370, 16
485, 468.330, 126.370, 16
486, 489.200, 126.370, 16
487, 510.070, 126.370, 16
488, 530.940, 126.370, 4
489, 551.810, 126.370, 4
490, 572.680, 126.370, 4
491, 593.550, 126.370, 4
492, 614.420, 126.370, 4
493, 635.290, 126.370, 4
494, 656.160, 126.370, 4
495, 677.030, 126.370, 4
496, 697.900, 126.370, 4
497, 718.770, 126.370, 4
498, 739.640, 126.370, 4
499, 760.510, 126.370, 12
500, 781.380, 126.370, 12
501, 802.250, 126.370, 12
502, 823.120, 126.370, 12
503, 843.990, 126.370, 12
504, 864.860, 126.370, 12
505, 885.730, 126.370, 12
506, 906.600, 126.370, 12
507, 927.470, 126.370, 12
508, 948.340, 126.370, 12
509, 969.210, 126.370, 6
510, 990.080, 126.370, 6
511, 1010.950, 126.370, 6
512, 1031.820, 126.370, 6
513, 1052.690, 126.370, 6
514, 1073.560, 126.370, 6
515, 1094.430, 126.370, 6
516, 1115.300, 126.370, 6
517, 1136.170, 126.370, 6
518, 1157.040, 126.370, 6
519, 1177.910, 126.370, 6
520, 217.890, 134.870, 16
521, 238.760, 134.870, 16
522, 259.630, 134.870, 16
523, 280.500, 134.870, 16
524, 301.370, 134.870, 16
525, 322.240, 134.870, 16
526, 343.110, 134.870, 16
527, 363.980, 134.870, 16
528, 384.850, 134.870, 16
529, 405.720, 134.870, 16
530, 426.590, 134.870, 16
531, 447.460, 134.870, 16
532, 468.330, 134.870, 16
533, 489.200, 134.870, 16
534, 510.070, 134.870, 16
535, 530.940, 134.870, 4
536, 551.810, 134.870, 4
537, 572.680, 134.870, 4
538, 593.550, 134.870, 4
539, 614.420, 134.870, 4
540, 635.290, 134.870, 4
541, 656.160, 134.870, 4
542, 677.030, 134.870, 4
543, 697.900, 134.870, 4
544, 718.770, 134.870, 4
545, 739.640, 134.870, 4
546, 760.510, 134.870, 12
547, 781.380, 134.870, 12
548, 802.250, 134.870, 12
549, 823.120, 134.870, 12
550, 843.990, 134.870, 12
551, 864.860, 134.870, 12
552, 885.730, 134.870, 12
553, 906.600, 134.870, 12
554, 927.470, 134.870, 12
555, 948.340, 134.870, 12
556, 969.210, 134.870, 6
557, 990.080, 134.870, 6
558, 1010.950, 134.870, 6
559, 1031.820, 134.870, 6
560, 1052.690, 134.870, 6
561, 1073.560, 134.870, 6
562, 1094.430, 134.870, 6
563, 1115.300, 134.870, 6
564, 1136.170, 134.870, 6
565, 1157.040, 134.870, 6
566, 1177.910, 134.870, 6
567, 1198.780, 134.870, 6
568, 197.020, 143.370, 16
569, 217.890, 143.370, 16
570, 238.760, 143.370, 16
571, 259.630, 143.370, 16
572, 280.500, 143.370, 16
573, 301.370, 143.370, 16
574, 322.240, 143.370, 16
575, 343.110, 143.370, 16
576, 363.980, 143.370, 16
577, 384.850, 143.370, 16
578, 405.720, 143.370, 16
579, 426.590, 143.370, 16
580, 447.460, 143.370, 16
581, 468.330, 143.370, 16
582, 489.200, 143.370, 16
583, 510.070, 143.370, 16
584, 530.940, 143.370, 4
585, 551.810, 143.370, 4
586, 572.680, 143.370, 4
587, 593.550, 143.370, 4
588, 614.420, 143.370, 4
589, 635.290, 143.370, 4
590, 656.160, 143.370, 4
591, 677.030, 143.370, 4
592, 697.900, 143.370, 4
593, 718.770, 143.370, 4
594, 739.640, 143.370, 4
595, 760.510, 143.370, 12
596, 781.380, 143.370, 12
597, 802.250, 143.370, 12
598, 823.120, 143.370, 12
599, 843.990, 143.370, 12
600, 864.860, 143.370, 12
601, 885.730, 143.370, 12
602, 906.600, 143.370, 12
603, 927.470, 143.370, 12
604, 948.340, 143.370, 12
605, 969.210, 143.370, 6
606, 990.080, 143.370, 6
607, 1010.950, 143.370, 6
608, 1031.820, 143.370, 6
609, 1052.690, 143.370, 6
610, 1073.560, 143.370, 6
611, 1094.430, 143.370, 6
612, 1115.300, 143.370, 6
613, 1136.170, 143.370, 6
614, 1157.040, 143.370, 6
615, 1177.910, 143.370, 6
616, 1198.780, 143.370, 6
617, 176.150, 151.870, 16
618, 197.020, 151.870, 16
619, 217.890, 151.870, 16
620, 238.760, 151.870, 16
621, 259.630, 151.870, 16
622, 280.500, 151.870, 16
623, 301.370, 151.870, 16
624, 322.240, 151.870, 16
625, 343.110, 151.870, 16
626, 363.980, 151.870, 16
627, 384.850, 151.870, 16
628, 405.720, 151.870, 16
629, 426.590, 151.870, 16
630, 447.460, 151.870, 16
631, 468.330, 151.870, 16
632, 489.200, 151.870, 16
633, 510.070, 151.870, 16
634, 530.940, 151.870, 4
635, 551.810, 151.870, 4
636, 572.680, 151.870, 4
637, 593.550, 151.870, 4
638, 614.420, 151.870, 4
639, 635.290, 151.870, 4
640, 656.160, 151.870, 4
641, 677.030, 151.870, 4
642, 697.900, 151.870, 4
643, 718.770, 151.870, 4
644, 739.640, 151.870, 4
645, 760.510, 151.870, 12
646, 781.380, 151.870, 12
647, 802.250, 151.870, 12
648, 823.120, 151.870, 12
649, 843.990, 151.870, 12
650, 864.860, 151.870, 12
651, 885.730, 151.870, 12
652, 906.600, 151.870, 12
653, 927.470, 151.870, 12
654, 948.340, 151.870, 12
655, 969.210, 151.870, 6
656, 990.080, 151.870, 6
657, 1010.950, 151.870, 6
658, 1031.820, 151.870, 6
659, 1052.690, 151.870, 6
660, 1073.560, 151.870, 6
661, 1094.430, 151.870, 6
662, 1115.300, 151.870, 6
663, 1136.170, 151.870, 6
664, 1157.040, 151.870, 6
665, 1177.910, 151.870, 6
666, 1198.780, 151.870, 6
667, 1219.650, 151.870, 6
668, 197.020, 160.370, 16
669, 217.890, 160.370, 16
670, 238.760, 160.370, 16
671, 259.630, 160.370, 16
672, 280.500, 160.370, 16
673, 301.370, 160.370, 16
674, 322.240, 160.370, 16
675, 343.110, 160.370, 16
676, 363.980, 160.370, 16
677, 384.850, 160.370, 16
678, 405.720, 160.370, 16
679, 426.590, 160.370, 16
680, 447.460, 160.370, 16
681, 468.330, 160.370, 16
682, 489.200, 160.370, 16
683, 510.070, 160.370, 16
684, 530.940, 160.370, 4
685, 551.810, 160.370, 4
686, 572.680, 160.370, 4
687, 593.550, 160.370, 4
688, 614.420, 160.370, 4
689, 635.290, 160.370, 4
690, 656.160, 160.370, 4
691, 677.030, 160.370, 4
692, 697.900, 160.370, 4
693, 718.770, 160.370, 4
694, 739.640, 160.370, 4
695, 760.510, 160.370, 12
696, 781.380, 160.370, 12
697, 802.250, 160.370, 12
698, 823.120, 160.370, 12
699, 843.990, 160.370, 12
700, 864.860, 160.370, 12
701, 885.730, 160.370, 12
702, 906.600, 160.370, 12
703, 927.470, 160.370, 12
704, 948.340, 160.370, 12
705, 969.210, 160.370, 6
706, 990.080, 160.370, 6
707, 1010.950, 160.370, 6
708, 1031.820, 160.370, 6
709, 1052.690, 160.370, 6
710, 1073.560, 160.370, 6
711, 1094.430, 160.370, 6
712, 1115.300, 160.370, 6
713, 1136.170, 160.370, 6
714, 1157.040, 160.370, 6
715, 1177.910, 160.370, 6
716, 1198.780, 160.370, 6
717, 1219.650, 160.370, 6
718, 1240.520, 160.370, 6
719, 197.020, 168.870, 16
720, 217.890, 168.870, 16
721, 238.760, 168.870, 16
722, 259.630, 168.870, 16
723, 280.500, 168.870, 16
724, 301.370, 168.870, 16
725, 322.240, 168.870, 16
726, 343.110, 168.870, 16
727, 363.980, 168.870, 16
728, 384.850, 168.870, 16
729, 405.720, 168.870, 16
730, 426.590, 168.870, 16
731, 447.460, 168.870, 16
732, 468.330, 168.870, 16
733, 489.200, 168.870, 16
734, 510.070, 168.870, 16
735, 530.940, 168.870, 4
736, 551.810, 168.870, 4
737, 572.680, 168.870, 4
738, 593.550, 168.870, 4
739, 614.420, 168.870, 4
740, 635.290, 168.870, 4
741, 656.160, 168.870, 4
742, 677.030, 168.870, 4
743, 697.900, 168.870, 4
744, 718.770, 168.870, 4
745, 739.640, 168.870, 4
746, 760.510, 168.870, 14
747, 781.380, 168.870, 14
748, 802.250, 168.870, 12
749, 823.120, 168.870, 12
750, 843.990, 168.870, 12
751, 864.860, 168.870, 12
752, 885.730, 168.870, 12
753, 906.600, 168.870, 12
754, 927.470, 168.870, 12
755, 948.340, 168.870, 12
756, 969.210, 168.870, 11
757, 990.080, 168.870, 11
758, 1010.950, 168.870, 11
759, 1031.820, 168.870, 11
760, 1052.690, 168.870, 11
761, 1073.560, 168.870, 11
762, 1094.430, 168.870, 11
763, 1115.300, 168.870, 11
764, 1136.170, 168.870, 11
765, 1157.040, 168.870, 11
766, 1177.910, 168.870, 11
767, 1198.780, 168.870, 11
768, 1219.650, 168.870, 11
769, 217.890, 177.370, 16
770, 238.760, 177.370, 16
771, 259.630, 177.370, 16
772, 280.500, 177.370, 16
773, 301.370, 177.370, 16
774, 322.240, 177.370, 16
775, 343.110, 177.370, 16
776, 363.980, 177.370, 16
777, 384.850, 177.370, 16
778, 405.720, 177.370, 16
779, 426.590, 177.370, 17
780, 447.460, 177.370, 17
781, 468.330, 177.370, 17
782, 489.200, 177.370, 17
783, 510.070, 177.370, 5
784, 530.940, 177.370, 5
785, 551.810, 177.370, 5
786, 572.680, 177.370, 5
787, 593.550, 177.370, 5
788, 614.420, 177.370, 5
789, 635.290, 177.370, 5
790, 656.160, 177.370, 5
791, 677.030, 177.370, 5
792, 697.900, 177.370, 5
793, 718.770, 177.370, 14
794, 739.640, 177.370, 14
795, 760.510, 177.370, 14
796, 781.380, 177.370, 14
797, 802.250, 177.370, 14
798, 823.120, 177.370, 14
799, 843.990, 177.370, 14
800, 864.860, 177.370, 14
801, 885.730, 177.370, 14
802, 906.600, 177.370, 14
803, 927.470, 177.370, 14
804, 948.340, 177.370, 14
805, 969.210, 177.370, 14
806, 990.080, 177.370, 11
807, 1010.950, 177.370, 11
808, 1031.820, 177.370, 11
809, 1052.690, 177.370, 11
810, 1073.560, 177.370, 11
811, 1094.430, 177.370, 11
812, 1115.300, 177.370, 11
813, 1136.170, 177.370, 11
814, 1157.040, 177.370, 11
815, 1177.910, 177.370, 11
816, 1198.780, 177.370, 11
817, 1219.650, 177.370, 11
818, 217.890, 185.870, 17
819, 238.760, 185.870, 17
820, 259.630, 185.870, 17
821, 280.500, 185.870, 17
822, 301.370, 185.870, 17
823, 322.240, 185.870, 17
824, 343.110, 185.870, 17
825, 363.980, 185.870, 17
826, 384.850, 185.870, 17
827, 405.720, 185.870, 17
828, 426.590, 185.870, 17
829, 447.460, 185.870, 17
830, 468.330, 185.870, 17
831, 489.200, 185.870, 17
832, 510.070, 185.870, 5
833, 530.940, 185.870, 5
834, 551.810, 185.870, 5
835, 572.680, 185.870, 5
836, 593.550, 185.870, 5
837, 614.420, 185.870, 5
838, 635.290, 185.870, 5
839, 656.160, 185.870, 5
840, 677.030, 185.870, 5
841, 697.900, 185.870, 5
842, 718.770, 185.870, 14
843, 739.640, 185.870, 14
844, 760.510, 185.870, 14
845, 781.380, 185.870, 14
846, 802.250, 185.870, 14
847, 823.120, 185.870, 14
848, 843.990, 185.870, 14
849, 864.860, 185.870, 14
850, 885.730, 185.870, 14
851, 906.600, 185.870, 14
852, 927.470, 185.870, 14
853, 948.340, 185.870, 14
854, 969.210, 185.870, 14
855, 990.080, 185.870, 11
856, 1010.950, 185.870, 11
857, 1031.820, 185.870, 11
858, 1052.690, 185.870, 11
859, 1073.560, 185.870, 11
860, 1094.430, 185.870, 11
861, 1115.300, 185.870, 11
862, 1136.170, 185.870, 11
863, 1157.040, 185.870, 11
864, 1177.910, 185.870, 11
865, 1198.780, 185.870, 11
866, 1219.650, 185.870, 11
867, 238.760, 194.370, 17
868, 259.630, 194.370, 17
869, 280.500, 194.370, 17
870, 301.370, 194.370, 17
871, 322.240, 194.370, 17
872, 343.110, 194.370, 17
873, 363.980, 194.370, 17
874, 384.850, 194.370, 17
875, 405.720, 194.370, 17
876, 426.590, 194.370, 17
877, 447.460, 194.370, 17
878, 468.330, 194.370, 17
879, 489.200, 194.370, 17
880, 510.070, 194.370, 5
881, 530.940, 194.370, 5
882, 551.810, 194.370, 5
883, 572.680, 194.370, 5
884, 593.550, 194.370, 5
885, 614.420, 194.370, 5
886, 635.290, 194.370, 5
887, 656.160, 194.370, 5
888, 677.030, 194.370, 5
889, 697.900, 194.370, 5
890, 718.770, 194.370, 14
891, 739.640, 194.370, 14
892, 760.510, 194.370, 14
893, 781.380, 194.370, 14
894, 802.250, 194.370, 14
895, 823.120, 194.370, 14
896, 843.990, 194.370, 14
897, 864.860, 194.370, 14
898, 885.730, 194.370, 14
899, 906.600, 194.370, 14
900, 927.470, 194.370, 14
901, 948.340, 194.370, 14
902, 969.210, 194.370, 14
903, 990.080, 194.370, 11
904, 1010.950, 194.370, 11
905, 1031.820, 194.370, 11
906, 1052.690, 194.370, 11
907, 1073.560, 194.370, 11
908, 1094.430, 194.370, 11
909, 1115.300, 194.370, 11
910, 1136.170, 194.370, 11
911, 1157.040, 194.370, 11
912, 1177.910, 194.370, 11
913, 1198.780, 194.370, 11
914, 1219.650, 194.370, 11
915, 238.760, 202.870, 17
916, 259.630, 202.870, 17
917, 280.500, 202.870, 17
918, 301.370, 202.870, 17
919, 322.240, 202.870, 17
920, 343.110, 202.870, 17
921, 363.980, 202.870, 17
922, 384.850, 202.870, 17
923, 405.720, 202.870, 17
924, 426.590, 202.870, 17
925, 447.460, 202.870, 17
926, 468.330, 202.870, 17
927, 489.200, 202.870, 17
928, 510.070, 202.870, 5
929, 530.940, 202.870, 5
930, 551.810, 202.870, 5
931, 572.680, 202.870, 5
932, 593.550, 202.870, 5
933, 614.420, 202.870, 5
934, 635.290, 202.870, 5
935, 656.160, 202.870, 5
936, 677.030, 202.870, 5
937, 697.900, 202.870, 5
938, 718.770, 202.870, 14
939, 739.640, 202.870, 14
940, 760.510, 202.870, 14
941, 781.380, 202.870, 14
942, 802.250, 202.870, 14
943, 823.120, 202.870, 14
944, 843.990, 202.870, 14
945, 864.860, 202.870, 14
946, 885.730, 202.870, 14
947, 906.600, 202.870, 14
948, 927.470, 202.870, 14
949, 948.340, 202.870, 14
950, 969.210, 202.870, 14
951, 990.080, 202.870, 11
952, 1010.950, 202.870, 11
953, 1031.820, 202.870, 11
954, 1052.690, 202.870, 11
955, 1073.560, 202.870, 11
956, 1094.430, 202.870, 11
957, 1115.300, 202.870, 11
958, 1136.170, 202.870, 11
959, 1157.040, 202.870, 11
960, 1177.910, 202.870, 11
961, 1198.780, 202.870, 11
962, 1219.650, 202.870, 11
963, 259.630, 211.370, 17
964, 280.500, 211.370, 17
965, 301.370, 211.370, 17
966, 322.240, 211.370, 17
967, 343.110, 211.370, 17
968, 363.980, 211.370, 17
969, 384.850, 211.370, 17
970, 405.720, 211.370, 17
971, 426.590, 211.370, 17
972, 447.460, 211.370, 17
973, 468.330, 211.370, 17
974, 489.200, 211.370, 17
975, 510.070, 211.370, 5
976, 530.940, 211.370, 5
977, 551.810, 211.370, 5
978, 572.680, 211.370, 5
979, 593.550, 211.370, 5
980, 614.420, 211.370, 5
981, 635.290, 211.370, 5
982, 656.160, 211.370, 5
983, 677.030, 211.370, 5
984, 697.900, 211.370, 5
985, 718.770, 211.370, 14
986, 739.640, 211.370, 14
987, 760.510, 211.370, 14
988, 781.380, 211.370, 14
989, 802.250, 211.370, 14
990, 823.120, 211.370, 14
991, 843.990, 211.370, 14
992, 864.860, 211.370, 14
993, 885.730, 211.370, 14
994, 906.600, 211.370, 14
995, 927.470, 211.370, 14
996, 948.340, 211.370, 14
997, 969.210, 211.370, 14
998, 990.080, 211.370, 11
999, 1010.950, 211.370, 11
1000, 1031.820, 211.370, 11
1001, 1052.690, 211.370, 11
1002, 1073.560, 211.370, 11
1003, 1094.430, 211.370, 11
1004, 1115.300, 211.370, 11
1005, 1136.170, 211.370, 11
1006, 1157.040, 211.370, 11
1007, 1177.910, 211.370, 11
1008, 1198.780, 211.370, 11
1009, 1219.650, 211.370, 11
1010, 259.630, 219.870, 17
1011, 280.500, 219.870, 17
1012, 301.370, 219.870, 17
1013, 322.240, 219.870, 17
1014, 343.110, 219.870, 17
1015, 363.980, 219.870, 17
1016, 384.850, 219.870, 17
1017, 405.720, 219.870, 17
1018, 426.590, 219.870, 17
1019, 447.460, 219.870, 17
1020, 468.330, 219.870, 17
1021, 489.200, 219.870, 17
1022, 510.070, 219.870, 5
1023, 530.940, 219.870, 5
1024, 551.810, 219.870, 5
1025, 572.680, 219.870, 5
1026, 593.550, 219.870, 5
1027, 614.420, 219.870, 5
1028, 635.290, 219.870, 5
1029, 656.160, 219.870, 5
1030, 677.030, 219.870, 5
1031, 697.900, 219.870, 5
1032, 718.770, 219.870, 14
1033, 739.640, 219.870, 14
1034, 760.510, 219.870, 14
1035, 781.380, 219.870, 14
1036, 802.250, 219.870, 14
1037, 823.120, 219.870, 14
1038, 843.990, 219.870, 14
1039, 864.860, 219.870, 14
1040, 885.730, 219.870, 14
1041, 906.600, 219.870, 14
1042, 927.470, 219.870, 14
1043, 948.340, 219.870, 14
1044, 969.210, 219.870, 14
1045, 990.080, 219.870, 11
1046, 1010.950, 219.870, 11
1047, 1031.820, 219.870, 11
1048, 1052.690, 219.870, 11
1049, 1073.560, 219.870, 11
1050, 1094.430, 219.870, 11
1051, 1115.300, 219.870, 11
1052, 1136.170, 219.870, 11
1053, 1157.040, 219.870, 11
1054, 1177.910, 219.870, 11
1055, 1198.780, 219.870, 11
1056, 1219.650, 219.870, 11
1057, 259.630, 228.370, 17
1058, 280.500, 228.370, 17
1059, 301.370, 228.370, 17
1060, 322.240, 228.370, 17
1061, 343.110, 228.370, 17
1062, 363.980, 228.370, 17
1063, 384.850, 228.370, 17
1064, 405.720, 228.370, 17
1065, 426.590, 228.370, 17
1066, 447.460, 228.370, 17
1067, 468.330, 228.370, 17
1068, 489.200, 228.370, 17
1069, 510.070, 228.370, 5
1070, 530.940, 228.370, 5
1071, 551.810, 228.370, 5
1072, 572.680, 228.370, 5
1073, 593.550, 228.370, 5
1074, 614.420, 228.370, 5
1075, 635.290, 228.370, 5
1076, 656.160, 228.370, 5
1077, 677.030, 228.370, 5
1078, 697.900, 228.370, 5
1079, 718.770, 228.370, 14
1080, 739.640, 228.370, 14
1081, 760.510, 228.370, 14
1082, 781.380, 228.370, 14
1083, 802.250, 228.370, 14
1084, 823.120, 228.370, 14
1085, 843.990, 228.370, 14
1086, 864.860, 228.370, 14
1087, 885.730, 228.370, 14
1088, 906.600, 228.370, 14
1089, 927.470, 228.370, 14
1090, 948.340, 228.370, 14
1091, 969.210, 228.370, 14
1092, 990.080, 228.370, 11
1093, 1010.950, 228.370, 11
1094, 1031.820, 228.370, 11
1095, 1052.690, 228.370, 11
1096, 1073.560, 228.370, 11
1097, 1094.430, 228.370, 11
1098, 1115.300, 228.370, 11
1099, 1136.170, 228.370, 11
1100, 1157.040, 228.370, 11
1101, 1177.910, 228.370, 11
1102, 1198.780, 228.370, 11
1103, 1219.650, 228.370, 11
1104, 280.500, 236.870, 17
1105, 301.370, 236.870, 17
1106, 322.240, 236.870, 17
1107, 343.110, 236.870, 17
1108, 363.980, 236.870, 17
1109, 384.850, 236.870, 17
1110, 405.720, 236.870, 17
1111, 426.590, 236.870, 17
1112, 447.460, 236.870, 17
1113, 468.330, 236.870, 17
1114, 489.200, 236.870, 17
1115, 510.070, 236.870, 5
1116, 530.940, 236.870, 5
1117, 551.810, 236.870, 5
1118, 572.680, 236.870, 5
1119, 593.550, 236.870, 5
1120, 614.420, 236.870, 5
1121, 635.290, 236.870, 5
1122, 656.160, 236.870, 5
1123, 677.030, 236.870, 5
1124, 697.900, 236.870, 5
1125, 718.770, 236.870, 14
1126, 739.640, 236.870, 14
1127, 760.510, 236.870, 14
1128, 781.380, 236.870, 14
1129, 802.250, 236.870, 14
1130, 823.120, 236.870, 14
1131, 843.990, 236.870, 14
1132, 864.860, 236.870, 14
1133, 885.730, 236.870, 14
1134, 906.600, 236.870, 14
1135, 927.470, 236.870, 14
1136, 948.340, 236.870, 14
1137, 969.210, 236.870, 14
1138, 990.080, 236.870, 11
1139, 1010.950, 236.870, 11
1140, 1031.820, 236.870, 11
1141, 1052.690, 236.870, 11
1142, 1073.560, 236.870, 11
1143, 1094.430, 236.870, 11
1144, 1115.300, 236.870, 11
1145, 1136.170, 236.870, 11
1146, 1157.040, 236.870, 11
1147, 1177.910, 236.870, 11
1148, 1198.780, 236.870, 11
1149, 1219.650, 236.870, 11
1150, 280.500, 245.370, 17
1151, 301.370, 245.370, 17
1152, 322.240, 245.370, 17
1153, 343.110, 245.370, 17
1154, 363.980, 245.370, 17
1155, 384.850, 245.370, 17
1156, 405.720, 245.370, 17
1157, 426.590, 245.370, 17
1158, 447.460, 245.370, 17
1159, 468.330, 245.370, 17
1160, 489.200, 245.370, 17
1161, 510.070, 245.370, 5
1162, 530.940, 245.370, 5
1163, 551.810, 245.370, 5
1164, 572.680, 245.370, 5
1165, 593.550, 245.370, 5
1166, 614.420, 245.370, 5
1167, 635.290, 245.370, 5
1168, 656.160, 245.370, 5
1169, 677.030, 245.370, 5
1170, 697.900, 245.370, 5
1171, 718.770, 245.370, 9
1172, 739.640, 245.370, 9
1173, 760.510, 245.370, 9
1174, 781.380, 245.370, 9
1175, 802.250, 245.370, 9
1176, 823.120, 245.370, 9
1177, 843.990, 245.370, 9
1178, 864.860, 245.370, 9
1179, 885.730, 245.370, 9
1180, 906.600, 245.370, 14
1181, 927.470, 245.370, 14
1182, 948.340, 245.370, 14
1183, 969.210, 245.370, 7
1184, 990.080, 245.370, 7
1185, 1010.950, 245.370, 7
1186, 1031.820, 245.370, 7
1187, 1052.690, 245.370, 7
1188, 1073.560, 245.370, 7
1189, 1094.430, 245.370, 7
1190, 1115.300, 245.370, 7
1191, 1136.170, 245.370, 7
1192, 1157.040, 245.370, 7
1193, 1177.910, 245.370, 7
1194, 1198.780, 245.370, 7
1195, 1219.650, 245.370, 7
1196, 301.370, 253.870, 15
1197, 322.240, 253.870, 15
1198, 343.110, 253.870, 15
1199, 363.980, 253.870, 17
1200, 384.850, 253.870, 17
1201, 405.720, 253.870, 17
1202, 426.590, 253.870, 17
1203, 447.460, 253.870, 17
1204, 468.330, 253.870, 17
1205, 489.200, 253.870, 17
1206, 510.070, 253.870, 5
1207, 530.940, 253.870, 5
1208, 551.810, 253.870, 5
1209, 572.680, 253.870, 5
1210, 593.550, 253.870, 5
1211, 614.420, 253.870, 5
1212, 635.290, 253.870, 5
1213, 656.160, 253.870, 5
1214, 677.030, 253.870, 5
1215, 697.900, 253.870, 5
1216, 718.770, 253.870, 9
1217, 739.640, 253.870, 9
1218, 760.510, 253.870, 9
1219, 781.380, 253.870, 9
1220, 802.250, 253.870, 9
1221, 823.120, 253.870, 9
1222, 843.990, 253.870, 9
1223, 864.860, 253.870, 9
1224, 885.730, 253.870, 9
1225, 906.600, 253.870, 9
1226, 927.470, 253.870, 7
1227, 948.340, 253.870, 7
1228, 969.210, 253.870, 7
1229, 990.080, 253.870, 7
1230, 1010.950, 253.870, 7
1231, 1031.820, 253.870, 7
1232, 1052.690, 253.870, 7
1233, 1073.560, 253.870, 7
1234, 1094.430, 253.870, 7
1235, 1115.300, 253.870, 7
1236, 1136.170, 253.870, 7
1237, 1157.040, 253.870, 7
1238, 1177.910, 253.870, 7
1239, 1198.780, 253.870, 7
1240, 1219.650, 253.870, 7
1241, 301.370, 262.370, 15
1242, 322.240, 262.370, 15
1243, 343.110, 262.370, 15
1244, 363.980, 262.370, 15
1245, 384.850, 262.370, 15
1246, 405.720, 262.370, 15
1247, 426.590, 262.370, 15
1248, 447.460, 262.370, 15
1249, 468.330, 262.370, 15
1250, 489.200, 262.370, 15
1251, 510.070, 262.370, 15
1252, 530.940, 262.370, 5
1253, 551.810, 262.370, 5
1254, 572.680, 262.370, 5
1255, 593.550, 262.370, 5
1256, 614.420, 262.370, 5
1257, 635.290, 262.370, 5
1258, 656.160, 262.370, 5
1259, 677.030, 262.370, 5
1260, 697.900, 262.370, 5
1261, 718.770, 262.370, 9
1262, 739.640, 262.370, 9
1263, 760.510, 262.370, 9
1264, 781.380, 262.370, 9
1265, 802.250, 262.370, 9
1266, 823.120, 262.370, 9
1267, 843.990, 262.370, 9
1268, 864.860, 262.370, 9
1269, 885.730, 262.370, 9
1270, 906.600, 262.370, 9
1271, 927.470, 262.370, 7
1272, 948.340, 262.370, 7
1273, 969.210, 262.370, 7
1274, 990.080, 262.370, 7
1275, 1010.950, 262.370, 7
1276, 1031.820, 262.370, 7
1277, 1052.690, 262.370, 7
1278, 1073.560, 262.370, 7
1279, 1094.430, 262.370, 7
1280, 1115.300, 262.370, 7
1281, 1136.170, 262.370, 7
1282, 1157.040, 262.370, 7
1283, 1177.910, 262.370, 7
1284, 1198.780, 262.370, 7
1285, 1219.650, 262.370, 7
1286, 322.240, 270.870, 15
1287, 343.110, 270.870, 15
1288, 363.980, 270.870, 15
1289, 384.850, 270.870, 15
1290, 405.720, 270.870, 15
1291, 426.590, 270.870, 15
1292, 447.460, 270.870, 15
1293, 468.330, 270.870, 15
1294, 489.200, 270.870, 15
1295, 510.070, 270.870, 15
1296, 530.940, 270.870, 1
1297, 551.810, 270.870, 1
1298, 572.680, 270.870, 1
1299, 593.550, 270.870, 1
1300, 614.420, 270.870, 1
1301, 635.290, 270.870, 1
1302, 656.160, 270.870, 1
1303, 677.030, 270.870, 1
1304, 697.900, 270.870, 1
1305, 718.770, 270.870, 9
1306, 739.640, 270.870, 9
1307, 760.510, 270.870, 9
1308, 781.380, 270.870, 9
1309, 802.250, 270.870, 9
1310, 823.120, 270.870, 9
1311, 843.990, 270.870, 9
1312, 864.860, 270.870, 9
1313, 885.730, 270.870, 9
1314, 906.600, 270.870, 9
1315, 927.470, 270.870, 7
1316, 948.340, 270.870, 7
1317, 969.210, 270.870, 7
1318, 990.080, 270.870, 7
1319, 1010.950, 270.870, 7
1320, 1031.820, 270.870, 7
1321, 1052.690, 270.870, 7
1322, 1073.560, 270.870, 7
1323, 1094.430, 270.870, 7
1324, 1115.300, 270.870, 7
1325, 1136.170, 270.870, 7
1326, 1157.040, 270.870, 7
1327, 1177.910, 270.870, 7
1328, 1198.780, 270.870, 7
1329, 1219.650, 270.870, 7
1330, 322.240, 279.370, 15
1331, 343.110, 279.370, 15
1332, 363.980, 279.370, 15
1333, 384.850, 279.370, 15
1334, 405.720, 279.370, 15
1335, 426.590, 279.370, 15
1336, 447.460, 279.370, 15
1337, 468.330, 279.370, 15
1338, 489.200, 279.370, 15
1339, 510.070, 279.370, 15
1340, 530.940, 279.370, 1
1341, 551.810, 279.370, 1
1342, 572.680, 279.370, 1
1343, 593.550, 279.370, 1
1344, 614.420, 279.370, 1
1345, 635.290, 279.370, 1
1346, 656.160, 279.370, 1
1347, 677.030, 279.370, 1
1348, 697.900, 279.370, 1
1349, 718.770, 279.370, 9
1350, 739.640, 279.370, 9
1351, 760.510, 279.370, 9
1352, 781.380, 279.370, 9
1353, 802.250, 279.370, 9
1354, 823.120, 279.370, 9
1355, 843.990, 279.370, 9
1356, 864.860, 279.370, 9
1357, 885.730, 279.370, 9
1358, 906.600, 279.370, 9
1359, 927.470, 279.370, 7
1360, 948.340, 279.370, 7
1361, 969.210, 279.370, 7
1362, 990.080, 279.370, 7
1363, 1010.950, 279.370, 7
1364, 1031.820, 279.370, 7
1365, 1052.690, 279.370, 7
1366, 1073.560, 279.370, 7
1367, 1094.430, 279.370, 7
1368, 1115.300, 279.370, 7
1369, 1136.170, 279.370, 7
1370, 1157.040, 279.370, 7
1371, 1177.910, 279.370, 7
1372, 1198.780, 279.370, 7
1373, 1219.650, 279.370, 7
1374, 343.110, 287.870, 15
1375, 363.980, 287.870, 15
1376, 384.850, 287.870, 15
1377, 405.720, 287.870, 15
1378, 426.590, 287.870, 15
1379, 447.460, 287.870, 15
1380, 468.330, 287.870, 15
1381, 489.200, 287.870, 15
1382, 510.070, 287.870, 15
1383, 530.940, 287.870, 1
1384, 551.810, 287.870, 1
1385, 572.680, 287.870, 1
1386, 593.550, 287.870, 1
1387, 614.420, 287.870, 1
1388, 635.290, 287.870, 1
1389, 656.160, 287.870, 1
1390, 677.030, 287.870, 1
1391, 697.900, 287.870, 1
1392, 718.770, 287.870, 9
1393, 739.640, 287.870, 9
1394, 760.510, 287.870, 9
1395, 781.380, 287.870, 9
1396, 802.250, 287.870, 9
1397, 823.120, 287.870, 9
1398, 843.990, 287.870, 9
1399, 864.860, 287.870, 9
1400, 885.730, 287.870, 9
1401, 906.600, 287.870, 9
1402, 927.470, 287.870, 7
1403, 948.340, 287.870, 7
1404, 969.210, 287.870, 7
1405, 990.080, 287.870, 7
1406, 1010.950, 287.870, 7
1407, 1031.820, 287.870, 7
1408, 1052.690, 287.870, 7
1409, 1073.560, 287.870, 7
1410, 1094.430, 287.870, 7
1411, 1115.300, 287.870, 7
1412, 1136.170, 287.870, 7
1413, 1157.040, 287.870, 7
1414, 1177.910, 287.870, 7
1415, 1198.780, 287.870, 7
1416, 1219.650, 287.870, 7
1417, 343.110, 296.370, 15
1418, 363.980, 296.370, 15
1419, 384.850, 296.370, 15
1420, 405.720, 296.370, 15
1421, 426.590, 296.370, 15
1422, 447.460, 296.370, 15
1423, 468.330, 296.370, 15
1424, 489.200, 296.370, 15
1425, 510.070, 296.370, 15
1426, 530.940, 296.370, 1
1427, 551.810, 296.370, 1
1428, 572.680, 296.370, 1
1429, 593.550, 296.370, 1
1430, 614.420, 296.370, 1
1431, 635.290, 296.370, 1
1432, 656.160, 296.370, 1
1433, 677.030, 296.370, 1
1434, 697.900, 296.370, 1
1435, 718.770, 296.370, 9
1436, 739.640, 296.370, 9
1437, 760.510, 296.370, 9
1438, 781.380, 296.370, 9
1439, 802.250, 296.370, 9
1440, 823.120, 296.370, 9
1441, 843.990, 296.370, 9
1442, 864.860, 296.370, 9
1443, 885.730, 296.370, 9
1444, 906.600, 296.370, 9
1445, 927.470, 296.370, 7
1446, 948.340, 296.370, 7
1447, 969.210, 296.370, 7
1448, 990.080, 296.370, 7
1449, 1010.950, 296.370, 7
1450, 1031.820, 296.370, 7
1451, 1052.690, 296.370, 7
1452, 1073.560, 296.370, 7
1453, 1094.430, 296.370, 7
1454, 1115.300, 296.370, 7
1455, 1136.170, 296.370, 7
1456, 1157.040, 296.370, 7
1457, 1177.910, 296.370, 7
1458, 1198.780, 296.370, 7
1459, 1219.650, 296.370, 7
1460, 343.110, 304.870, 15
1461, 363.980, 304.870, 15
1462, 384.850, 304.870, 15
1463, 405.720, 304.870, 15
1464, 426.590, 304.870, 15
1465, 447.460, 304.870, 15
1466, 468.330, 304.870, 15
1467, 489.200, 304.870, 15
1468, 510.070, 304.870, 15
1469, 530.940, 304.870, 1
1470, 551.810, 304.870, 1
1471, 572.680, 304.870, 1
1472, 593.550, 304.870, 1
1473, 614.420, 304.870, 1
1474, 635.290, 304.870, 1
1475, 656.160, 304.870, 1
1476, 677.030, 304.870, 1
1477, 697.900, 304.870, 1
1478, 718.770, 304.870, 9
1479, 739.640, 304.870, 9
1480, 760.510, 304.870, 9
1481, 781.380, 304.870, 9
1482, 802.250, 304.870, 9
1483, 823.120, 304.870, 9
1484, 843.990, 304.870, 9
1485, 864.860, 304.870, 9
1486, 885.730, 304.870, 9
1487, 906.600, 304.870, 9
1488, 927.470, 304.870, 7
1489, 948.340, 304.870, 7
1490, 969.210, 304.870, 7
1491, 990.080, 304.870, 7
1492, 1010.950, 304.870, 7
1493, 1031.820, 304.870, 7
1494, 1052.690, 304.870, 13
1495, 1073.560, 304.870, 13
1496, 1094.430, 304.870, 13
1497, 1115.300, 304.870, 13
1498, 1136.170, 304.870, 13
1499, 1157.040, 304.870, 13
1500, 1177.910, 304.870, 13
1501, 1198.780, 304.870, 13
1502, 1219.650, 304.870, 13
1503, 363.980, 313.370, 15
1504, 384.850, 313.370, 15
1505, 405.720, 313.370, 15
1506, 426.590, 313.370, 15
1507, 447.460, 313.370, 15
1508, 468.330, 313.370, 15
1509, 489.200, 313.370, 15
1510, 510.070, 313.370, 15
1511, 530.940, 313.370, 1
1512, 551.810, 313.370, 1
1513, 572.680, 313.370, 1
1514, 593.550, 313.370, 1
1515, 614.420, 313.370, 1
1516, 635.290, 313.370, 1
1517, 656.160, 313.370, 1
1518, 677.030, 313.370, 1
1519, 697.900, 313.370, 1
1520, 718.770, 313.370, 9
1521, 739.640, 313.370, 9
1522, 760.510, 313.370, 9
1523, 781.380, 313.370, 9
1524, 802.250, 313.370, 9
1525, 823.120, 313.370, 9
1526, 843.990, 313.370, 9
1527, 864.860, 313.370, 9
1528, 885.730, 313.370, 9
1529, 906.600, 313.370, 9
1530, 927.470, 313.370, 13
1531, 948.340, 313.370, 13
1532, 969.210, 313.370, 13
1533, 990.080, 313.370, 13
1534, 1010.950, 313.370, 13
1535, 1031.820, 313.370, 13
1536, 1052.690, 313.370, 13
1537, 1073.560, 313.370, 13
1538, 1094.430, 313.370, 13
1539, 1115.300, 313.370, 13
1540, 1136.170, 313.370, 13
1541, 1157.040, 313.370, 13
1542, 1177.910, 313.370, 13
1543, 1198.780, 313.370, 13
1544, 1219.650, 313.370, 13
1545, 363.980, 321.870, 15
1546, 384.850, 321.870, 15
1547, 405.720, 321.870, 15
1548, 426.590, 321.870, 15
1549, 447.460, 321.870, 15
1550, 468.330, 321.870, 15
1551, 489.200, 321.870, 15
1552, 510.070, 321.870, 15
1553, 530.940, 321.870, 1
1554, 551.810, 321.870, 1
1555, 572.680, 321.870, 1
1556, 593.550, 321.870, 1
1557, 614.420, 321.870, 1
1558, 635.290, 321.870, 1
1559, 656.160, 321.870, 1
1560, 677.030, 321.870, 1
1561, 697.900, 321.870, 1
1562, 718.770, 321.870, 9
1563, 739.640, 321.870, 9
1564, 760.510, 321.870, 9
1565, 781.380, 321.870, 9
1566, 802.250, 321.870, 9
1567, 823.120, 321.870, 9
1568, 843.990, 321.870, 9
1569, 864.860, 321.870, 9
1570, 885.730, 321.870, 9
1571, 906.600, 321.870, 9
1572, 927.470, 321.870, 13
1573, 948.340, 321.870, 13
1574, 969.210, 321.870, 13
1575, 990.080, 321.870, 13
1576, 1010.950, 321.870, 13
1577, 1031.820, 321.870, 13
1578, 1052.690, 321.870, 13
1579, 1073.560, 321.870, 13
1580, 1094.430, 321.870, 13
1581, 1115.300, 321.870, 13
1582, 1136.170, 321.870, 13
1583, 1157.040, 321.870, 13
1584, 1177.910, 321.870, 13
1585, 1198.780, 321.870, 13
1586, 1219.650, 321.870, 13
1587, 384.850, 330.370, 15
1588, 405.720, 330.370, 15
1589, 426.590, 330.370, 15
1590, 447.460, 330.370, 15
1591, 468.330, 330.370, 15
1592, 489.200, 330.370, 15
1593, 510.070, 330.370, 15
1594, 530.940, 330.370, 1
1595, 551.810, 330.370, 1
1596, 572.680, 330.370, 1
1597, 593.550, 330.370, 1
1598, 614.420, 330.370, 1
1599, 635.290, 330.370, 1
1600, 656.160, 330.370, 1
1601, 677.030, 330.370, 1
1602, 697.900, 330.370, 1
1603, 718.770, 330.370, 9
1604, 739.640, 330.370, 9
1605, 760.510, 330.370, 9
1606, 781.380, 330.370, 9
1607, 802.250, 330.370, 9
1608, 823.120, 330.370, 9
1609, 843.990, 330.370, 9
1610, 864.860, 330.370, 9
1611, 885.730, 330.370, 9
1612, 906.600, 330.370, 9
1613, 927.470, 330.370, 13
1614, 948.340, 330.370, 13
1615, 969.210, 330.370, 13
1616, 990.080, 330.370, 13
1617, 1010.950, 330.370, 13
1618, 1031.820, 330.370, 13
1619, 1052.690, 330.370, 13
1620, 1073.560, 330.370, 13
1621, 1094.430, 330.370, 13
1622, 1115.300, 330.370, 13
1623, 1136.170, 330.370, 13
1624, 1157.040, 330.370, 13
1625, 1177.910, 330.370, 13
1626, 1198.780, 330.370, 13
1627, 384.850, 338.870, 15
1628, 405.720, 338.870, 15
1629, 426.590, 338.870, 15
1630, 447.460, 338.870, 15
1631, 468.330, 338.870, 15
1632, 489.200, 338.870, 15
1633, 510.070, 338.870, 15
1634, 530.940, 338.870, 1
1635, 551.810, 338.870, 1
1636, 572.680, 338.870, 1
1637, 593.550, 338.870, 1
1638, 614.420, 338.870, 1
1639, 635.290, 338.870, 1
1640, 656.160, 338.870, 1
1641, 677.030, 338.870, 1
1642, 697.900, 338.870, 1
1643, 718.770, 338.870, 1
1644, 739.640, 338.870, 2
1645, 760.510, 338.870, 2
1646, 781.380, 338.870, 2
1647, 802.250, 338.870, 2
1648, 823.120, 338.870, 2
1649, 843.990, 338.870, 2
1650, 864.860, 338.870, 2
1651, 885.730, 338.870, 2
1652, 906.600, 338.870, 2
1653, 927.470, 338.870, 2
1654, 948.340, 338.870, 13
1655, 969.210, 338.870, 13
1656, 990.080, 338.870, 13
1657, 1010.950, 338.870, 13
1658, 1031.820, 338.870, 13
1659, 1052.690, 338.870, 13
1660, 1073.560, 338.870, 13
1661, 1094.430, 338.870, 13
1662, 1115.300, 338.870, 13
1663, 1136.170, 338.870, 13
1664, 1157.040, 338.870, 13
1665, 1177.910, 338.870, 13
1666, 405.720, 347.370, 15
1667, 426.590, 347.370, 15
1668, 447.460, 347.370, 15
1669, 468.330, 347.370, 15
1670, 489.200, 347.370, 15
1671, 510.070, 347.370, 15
1672, 530.940, 347.370, 1
1673, 551.810, 347.370, 1
1674, 572.680, 347.370, 1
1675, 593.550, 347.370, 1
1676, 614.420, 347.370, 1
1677, 635.290, 347.370, 1
1678, 656.160, 347.370, 1
1679, 677.030, 347.370, 1
1680, 697.900, 347.370, 1
1681, 718.770, 347.370, 1
1682, 739.640, 347.370, 2
1683, 760.510, 347.370, 2
1684, 781.380, 347.370, 2
1685, 802.250, 347.370, 2
1686, 823.120, 347.370, 2
1687, 843.990, 347.370, 2
1688, 864.860, 347.370, 2
1689, 885.730, 347.370, 2
1690, 906.600, 347.370, 2
1691, 927.470, 347.370, 2
1692, 948.340, 347.370, 2
1693, 969.210, 347.370, 13
1694, 990.080, 347.370, 13
1695, 1010.950, 347.370, 13
1696, 1031.820, 347.370, 13
1697, 1052.690, 347.370, 13
1698, 1073.560, 347.370, 13
1699, 1094.430, 347.370, 13
1700, 1115.300, 347.370, 13
1701, 1136.170, 347.370, 13
1702, 1157.040, 347.370, 13
1703, 405.720, 355.870, 15
1704, 426.590, 355.870, 15
1705, 447.460, 355.870, 15
1706, 468.330, 355.870, 15
1707, 489.200, 355.870, 15
1708, 510.070, 355.870, 15
1709, 530.940, 355.870, 15
1710, 551.810, 355.870, 1
1711, 572.680, 355.870, 1
1712, 593.550, 355.870, 1
1713, 614.420, 355.870, 1
1714, 635.290, 355.870, 1
1715, 656.160, 355.870, 1
1716, 677.030, 355.870, 1
1717, 697.900, 355.870, 1
1718, 718.770, 355.870, 1
1719, 739.640, 355.870, 2
1720, 760.510, 355.870, 2
1721, 781.380, 355.870, 2
1722, 802.250, 355.870, 2
1723, 823.120, 355.870, 2
1724, 843.990, 355.870, 2
1725, 864.860, 355.870, 2
1726, 885.730, 355.870, 2
1727, 906.600, 355.870, 2
1728, 927.470, 355.870, 2
1729, 948.340, 355.870, 2
1730, 969.210, 355.870, 13
1731, 990.080, 355.870, 13
1732, 1010.950, 355.870, 13
1733, 1031.820, 355.870, 13
1734, 1052.690, 355.870, 13
1735, 1073.560, 355.870, 13
1736, 1094.430, 355.870, 13
1737, 1115.300, 355.870, 13
1738, 1136.170, 355.870, 13
1739, 426.590, 364.370, 15
1740, 447.460, 364.370, 15
1741, 468.330, 364.370, 15
1742, 489.200, 364.370, 15
1743, 510.070, 364.370, 15
1744, 530.940, 364.370, 10
1745, 551.810, 364.370, 10
1746, 572.680, 364.370, 1
1747, 593.550, 364.370, 1
1748, 614.420, 364.370, 1
1749, 635.290, 364.370, 1
1750, 656.160, 364.370, 1
1751, 677.030, 364.370, 1
1752, 697.900, 364.370, 1
1753, 718.770, 364.370, 1
1754, 739.640, 364.370, 2
1755, 760.510, 364.370, 2
1756, 781.380, 364.370, 2
1757, 802.250, 364.370, 2
1758, 823.120, 364.370, 2
1759, 843.990, 364.370, 2
1760, 864.860, 364.370, 2
1761, 885.730, 364.370, 2
1762, 906.600, 364.370, 2
1763, 927.470, 364.370, 2
1764, 948.340, 364.370, 2
1765, 969.210, 364.370, 13
1766, 990.080, 364.370, 13
1767, 1010.950, 364.370, 13
1768, 1031.820, 364.370, 13
1769, 1052.690, 364.370, 13
1770, 1073.560, 364.370, 13
1771, 1094.430, 364.370, 13
1772, 1115.300, 364.370, 13
1773, 426.590, 372.870, 10
1774, 447.460, 372.870, 10
1775, 468.330, 372.870, 10
1776, 489.200, 372.870, 10
1777, 510.070, 372.870, 10
1778, 530.940, 372.870, 10
1779, 551.810, 372.870, 10
1780, 572.680, 372.870, 10
1781, 593.550, 372.870, 10
1782, 614.420, 372.870, 10
1783, 635.290, 372.870, 10
1784, 656.160, 372.870, 10
1785, 677.030, 372.870, 10
1786, 697.900, 372.870, 10
1787, 718.770, 372.870, 10
1788, 739.640, 372.870, 2
1789, 760.510, 372.870, 2
1790, 781.380, 372.870, 2
1791, 802.250, 372.870, 2
1792, 823.120, 372.870, 2
1793, 843.990, 372.870, 2
1794, 864.860, 372.870, 2
1795, 885.730, 372.870, 2
1796, 906.600, 372.870, 2
1797, 927.470, 372.870, 2
1798, 948.340, 372.870, 2
1799, 969.210, 372.870, 13
1800, 990.080, 372.870, 13
1801, 1010.950, 372.870, 13
1802, 1031.820, 372.870, 13
1803, 1052.690, 372.870, 13
1804, 1073.560, 372.870, 13
1805, 1094.430, 372.870, 13
1806, 426.590, 381.370, 10
1807, 447.460, 381.370, 10
1808, 468.330, 381.370, 10
1809, 489.200, 381.370, 10
1810, 510.070, 381.370, 10
1811, 530.940, 381.370, 10
1812, 551.810, 381.370, 10
1813, 572.680, 381.370, 10
1814, 593.550, 381.370, 10
1815, 614.420, 381.370, 10
1816, 635.290, 381.370, 10
1817, 656.160, 381.370, 10
1818, 677.030, 381.370, 10
1819, 697.900, 381.370, 10
1820, 718.770, 381.370, 10
1821, 739.640, 381.370, 2
1822, 760.510, 381.370, 2
1823, 781.380, 381.370, 2
1824, 802.250, 381.370, 2
1825, 823.120, 381.370, 2
1826, 843.990, 381.370, 2
1827, 864.860, 381.370, 2
1828, 885.730, 381.370, 2
1829, 906.600, 381.370, 2
1830, 927.470, 381.370, 2
1831, 948.340, 381.370, 2
1832, 969.210, 381.370, 13
1833, 990.080, 381.370, 13
1834, 1010.950, 381.370, 13
1835, 1031.820, 381.370, 13
1836, 1052.690, 381.370, 13
1837, 447.460, 389.870, 10
1838, 468.330, 389.870, 10
1839, 489.200, 389.870, 10
1840, 510.070, 389.870, 10
1841, 530.940, 389.870, 10
1842, 551.810, 389.870, 10
1843, 572.680, 389.870, 10
1844, 593.550, 389.870, 10
1845, 614.420, 389.870, 10
1846, 635.290, 389.870, 10
1847, 656.160, 389.870, 10
1848, 677.030, 389.870, 10
1849, 697.900, 389.870, 10
1850, 718.770, 389.870, 10
1851, 739.640, 389.870, 2
1852, 760.510, 389.870, 2
1853, 781.380, 389.870, 2
1854, 802.250, 389.870, 2
1855, 823.120, 389.870, 2
1856, 843.990, 389.870, 2
1857, 864.860, 389.870, 2
1858, 885.730, 389.870, 2
1859, 906.600, 389.870, 2
1860, 927.470, 389.870, 2
1861, 948.340, 389.870, 2
1862, 969.210, 389.870, 13
1863, 990.080, 389.870, 13
1864, 1010.950, 389.870, 13
1865, 447.460, 398.370, 10
1866, 468.330, 398.370, 10
1867, 489.200, 398.370, 10
1868, 510.070, 398.370, 10
1869, 530.940, 398.370, 10
1870, 551.810, 398.370, 10
1871, 572.680, 398.370, 10
1872, 593.550, 398.370, 10
1873, 614.420, 398.370, 10
1874, 635.290, 398.370, 10
1875, 656.160, 398.370, 10
1876, 677.030, 398.370, 10
1877, 697.900, 398.370, 10
1878, 718.770, 398.370, 10
1879, 739.640, 398.370, 2
1880, 760.510, 398.370, 2
1881, 781.380, 398.370, 2
1882, 802.250, 398.370, 2
1883, 823.120, 398.370, 2
1884, 843.990, 398.370, 2
1885, 864.860, 398.370, 2
1886, 885.730, 398.370, 2
1887, 906.600, 398.370, 2
1888, 927.470, 398.370, 2
1889, 948.340, 398.370, 2
1890, 969.210, 398.370, 13
1891, 990.080, 398.370, 13
1892, 468.330, 406.870, 10
1893, 489.200, 406.870, 10
1894, 510.070, 406.870, 10
1895, 530.940, 406.870, 10
1896, 551.810, 406.870, 10
1897, 572.680, 406.870, 10
1898, 593.550, 406.870, 10
1899, 614.420, 406.870, 10
1900, 635.290, 406.870, 10
1901, 656.160, 406.870, 10
1902, 677.030, 406.870, 10
1903, 697.900, 406.870, 10
1904, 718.770, 406.870, 10
1905, 739.640, 406.870, 2
1906, 760.510, 406.870, 2
1907, 781.380, 406.870, 2
1908, 802.250, 406.870, 2
1909, 823.120, 406.870, 2
1910, 843.990, 406.870, 2
1911, 864.860, 406.870, 2
1912, 885.730, 406.870, 2
1913, 906.600, 406.870, 2
1914, 927.470, 406.870, 2
1915, 948.340, 406.870, 2
1916, 468.330, 415.370, 10
1917, 489.200, 415.370, 10
1918, 510.070, 415.370, 10
1919, 530.940, 415.370, 10
1920, 551.810, 415.370, 10
1921, 572.680, 415.370, 10
1922, 593.550, 415.370, 10
1923, 614.420, 415.370, 10
1924, 635.290, 415.370, 10
1925, 656.160, 415.370, 10
1926, 677.030, 415.370, 10
1927, 697.900, 415.370, 10
1928, 718.770, 415.370, 10
1929, 739.640, 415.370, 10
1930, 760.510, 415.370, 2
1931, 781.380, 415.370, 2
1932, 802.250, 415.370, 2
1933, 823.120, 415.370, 2
1934, 843.990, 415.370, 2
1935, 864.860, 415.370, 2
1936, 885.730, 415.370, 2
1937, 906.600, 415.370, 2
1938, 927.470, 415.370, 2
1939, 489.200, 423.870, 10
1940, 510.070, 423.870, 10
1941, 530.940, 423.870, 10
1942, 551.810, 423.870, 10
1943, 572.680, 423.870, 10
1944, 593.550, 423.870, 10
1945, 614.420, 423.870, 10
1946, 635.290, 423.870, 10
1947, 656.160, 423.870, 10
1948, 677.030, 423.870, 10
1949, 697.900, 423.870, 10
1950, 718.770, 423.870, 10
1951, 739.640, 423.870, 10
1952, 760.510, 423.870, 2
1953, 781.380, 423.870, 2
1954, 489.200, 432.370, 10
1955, 510.070, 432.370, 10
1956, 530.940, 432.370, 10
1957, 551.810, 432.370, 10
1958, 572.680, 432.370, 10
1959, 593.550, 432.370, 10
1960, 614.420, 432.370, 10
1961, 635.290, 432.370, 10
1962, 489.200, 440.870, 10
