1, 839.080, 1.850, 8
2, 859.950, 1.850, 8
3, 880.820, 1.850, 11
4, 901.690, 1.850, 11
5, 922.560, 1.850, 11
6, 943.430, 1.850, 11
7, 964.300, 1.850, 11
8, 985.170, 1.850, 11
9, 1006.040, 1.850, 11
10, 1026.910, 1.850, 11
11, 755.600, 10.350, 8
12, 776.470, 10.350, 8
13, 797.340, 10.350, 8
14, 818.210, 10.350, 8
15, 839.080, 10.350, 8
16, 859.950, 10.350, 8
17, 880.820, 10.350, 11
18, 901.690, 10.350, 11
19, 922.560, 10.350, 11
20, 943.430, 10.350, 11
21, 964.300, 10.350, 11
22, 985.170, 10.350, 11
23, 1006.040, 10.350, 11
24, 1026.910, 10.350, 11
25, 1047.780, 10.350, 11
26, 672.120, 18.850, 8
27, 692.990, 18.850, 8
28, 713.860, 18.850, 8
29, 734.730, 18.850, 8
30, 755.600, 18.850, 8
31, 776.470, 18.850, 8
32, 797.340, 18.850, 8
33, 818.210, 18.850, 8
34, 839.080, 18.850, 8
35, 859.950, 18.850, 8
36, 880.820, 18.850, 11
37, 901.690, 18.850, 11
38, 922.560, 18.850, 11
39, 943.430, 18.850, 11
40, 964.300, 18.850, 11
41, 985.170, 18.850, 11
42, 1006.040, 18.850, 11
43, 1026.910, 18.850, 11
44, 1047.780, 18.850, 11
45, 1068.650, 18.850, 11
46, 630.380, 27.350, 8
47, 651.250, 27.350, 8
48, 672.120, 27.350, 8
49, 692.990, 27.350, 8
50, 713.860, 27.350, 8
51, 734.730, 27.350, 8
52, 755.600, 27.350, 8
53, 776.470, 27.350, 8
54, 797.340, 27.350, 8
55, 818.210, 27.350, 8
56, 839.080, 27.350, 8
57, 859.950, 27.350, 8
58, 880.820, 27.350, 11
59, 901.690, 27.350, 11
60, 922.560, 27.350, 11
61, 943.430, 27.350, 11
62, 964.300, 27.350, 11
63, 985.170, 27.350, 11
64, 1006.040, 27.350, 11
65, 1026.910, 27.350, 11
66, 1047.780, 27.350, 11
67, 1068.650, 27.350, 11
68, 1089.520, 27.350, 11
69, 567.770, 35.850, 8
70, 588.640, 35.850, 8
71, 609.510, 35.850, 8
72, 630.380, 35.850, 8
73, 651.250, 35.850, 8
74, 672.120, 35.850, 8
75, 692.990, 35.850, 8
76, 713.860, 35.850, 8
77, 734.730, 35.850, 8
78, 755.600, 35.850, 8
79, 776.470, 35.850, 8
80, 797.340, 35.850, 8
81, 818.210, 35.850, 8
82, 839.080, 35.850, 8
83, 859.950, 35.850, 8
84, 880.820, 35.850, 11
85, 901.690, 35.850, 11
86, 922.560, 35.850, 11
87, 943.430, 35.850, 11
88, 964.300, 35.850, 11
89, 985.170, 35.850, 11
90, 1006.040, 35.850, 11
91, 1026.910, 35.850, 11
92, 1047.780, 35.850, 11
93, 1068.650, 35.850, 11
94, 546.900, 44.350, 8
95, 567.770, 44.350, 8
96, 588.640, 44.350, 8
97, 609.510, 44.350, 8
98, 630.380, 44.350, 8
99, 651.250, 44.350, 8
100, 672.120, 44.350, 8
101, 692.990, 44.350, 8
102, 713.860, 44.350, 8
103, 734.730, 44.350, 8
104, 755.600, 44.350, 8
105, 776.470, 44.350, 8
106, 797.340, 44.350, 8
107, 818.210, 44.350, 8
108, 839.080, 44.350, 8
109, 859.950, 44.350, 8
110, 880.820, 44.350, 11
111, 901.690, 44.350, 11
112, 922.560, 44.350, 11
113, 943.430, 44.350, 11
114, 964.300, 44.350, 11
115, 985.170, 44.350, 11
116, 1006.040, 44.350, 11
117, 1026.910, 44.350, 11
118, 1047.780, 44.350, 11
119, 1068.650, 44.350, 11
120, 505.160, 52.850, 4
121, 526.030, 52.850, 4
122, 546.900, 52.850, 4
123, 567.770, 52.850, 8
124, 588.640, 52.850, 8
125, 609.510, 52.850, 8
126, 630.380, 52.850, 8
127, 651.250, 52.850, 8
128, 672.120, 52.850, 8
129, 692.990, 52.850, 8
130, 713.860, 52.850, 8
131, 734.730, 52.850, 8
132, 755.600, 52.850, 8
133, 776.470, 52.850, 8
134, 797.340, 52.850, 8
135, 818.210, 52.850, 8
136, 839.080, 52.850, 8
137, 859.950, 52.850, 8
138, 880.820, 52.850, 11
139, 901.690, 52.850, 11
140, 922.560, 52.850, 11
141, 943.430, 52.850, 11
142, 964.300, 52.850, 11
143, 985.170, 52.850, 11
144, 1006.040, 52.850, 11
145, 1026.910, 52.850, 11
146, 1047.780, 52.850, 11
147, 1068.650, 52.850, 11
148, 484.290, 61.350, 4
149, 505.160, 61.350, 4
150, 526.030, 61.350, 4
151, 546.900, 61.350, 4
152, 567.770, 61.350, 8
153, 588.640, 61.350, 8
154, 609.510, 61.350, 8
155, 630.380, 61.350, 8
156, 651.250, 61.350, 8
157, 672.120, 61.350, 8
158, 692.990, 61.350, 8
159, 713.860, 61.350, 8
160, 734.730, 61.350, 8
161, 755.600, 61.350, 8
162, 776.470, 61.350, 8
163, 797.340, 61.350, 8
164, 818.210, 61.350, 8
165, 839.080, 61.350, 8
166, 859.950, 61.350, 11
167, 880.820, 61.350, 11
168, 901.690, 61.350, 11
169, 922.560, 61.350, 11
170, 943.430, 61.350, 11
171, 964.300, 61.350, 11
172, 985.170, 61.350, 11
173, 1006.040, 61.350, 11
174, 1026.910, 61.350, 11
175, 1047.780, 61.350, 11
176, 1068.650, 61.350, 11
177, 442.550, 69.850, 4
178, 463.420, 69.850, 4
179, 484.290, 69.850, 4
180, 505.160, 69.850, 4
181, 526.030, 69.850, 4
182, 546.900, 69.850, 4
183, 567.770, 69.850, 8
184, 588.640, 69.850, 8
185, 609.510, 69.850, 8
186, 630.380, 69.850, 8
187, 651.250, 69.850, 8
188, 672.120, 69.850, 8
189, 692.990, 69.850, 8
190, 713.860, 69.850, 8
191, 734.730, 69.850, 8
192, 755.600, 69.850, 8
193, 776.470, 69.850, 8
194, 797.340, 69.850, 8
195, 818.210, 69.850, 8
196, 839.080, 69.850, 8
197, 859.950, 69.850, 11
198, 880.820, 69.850, 11
199, 901.690, 69.850, 11
200, 922.560, 69.850, 11
201, 943.430, 69.850, 11
202, 964.300, 69.850, 11
203, 985.170, 69.850, 11
204, 1006.040, 69.850, 11
205, 1026.910, 69.850, 11
206, 1047.780, 69.850, 11
207, 1068.650, 69.850, 11
208, 421.680, 78.350, 4
209, 442.550, 78.350, 4
210, 463.420, 78.350, 4
211, 484.290, 78.350, 4
212, 505.160, 78.350, 4
213, 526.030, 78.350, 4
214, 546.900, 78.350, 4
215, 567.770, 78.350, 6
216, 588.640, 78.350, 6
217, 609.510, 78.350, 6
218, 630.380, 78.350, 6
219, 651.250, 78.350, 6
220, 672.120, 78.350, 6
221, 692.990, 78.350, 6
222, 713.860, 78.350, 6
223, 734.730, 78.350, 6
224, 755.600, 78.350, 8
225, 776.470, 78.350, 8
226, 797.340, 78.350, 8
227, 818.210, 78.350, 8
228, 839.080, 78.350, 8
229, 859.950, 78.350, 11
230, 880.820, 78.350, 11
231, 901.690, 78.350, 11
232, 922.560, 78.350, 11
233, 943.430, 78.350, 11
234, 964.300, 78.350, 11
235, 985.170, 78.350, 11
236, 1006.040, 78.350, 11
237, 1026.910, 78.350, 11
238, 1047.780, 78.350, 11
239, 1068.650, 78.350, 11
240, 379.940, 86.850, 4
241, 400.810, 86.850, 4
242, 421.680, 86.850, 4
243, 442.550, 86.850, 4
244, 463.420, 86.850, 4
245, 484.290, 86.850, 4
246, 505.160, 86.850, 4
247, 526.030, 86.850, 4
248, 546.900, 86.850, 4
249, 567.770, 86.850, 6
250, 588.640, 86.850, 6
251, 609.510, 86.850, 6
252, 630.380, 86.850, 6
253, 651.250, 86.850, 6
254, 672.120, 86.850, 6
255, 692.990, 86.850, 6
256, 713.860, 86.850, 6
257, 734.730, 86.850, 6
258, 755.600, 86.850, 2
259, 776.470, 86.850, 2
260, 797.340, 86.850, 2
261, 818.210, 86.850, 2
262, 839.080, 86.850, 2
263, 859.950, 86.850, 2
264, 880.820, 86.850, 2
265, 901.690, 86.850, 2
266, 922.560, 86.850, 11
267, 943.430, 86.850, 11
268, 964.300, 86.850, 11
269, 985.170, 86.850, 11
270, 1006.040, 86.850, 11
271, 1026.910, 86.850, 11
272, 1047.780, 86.850, 11
273, 1068.650, 86.850, 11
274, 359.070, 95.350, 4
275, 379.940, 95.350, 4
276, 400.810, 95.350, 4
277, 421.680, 95.350, 4
278, 442.550, 95.350, 4
279, 463.420, 95.350, 4
280, 484.290, 95.350, 4
281, 505.160, 95.350, 4
282, 526.030, 95.350, 4
283, 546.900, 95.350, 6
284, 567.770, 95.350, 6
285, 588.640, 95.350, 6
286, 609.510, 95.350, 6
287, 630.380, 95.350, 6
288, 651.250, 95.350, 6
289, 672.120, 95.350, 6
290, 692.990, 95.350, 6
291, 713.860, 95.350, 6
292, 734.730, 95.350, 6
293, 755.600, 95.350, 2
294, 776.470, 95.350, 2
295, 797.340, 95.350, 2
296, 818.210, 95.350, 2
297, 839.080, 95.350, 2
298, 859.950, 95.350, 2
299, 880.820, 95.350, 2
300, 901.690, 95.350, 2
301, 922.560, 95.350, 2
302, 943.430, 95.350, 2
303, 964.300, 95.350, 2
304, 985.170, 95.350, 2
305, 1006.040, 95.350, 2
306, 1026.910, 95.350, 2
307, 1047.780, 95.350, 2
308, 1068.650, 95.350, 2
309, 317.330, 103.850, 4
310, 338.200, 103.850, 4
311, 359.070, 103.850, 4
312, 379.940, 103.850, 4
313, 400.810, 103.850, 4
314, 421.680, 103.850, 4
315, 442.550, 103.850, 4
316, 463.420, 103.850, 4
317, 484.290, 103.850, 4
318, 505.160, 103.850, 4
319, 526.030, 103.850, 4
320, 546.900, 103.850, 6
321, 567.770, 103.850, 6
322, 588.640, 103.850, 6
323, 609.510, 103.850, 6
324, 630.380, 103.850, 6
325, 651.250, 103.850, 6
326, 672.120, 103.850, 6
327, 692.990, 103.850, 6
328, 713.860, 103.850, 6
329, 734.730, 103.850, 6
330, 755.600, 103.850, 2
331, 776.470, 103.850, 2
332, 797.340, 103.850, 2
333, 818.210, 103.850, 2
334, 839.080, 103.850, 2
335, 859.950, 103.850, 2
336, 880.820, 103.850, 2
337, 901.690, 103.850, 2
338, 922.560, 103.850, 2
339, 943.430, 103.850, 2
340, 964.300, 103.850, 2
341, 985.170, 103.850, 2
342, 1006.040, 103.850, 2
343, 1026.910, 103.850, 2
344, 1047.780, 103.850, 2
345, 1068.650, 103.850, 2
346, 275.590, 112.350, 4
347, 296.460, 112.350, 4
348, 317.330, 112.350, 4
349, 338.200, 112.350, 4
350, 359.070, 112.350, 4
351, 379.940, 112.350, 4
352, 400.810, 112.350, 4
353, 421.680, 112.350, 4
354, 442.550, 112.350, 4
355, 463.420, 112.350, 4
356, 484.290, 112.350, 4
357, 505.160, 112.350, 4
358, 526.030, 112.350, 4
359, 546.900, 112.350, 6
360, 567.770, 112.350, 6
361, 588.640, 112.350, 6
362, 609.510, 112.350, 6
363, 630.380, 112.350, 6
364, 651.250, 112.350, 6
365, 672.120, 112.350, 6
366, 692.990, 112.350, 6
367, 713.860, 112.350, 6
368, 734.730, 112.350, 6
369, 755.600, 112.350, 2
370, 776.470, 112.350, 2
371, 797.340, 112.350, 2
372, 818.210, 112.350, 2
373, 839.080, 112.350, 2
374, 859.950, 112.350, 2
375, 880.820, 112.350, 2
376, 901.690, 112.350, 2
377, 922.560, 112.350, 2
378, 943.430, 112.350, 2
379, 964.300, 112.350, 2
380, 985.170, 112.350, 2
381, 1006.040, 112.350, 2
382, 1026.910, 112.350, 2
383, 1047.780, 112.350, 2
384, 1068.650, 112.350, 2
385, 254.720, 120.850, 14
386, 275.590, 120.850, 4
387, 296.460, 120.850, 4
388, 317.330, 120.850, 4
389, 338.200, 120.850, 4
390, 359.070, 120.850, 4
391, 379.940, 120.850, 4
392, 400.810, 120.850, 4
393, 421.680, 120.850, 4
394, 442.550, 120.850, 4
395, 463.420, 120.850, 4
396, 484.290, 120.850, 4
397, 505.160, 120.850, 4
398, 526.030, 120.850, 4
399, 546.900, 120.850, 6
400, 567.770, 120.850, 6
401, 588.640, 120.850, 6
402, 609.510, 120.850, 6
403, 630.380, 120.850, 6
404, 651.250, 120.850, 6
405, 672.120, 120.850, 6
406, 692.990, 120.850, 6
407, 713.860, 120.850, 6
408, 734.730, 120.850, 6
409, 755.600, 120.850, 2
410, 776.470, 120.850, 2
411, 797.340, 120.850, 2
412, 818.210, 120.850, 2
413, 839.080, 120.850, 2
414, 859.950, 120.850, 2
415, 880.820, 120.850, 2
416, 901.690, 120.850, 2
417, 922.560, 120.850, 2
418, 943.430, 120.850, 2
419, 964.300, 120.850, 2
420, 985.170, 120.850, 2
421, 1006.040, 120.850, 2
422, 1026.910, 120.850, 2
423, 1047.780, 120.850, 2
424, 233.850, 129.350, 14
425, 254.720, 129.350, 14
426, 275.590, 129.350, 14
427, 296.460, 129.350, 4
428, 317.330, 129.350, 4
429, 338.200, 129.350, 4
430, 359.070, 129.350, 4
431, 379.940, 129.350, 4
432, 400.810, 129.350, 4
433, 421.680, 129.350, 4
434, 442.550, 129.350, 4
435, 463.420, 129.350, 4
436, 484.290, 129.350, 4
437, 505.160, 129.350, 4
438, 526.030, 129.350, 4
439, 546.900, 129.350, 6
440, 567.770, 129.350, 6
441, 588.640, 129.350, 6
442, 609.510, 129.350, 6
443, 630.380, 129.350, 6
444, 651.250, 129.350, 6
445, 672.120, 129.350, 6
446, 692.990, 129.350, 6
447, 713.860, 129.350, 6
448, 734.730, 129.350, 6
449, 755.600, 129.350, 2
450, 776.470, 129.350, 2
451, 797.340, 129.350, 2
452, 818.210, 129.350, 2
453, 839.080, 129.350, 2
454, 859.950, 129.350, 2
455, 880.820, 129.350, 2
456, 901.690, 129.350, 2
457, 922.560, 129.350, 2
458, 943.430, 129.350, 2
459, 964.300, 129.350, 2
460, 985.170, 129.350, 2
461, 1006.040, 129.350, 2
462, 1026.910, 129.350, 2
463, 1047.780, 129.350, 2
464, 212.980, 137.850, 14
465, 233.850, 137.850, 14
466, 254.720, 137.850, 14
467, 275.590, 137.850, 14
468, 296.460, 137.850, 14
469, 317.330, 137.850, 4
470, 338.200, 137.850, 4
471, 359.070, 137.850, 4
472, 379.940, 137.850, 4
473, 400.810, 137.850, 4
474, 421.680, 137.850, 4
475, 442.550, 137.850, 4
476, 463.420, 137.850, 4
477, 484.290, 137.850, 4
478, 505.160, 137.850, 4
479, 526.030, 137.850, 4
480, 546.900, 137.850, 6
481, 567.770, 137.850, 6
482, 588.640, 137.850, 6
483, 609.510, 137.850, 6
484, 630.380, 137.850, 6
485, 651.250, 137.850, 6
486, 672.120, 137.850, 6
487, 692.990, 137.850, 6
488, 713.860, 137.850, 6
489, 734.730, 137.850, 6
490, 755.600, 137.850, 2
491, 776.470, 137.850, 2
492, 797.340, 137.850, 2
493, 818.210, 137.850, 2
494, 839.080, 137.850, 2
495, 859.950, 137.850, 2
496, 880.820, 137.850, 2
497, 901.690, 137.850, 2
498, 922.560, 137.850, 2
499, 943.430, 137.850, 2
500, 964.300, 137.850, 2
501, 985.170, 137.850, 2
502, 1006.040, 137.850, 2
503, 1026.910, 137.850, 2
504, 1047.780, 137.850, 2
505, 192.110, 146.350, 14
506, 212.980, 146.350, 14
507, 233.850, 146.350, 14
508, 254.720, 146.350, 14
509, 275.590, 146.350, 14
510, 296.460, 146.350, 14
511, 317.330, 146.350, 4
512, 338.200, 146.350, 4
513, 359.070, 146.350, 4
514, 379.940, 146.350, 4
515, 400.810, 146.350, 4
516, 421.680, 146.350, 4
517, 442.550, 146.350, 4
518, 463.420, 146.350, 4
519, 484.290, 146.350, 4
520, 505.160, 146.350, 4
521, 526.030, 146.350, 4
522, 546.900, 146.350, 6
523, 567.770, 146.350, 6
524, 588.640, 146.350, 6
525, 609.510, 146.350, 6
526, 630.380, 146.350, 6
527, 651.250, 146.350, 6
528, 672.120, 146.350, 6
529, 692.990, 146.350, 6
530, 713.860, 146.350, 6
531, 734.730, 146.350, 6
532, 755.600, 146.350, 2
533, 776.470, 146.350, 2
534, 797.340, 146.350, 2
535, 818.210, 146.350, 2
536, 839.080, 146.350, 2
537, 859.950, 146.350, 2
538, 880.820, 146.350, 2
539, 901.690, 146.350, 2
540, 922.560, 146.350, 7
541, 943.430, 146.350, 7
542, 964.300, 146.350, 7
543, 985.170, 146.350, 7
544, 1006.040, 146.350, 7
545, 1026.910, 146.350, 7
546, 1047.780, 146.350, 7
547, 171.240, 154.850, 14
548, 192.110, 154.850, 14
549, 212.980, 154.850, 14
550, 233.850, 154.850, 14
551, 254.720, 154.850, 14
552, 275.590, 154.850, 14
553, 296.460, 154.850, 14
554, 317.330, 154.850, 1
555, 338.200, 154.850, 1
556, 359.070, 154.850, 1
557, 379.940, 154.850, 1
558, 400.810, 154.850, 1
559, 421.680, 154.850, 1
560, 442.550, 154.850, 1
561, 463.420, 154.850, 1
562, 484.290, 154.850, 1
563, 505.160, 154.850, 1
564, 526.030, 154.850, 1
565, 546.900, 154.850, 6
566, 567.770, 154.850, 6
567, 588.640, 154.850, 6
568, 609.510, 154.850, 6
569, 630.380, 154.850, 6
570, 651.250, 154.850, 6
571, 672.120, 154.850, 6
572, 692.990, 154.850, 13
573, 713.860, 154.850, 13
574, 734.730, 154.850, 13
575, 755.600, 154.850, 13
576, 776.470, 154.850, 13
577, 797.340, 154.850, 13
578, 818.210, 154.850, 13
579, 839.080, 154.850, 7
580, 859.950, 154.850, 7
581, 880.820, 154.850, 7
582, 901.690, 154.850, 7
583, 922.560, 154.850, 7
584, 943.430, 154.850, 7
585, 964.300, 154.850, 7
586, 985.170, 154.850, 7
587, 1006.040, 154.850, 7
588, 1026.910, 154.850, 7
589, 1047.780, 154.850, 7
590, 150.370, 163.350, 14
591, 171.240, 163.350, 14
592, 192.110, 163.350, 14
593, 212.980, 163.350, 14
594, 233.850, 163.350, 14
595, 254.720, 163.350, 14
596, 275.590, 163.350, 14
597, 296.460, 163.350, 14
598, 317.330, 163.350, 1
599, 338.200, 163.350, 1
600, 359.070, 163.350, 1
601, 379.940, 163.350, 1
602, 400.810, 163.350, 1
603, 421.680, 163.350, 1
604, 442.550, 163.350, 1
605, 463.420, 163.350, 1
606, 484.290, 163.350, 1
607, 505.160, 163.350, 1
608, 526.030, 163.350, 1
609, 546.900, 163.350, 6
610, 567.770, 163.350, 6
611, 588.640, 163.350, 6
612, 609.510, 163.350, 6
613, 630.380, 163.350, 6
614, 651.250, 163.350, 6
615, 672.120, 163.350, 6
616, 692.990, 163.350, 13
617, 713.860, 163.350, 13
618, 734.730, 163.350, 13
619, 755.600, 163.350, 13
620, 776.470, 163.350, 13
621, 797.340, 163.350, 13
622, 818.210, 163.350, 13
623, 839.080, 163.350, 7
624, 859.950, 163.350, 7
625, 880.820, 163.350, 7
626, 901.690, 163.350, 7
627, 922.560, 163.350, 7
628, 943.430, 163.350, 7
629, 964.300, 163.350, 7
630, 985.170, 163.350, 7
631, 1006.040, 163.350, 7
632, 1026.910, 163.350, 7
633, 1047.780, 163.350, 7
634, 129.500, 171.850, 14
635, 150.370, 171.850, 14
636, 171.240, 171.850, 14
637, 192.110, 171.850, 14
638, 212.980, 171.850, 14
639, 233.850, 171.850, 14
640, 254.720, 171.850, 14
641, 275.590, 171.850, 14
642, 296.460, 171.850, 14
643, 317.330, 171.850, 1
644, 338.200, 171.850, 1
645, 359.070, 171.850, 1
646, 379.940, 171.850, 1
647, 400.810, 171.850, 1
648, 421.680, 171.850, 1
649, 442.550, 171.850, 1
650, 463.420, 171.850, 1
651, 484.290, 171.850, 1
652, 505.160, 171.850, 1
653, 526.030, 171.850, 1
654, 546.900, 171.850, 6
655, 567.770, 171.850, 6
656, 588.640, 171.850, 6
657, 609.510, 171.850, 6
658, 630.380, 171.850, 6
659, 651.250, 171.850, 6
660, 672.120, 171.850, 6
661, 692.990, 171.850, 13
662, 713.860, 171.850, 13
663, 734.730, 171.850, 13
664, 755.600, 171.850, 13
665, 776.470, 171.850, 13
666, 797.340, 171.850, 13
667, 818.210, 171.850, 13
668, 839.080, 171.850, 7
669, 859.950, 171.850, 7
670, 880.820, 171.850, 7
671, 901.690, 171.850, 7
672, 922.560, 171.850, 7
673, 943.430, 171.850, 7
674, 964.300, 171.850, 7
675, 985.170, 171.850, 7
676, 1006.040, 171.850, 7
677, 1026.910, 171.850, 7
678, 1047.780, 171.850, 7
679, 108.630, 180.350, 14
680, 129.500, 180.350, 14
681, 150.370, 180.350, 14
682, 171.240, 180.350, 14
683, 192.110, 180.350, 14
684, 212.980, 180.350, 14
685, 233.850, 180.350, 14
686, 254.720, 180.350, 14
687, 275.590, 180.350, 14
688, 296.460, 180.350, 14
689, 317.330, 180.350, 1
690, 338.200, 180.350, 1
691, 359.070, 180.350, 1
692, 379.940, 180.350, 1
693, 400.810, 180.350, 1
694, 421.680, 180.350, 1
695, 442.550, 180.350, 1
696, 463.420, 180.350, 1
697, 484.290, 180.350, 1
698, 505.160, 180.350, 1
699, 526.030, 180.350, 1
700, 546.900, 180.350, 13
701, 567.770, 180.350, 13
702, 588.640, 180.350, 13
703, 609.510, 180.350, 13
704, 630.380, 180.350, 13
705, 651.250, 180.350, 13
706, 672.120, 180.350, 13
707, 692.990, 180.350, 13
708, 713.860, 180.350, 13
709, 734.730, 180.350, 13
710, 755.600, 180.350, 13
711, 776.470, 180.350, 13
712, 797.340, 180.350, 13
713, 818.210, 180.350, 13
714, 839.080, 180.350, 7
715, 859.950, 180.350, 7
716, 880.820, 180.350, 7
717, 901.690, 180.350, 7
718, 922.560, 180.350, 7
719, 943.430, 180.350, 7
720, 964.300, 180.350, 7
721, 985.170, 180.350, 7
722, 1006.040, 180.350, 7
723, 1026.910, 180.350, 7
724, 1047.780, 180.350, 7
725, 87.760, 188.850, 14
726, 108.630, 188.850, 14
727, 129.500, 188.850, 14
728, 150.370, 188.850, 14
729, 171.240, 188.850, 14
730, 192.110, 188.850, 14
731, 212.980, 188.850, 14
732, 233.850, 188.850, 14
733, 254.720, 188.850, 14
734, 275.590, 188.850, 14
735, 296.460, 188.850, 14
736, 317.330, 188.850, 1
737, 338.200, 188.850, 1
738, 359.070, 188.850, 1
739, 379.940, 188.850, 1
740, 400.810, 188.850, 1
741, 421.680, 188.850, 1
742, 442.550, 188.850, 1
743, 463.420, 188.850, 1
744, 484.290, 188.850, 1
745, 505.160, 188.850, 1
746, 526.030, 188.850, 1
747, 546.900, 188.850, 13
748, 567.770, 188.850, 13
749, 588.640, 188.850, 13
750, 609.510, 188.850, 13
751, 630.380, 188.850, 13
752, 651.250, 188.850, 13
753, 672.120, 188.850, 13
754, 692.990, 188.850, 13
755, 713.860, 188.850, 13
756, 734.730, 188.850, 13
757, 755.600, 188.850, 13
758, 776.470, 188.850, 13
759, 797.340, 188.850, 13
760, 818.210, 188.850, 13
761, 839.080, 188.850, 7
762, 859.950, 188.850, 7
763, 880.820, 188.850, 7
764, 901.690, 188.850, 7
765, 922.560, 188.850, 7
766, 943.430, 188.850, 7
767, 964.300, 188.850, 7
768, 985.170, 188.850, 7
769, 1006.040, 188.850, 7
770, 1026.910, 188.850, 7
771, 1047.780, 188.850, 7
772, 66.890, 197.350, 14
773, 87.760, 197.350, 14
774, 108.630, 197.350, 14
775, 129.500, 197.350, 14
776, 150.370, 197.350, 14
777, 171.240, 197.350, 14
778, 192.110, 197.350, 14
779, 212.980, 197.350, 14
780, 233.850, 197.350, 14
781, 254.720, 197.350, 14
782, 275.590, 197.350, 14
783, 296.460, 197.350, 14
784, 317.330, 197.350, 1
785, 338.200, 197.350, 1
786, 359.070, 197.350, 1
787, 379.940, 197.350, 1
788, 400.810, 197.350, 1
789, 421.680, 197.350, 1
790, 442.550, 197.350, 1
791, 463.420, 197.350, 1
792, 484.290, 197.350, 1
793, 505.160, 197.350, 1
794, 526.030, 197.350, 1
795, 546.900, 197.350, 13
796, 567.770, 197.350, 13
797, 588.640, 197.350, 13
798, 609.510, 197.350, 13
799, 630.380, 197.350, 13
800, 651.250, 197.350, 13
801, 672.120, 197.350, 13
802, 692.990, 197.350, 13
803, 713.860, 197.350, 13
804, 734.730, 197.350, 13
805, 755.600, 197.350, 13
806, 776.470, 197.350, 13
807, 797.340, 197.350, 13
808, 818.210, 197.350, 13
809, 839.080, 197.350, 7
810, 859.950, 197.350, 7
811, 880.820, 197.350, 7
812, 901.690, 197.350, 7
813, 922.560, 197.350, 7
814, 943.430, 197.350, 7
815, 964.300, 197.350, 7
816, 985.170, 197.350, 7
817, 1006.040, 197.350, 7
818, 1026.910, 197.350, 7
819, 1047.780, 197.350, 7
820, 46.020, 205.850, 14
821, 66.890, 205.850, 14
822, 87.760, 205.850, 14
823, 108.630, 205.850, 14
824, 129.500, 205.850, 14
825, 150.370, 205.850, 14
826, 171.240, 205.850, 14
827, 192.110, 205.850, 14
828, 212.980, 205.850, 14
829, 233.850, 205.850, 14
830, 254.720, 205.850, 14
831, 275.590, 205.850, 14
832, 296.460, 205.850, 14
833, 317.330, 205.850, 1
834, 338.200, 205.850, 1
835, 359.070, 205.850, 1
836, 379.940, 205.850, 1
837, 400.810, 205.850, 1
838, 421.680, 205.850, 1
839, 442.550, 205.850, 1
840, 463.420, 205.850, 1
841, 484.290, 205.850, 1
842, 505.160, 205.850, 1
843, 526.030, 205.850, 1
844, 546.900, 205.850, 13
845, 567.770, 205.850, 13
846, 588.640, 205.850, 13
847, 609.510, 205.850, 13
848, 630.380, 205.850, 13
849, 651.250, 205.850, 13
850, 672.120, 205.850, 13
851, 692.990, 205.850, 13
852, 713.860, 205.850, 13
853, 734.730, 205.850, 13
854, 755.600, 205.850, 13
855, 776.470, 205.850, 13
856, 797.340, 205.850, 13
857, 818.210, 205.850, 13
858, 839.080, 205.850, 7
859, 859.950, 205.850, 7
860, 880.820, 205.850, 7
861, 901.690, 205.850, 7
862, 922.560, 205.850, 7
863, 943.430, 205.850, 7
864, 964.300, 205.850, 7
865, 985.170, 205.850, 7
866, 1006.040, 205.850, 7
867, 1026.910, 205.850, 7
868, 66.890, 214.350, 14
869, 87.760, 214.350, 14
870, 108.630, 214.350, 14
871, 129.500, 214.350, 14
872, 150.370, 214.350, 14
873, 171.240, 214.350, 14
874, 192.110, 214.350, 14
875, 212.980, 214.350, 14
876, 233.850, 214.350, 14
877, 254.720, 214.350, 14
878, 275.590, 214.350, 14
879, 296.460, 214.350, 14
880, 317.330, 214.350, 1
881, 338.200, 214.350, 1
882, 359.070, 214.350, 1
883, 379.940, 214.350, 1
884, 400.810, 214.350, 1
885, 421.680, 214.350, 1
886, 442.550, 214.350, 1
887, 463.420, 214.350, 1
888, 484.290, 214.350, 1
889, 505.160, 214.350, 1
890, 526.030, 214.350, 1
891, 546.900, 214.350, 13
892, 567.770, 214.350, 13
893, 588.640, 214.350, 13
894, 609.510, 214.350, 13
895, 630.380, 214.350, 13
896, 651.250, 214.350, 13
897, 672.120, 214.350, 13
898, 692.990, 214.350, 13
899, 713.860, 214.350, 13
900, 734.730, 214.350, 13
901, 755.600, 214.350, 13
902, 776.470, 214.350, 13
903, 797.340, 214.350, 13
904, 818.210, 214.350, 13
905, 839.080, 214.350, 7
906, 859.950, 214.350, 7
907, 880.820, 214.350, 7
908, 901.690, 214.350, 7
909, 922.560, 214.350, 7
910, 943.430, 214.350, 7
911, 964.300, 214.350, 7
912, 985.170, 214.350, 7
913, 1006.040, 214.350, 7
914, 66.890, 222.850, 14
915, 87.760, 222.850, 14
916, 108.630, 222.850, 14
917, 129.500, 222.850, 14
918, 150.370, 222.850, 14
919, 171.240, 222.850, 14
920, 192.110, 222.850, 14
921, 212.980, 222.850, 14
922, 233.850, 222.850, 14
923, 254.720, 222.850, 14
924, 275.590, 222.850, 14
925, 296.460, 222.850, 14
926, 317.330, 222.850, 1
927, 338.200, 222.850, 1
928, 359.070, 222.850, 1
929, 379.940, 222.850, 1
930, 400.810, 222.850, 1
931, 421.680, 222.850, 1
932, 442.550, 222.850, 1
933, 463.420, 222.850, 1
934, 484.290, 222.850, 1
935, 505.160, 222.850, 1
936, 526.030, 222.850, 1
937, 546.900, 222.850, 13
938, 567.770, 222.850, 13
939, 588.640, 222.850, 13
940, 609.510, 222.850, 13
941, 630.380, 222.850, 13
942, 651.250, 222.850, 13
943, 672.120, 222.850, 13
944, 692.990, 222.850, 13
945, 713.860, 222.850, 13
946, 734.730, 222.850, 13
947, 755.600, 222.850, 13
948, 776.470, 222.850, 13
949, 797.340, 222.850, 13
950, 818.210, 222.850, 13
951, 839.080, 222.850, 7
952, 859.950, 222.850, 7
953, 880.820, 222.850, 7
954, 901.690, 222.850, 7
955, 922.560, 222.850, 7
956, 943.430, 222.850, 7
957, 964.300, 222.850, 7
958, 985.170, 222.850, 7
959, 1006.040, 222.850, 7
960, 87.760, 231.350, 5
961, 108.630, 231.350, 5
962, 129.500, 231.350, 5
963, 150.370, 231.350, 5
964, 171.240, 231.350, 5
965, 192.110, 231.350, 5
966, 212.980, 231.350, 5
967, 233.850, 231.350, 5
968, 254.720, 231.350, 5
969, 275.590, 231.350, 5
970, 296.460, 231.350, 5
971, 317.330, 231.350, 5
972, 338.200, 231.350, 1
973, 359.070, 231.350, 1
974, 379.940, 231.350, 1
975, 400.810, 231.350, 1
976, 421.680, 231.350, 1
977, 442.550, 231.350, 1
978, 463.420, 231.350, 1
979, 484.290, 231.350, 1
980, 505.160, 231.350, 1
981, 526.030, 231.350, 1
982, 546.900, 231.350, 15
983, 567.770, 231.350, 15
984, 588.640, 231.350, 15
985, 609.510, 231.350, 15
986, 630.380, 231.350, 15
987, 651.250, 231.350, 15
988, 672.120, 231.350, 15
989, 692.990, 231.350, 15
990, 713.860, 231.350, 15
991, 734.730, 231.350, 15
992, 755.600, 231.350, 13
993, 776.470, 231.350, 13
994, 797.340, 231.350, 13
995, 818.210, 231.350, 13
996, 839.080, 231.350, 7
997, 859.950, 231.350, 7
998, 880.820, 231.350, 7
999, 901.690, 231.350, 7
1000, 922.560, 231.350, 7
1001, 943.430, 231.350, 7
1002, 964.300, 231.350, 7
1003, 985.170, 231.350, 7
1004, 87.760, 239.850, 5
1005, 108.630, 239.850, 5
1006, 129.500, 239.850, 5
1007, 150.370, 239.850, 5
1008, 171.240, 239.850, 5
1009, 192.110, 239.850, 5
1010, 212.980, 239.850, 5
1011, 233.850, 239.850, 5
1012, 254.720, 239.850, 5
1013, 275.590, 239.850, 5
1014, 296.460, 239.850, 5
1015, 317.330, 239.850, 5
1016, 338.200, 239.850, 9
1017, 359.070, 239.850, 9
1018, 379.940, 239.850, 9
1019, 400.810, 239.850, 9
1020, 421.680, 239.850, 9
1021, 442.550, 239.850, 9
1022, 463.420, 239.850, 9
1023, 484.290, 239.850, 9
1024, 505.160, 239.850, 9
1025, 526.030, 239.850, 9
1026, 546.900, 239.850, 15
1027, 567.770, 239.850, 15
1028, 588.640, 239.850, 15
1029, 609.510, 239.850, 15
1030, 630.380, 239.850, 15
1031, 651.250, 239.850, 15
1032, 672.120, 239.850, 15
1033, 692.990, 239.850, 15
1034, 713.860, 239.850, 15
1035, 734.730, 239.850, 15
1036, 755.600, 239.850, 10
1037, 776.470, 239.850, 10
1038, 797.340, 239.850, 10
1039, 818.210, 239.850, 10
1040, 839.080, 239.850, 10
1041, 859.950, 239.850, 10
1042, 880.820, 239.850, 10
1043, 901.690, 239.850, 10
1044, 922.560, 239.850, 10
1045, 943.430, 239.850, 10
1046, 964.300, 239.850, 10
1047, 985.170, 239.850, 10
1048, 87.760, 248.350, 5
1049, 108.630, 248.350, 5
1050, 129.500, 248.350, 5
1051, 150.370, 248.350, 5
1052, 171.240, 248.350, 5
1053, 192.110, 248.350, 5
1054, 212.980, 248.350, 5
1055, 233.850, 248.350, 5
1056, 254.720, 248.350, 5
1057, 275.590, 248.350, 5
1058, 296.460, 248.350, 5
1059, 317.330, 248.350, 5
1060, 338.200, 248.350, 9
1061, 359.070, 248.350, 9
1062, 379.940, 248.350, 9
1063, 400.810, 248.350, 9
1064, 421.680, 248.350, 9
1065, 442.550, 248.350, 9
1066, 463.420, 248.350, 9
1067, 484.290, 248.350, 9
1068, 505.160, 248.350, 9
1069, 526.030, 248.350, 9
1070, 546.900, 248.350, 15
1071, 567.770, 248.350, 15
1072, 588.640, 248.350, 15
1073, 609.510, 248.350, 15
1074, 630.380, 248.350, 15
1075, 651.250, 248.350, 15
1076, 672.120, 248.350, 15
1077, 692.990, 248.350, 15
1078, 713.860, 248.350, 15
1079, 734.730, 248.350, 15
1080, 755.600, 248.350, 10
1081, 776.470, 248.350, 10
1082, 797.340, 248.350, 10
1083, 818.210, 248.350, 10
1084, 839.080, 248.350, 10
1085, 859.950, 248.350, 10
1086, 880.820, 248.350, 10
1087, 901.690, 248.350, 10
1088, 922.560, 248.350, 10
1089, 943.430, 248.350, 10
1090, 964.300, 248.350, 10
1091, 108.630, 256.850, 5
1092, 129.500, 256.850, 5
1093, 150.370, 256.850, 5
1094, 171.240, 256.850, 5
1095, 192.110, 256.850, 5
1096, 212.980, 256.850, 5
1097, 233.850, 256.850, 5
1098, 254.720, 256.850, 5
1099, 275.590, 256.850, 5
1100, 296.460, 256.850, 5
1101, 317.330, 256.850, 5
1102, 338.200, 256.850, 9
1103, 359.070, 256.850, 9
1104, 379.940, 256.850, 9
1105, 400.810, 256.850, 9
1106, 421.680, 256.850, 9
1107, 442.550, 256.850, 9
1108, 463.420, 256.850, 9
1109, 484.290, 256.850, 9
1110, 505.160, 256.850, 9
1111, 526.030, 256.850, 9
1112, 546.900, 256.850, 15
1113, 567.770, 256.850, 15
1114, 588.640, 256.850, 15
1115, 609.510, 256.850, 15
1116, 630.380, 256.850, 15
1117, 651.250, 256.850, 15
1118, 672.120, 256.850, 15
1119, 692.990, 256.850, 15
1120, 713.860, 256.850, 15
1121, 734.730, 256.850, 15
1122, 755.600, 256.850, 10
1123, 776.470, 256.850, 10
1124, 797.340, 256.850, 10
1125, 818.210, 256.850, 10
1126, 839.080, 256.850, 10
1127, 859.950, 256.850, 10
1128, 880.820, 256.850, 10
1129, 901.690, 256.850, 10
1130, 922.560, 256.850, 10
1131, 943.430, 256.850, 10
1132, 964.300, 256.850, 10
1133, 108.630, 265.350, 5
1134, 129.500, 265.350, 5
1135, 150.370, 265.350, 5
1136, 171.240, 265.350, 5
1137, 192.110, 265.350, 5
1138, 212.980, 265.350, 5
1139, 233.850, 265.350, 5
1140, 254.720, 265.350, 5
1141, 275.590, 265.350, 5
1142, 296.460, 265.350, 5
1143, 317.330, 265.350, 5
1144, 338.200, 265.350, 9
1145, 359.070, 265.350, 9
1146, 379.940, 265.350, 9
1147, 400.810, 265.350, 9
1148, 421.680, 265.350, 9
1149, 442.550, 265.350, 9
1150, 463.420, 265.350, 9
1151, 484.290, 265.350, 9
1152, 505.160, 265.350, 9
1153, 526.030, 265.350, 9
1154, 546.900, 265.350, 15
1155, 567.770, 265.350, 15
1156, 588.640, 265.350, 15
1157, 609.510, 265.350, 15
1158, 630.380, 265.350, 15
1159, 651.250, 265.350, 15
1160, 672.120, 265.350, 15
1161, 692.990, 265.350, 15
1162, 713.860, 265.350, 15
1163, 734.730, 265.350, 15
1164, 755.600, 265.350, 10
1165, 776.470, 265.350, 10
1166, 797.340, 265.350, 10
1167, 818.210, 265.350, 10
1168, 839.080, 265.350, 10
1169, 859.950, 265.350, 10
1170, 880.820, 265.350, 10
1171, 901.690, 265.350, 10
1172, 922.560, 265.350, 10
1173, 943.430, 265.350, 10
1174, 129.500, 273.850, 5
1175, 150.370, 273.850, 5
1176, 171.240, 273.850, 5
1177, 192.110, 273.850, 5
1178, 212.980, 273.850, 5
1179, 233.850, 273.850, 5
1180, 254.720, 273.850, 5
1181, 275.590, 273.850, 5
1182, 296.460, 273.850, 5
1183, 317.330, 273.850, 5
1184, 338.200, 273.850, 9
1185, 359.070, 273.850, 9
1186, 379.940, 273.850, 9
1187, 400.810, 273.850, 9
1188, 421.680, 273.850, 9
1189, 442.550, 273.850, 9
1190, 463.420, 273.850, 9
1191, 484.290, 273.850, 9
1192, 505.160, 273.850, 9
1193, 526.030, 273.850, 9
1194, 546.900, 273.850, 15
1195, 567.770, 273.850, 15
1196, 588.640, 273.850, 15
1197, 609.510, 273.850, 15
1198, 630.380, 273.850, 15
1199, 651.250, 273.850, 15
1200, 672.120, 273.850, 15
1201, 692.990, 273.850, 15
1202, 713.860, 273.850, 15
1203, 734.730, 273.850, 15
1204, 755.600, 273.850, 10
1205, 776.470, 273.850, 10
1206, 797.340, 273.850, 10
1207, 818.210, 273.850, 10
1208, 839.080, 273.850, 10
1209, 859.950, 273.850, 10
1210, 880.820, 273.850, 10
1211, 901.690, 273.850, 10
1212, 922.560, 273.850, 10
1213, 943.430, 273.850, 10
1214, 129.500, 282.350, 5
1215, 150.370, 282.350, 5
1216, 171.240, 282.350, 5
1217, 192.110, 282.350, 5
1218, 212.980, 282.350, 5
1219, 233.850, 282.350, 5
1220, 254.720, 282.350, 5
1221, 275.590, 282.350, 5
1222, 296.460, 282.350, 5
1223, 317.330, 282.350, 9
1224, 338.200, 282.350, 9
1225, 359.070, 282.350, 9
1226, 379.940, 282.350, 9
1227, 400.810, 282.350, 9
1228, 421.680, 282.350, 9
1229, 442.550, 282.350, 9
1230, 463.420, 282.350, 9
1231, 484.290, 282.350, 9
1232, 505.160, 282.350, 9
1233, 526.030, 282.350, 9
1234, 546.900, 282.350, 15
1235, 567.770, 282.350, 15
1236, 588.640, 282.350, 15
1237, 609.510, 282.350, 15
1238, 630.380, 282.350, 15
1239, 651.250, 282.350, 15
1240, 672.120, 282.350, 15
1241, 692.990, 282.350, 15
1242, 713.860, 282.350, 15
1243, 734.730, 282.350, 15
1244, 755.600, 282.350, 10
1245, 776.470, 282.350, 10
1246, 797.340, 282.350, 10
1247, 818.210, 282.350, 10
1248, 839.080, 282.350, 10
1249, 859.950, 282.350, 10
1250, 880.820, 282.350, 10
1251, 901.690, 282.350, 10
1252, 922.560, 282.350, 10
1253, 129.500, 290.850, 5
1254, 150.370, 290.850, 5
1255, 171.240, 290.850, 5
1256, 192.110, 290.850, 5
1257, 212.980, 290.850, 5
1258, 233.850, 290.850, 5
1259, 254.720, 290.850, 5
1260, 275.590, 290.850, 5
1261, 296.460, 290.850, 5
1262, 317.330, 290.850, 9
1263, 338.200, 290.850, 9
1264, 359.070, 290.850, 9
1265, 379.940, 290.850, 9
1266, 400.810, 290.850, 9
1267, 421.680, 290.850, 9
1268, 442.550, 290.850, 9
1269, 463.420, 290.850, 9
1270, 484.290, 290.850, 9
1271, 505.160, 290.850, 9
1272, 526.030, 290.850, 9
1273, 546.900, 290.850, 15
1274, 567.770, 290.850, 15
1275, 588.640, 290.850, 15
1276, 609.510, 290.850, 15
1277, 630.380, 290.850, 15
1278, 651.250, 290.850, 15
1279, 672.120, 290.850, 15
1280, 692.990, 290.850, 15
1281, 713.860, 290.850, 15
1282, 734.730, 290.850, 15
1283, 755.600, 290.850, 10
1284, 776.470, 290.850, 10
1285, 797.340, 290.850, 10
1286, 818.210, 290.850, 10
1287, 839.080, 290.850, 10
1288, 859.950, 290.850, 10
1289, 880.820, 290.850, 10
1290, 901.690, 290.850, 10
1291, 922.560, 290.850, 10
1292, 150.370, 299.350, 5
1293, 171.240, 299.350, 5
1294, 192.110, 299.350, 5
1295, 212.980, 299.350, 5
1296, 233.850, 299.350, 5
1297, 254.720, 299.350, 5
1298, 275.590, 299.350, 5
1299, 296.460, 299.350, 5
1300, 317.330, 299.350, 9
1301, 338.200, 299.350, 9
1302, 359.070, 299.350, 9
1303, 379.940, 299.350, 9
1304, 400.810, 299.350, 9
1305, 421.680, 299.350, 9
1306, 442.550, 299.350, 9
1307, 463.420, 299.350, 9
1308, 484.290, 299.350, 9
1309, 505.160, 299.350, 9
1310, 526.030, 299.350, 9
1311, 546.900, 299.350, 15
1312, 567.770, 299.350, 15
1313, 588.640, 299.350, 15
1314, 609.510, 299.350, 15
1315, 630.380, 299.350, 15
1316, 651.250, 299.350, 15
1317, 672.120, 299.350, 15
1318, 692.990, 299.350, 15
1319, 713.860, 299.350, 15
1320, 734.730, 299.350, 15
1321, 755.600, 299.350, 10
1322, 776.470, 299.350, 10
1323, 797.340, 299.350, 10
1324, 818.210, 299.350, 10
1325, 839.080, 299.350, 10
1326, 859.950, 299.350, 10
1327, 880.820, 299.350, 10
1328, 901.690, 299.350, 10
1329, 150.370, 307.850, 5
1330, 171.240, 307.850, 5
1331, 192.110, 307.850, 5
1332, 212.980, 307.850, 5
1333, 233.850, 307.850, 5
1334, 254.720, 307.850, 5
1335, 275.590, 307.850, 5
1336, 296.460, 307.850, 5
1337, 317.330, 307.850, 9
1338, 338.200, 307.850, 9
1339, 359.070, 307.850, 9
1340, 379.940, 307.850, 9
1341, 400.810, 307.850, 9
1342, 421.680, 307.850, 9
1343, 442.550, 307.850, 9
1344, 463.420, 307.850, 9
1345, 484.290, 307.850, 9
1346, 505.160, 307.850, 9
1347, 526.030, 307.850, 9
1348, 546.900, 307.850, 15
1349, 567.770, 307.850, 15
1350, 588.640, 307.850, 15
1351, 609.510, 307.850, 15
1352, 630.380, 307.850, 15
1353, 651.250, 307.850, 15
1354, 672.120, 307.850, 15
1355, 692.990, 307.850, 15
1356, 713.860, 307.850, 15
1357, 734.730, 307.850, 15
1358, 755.600, 307.850, 10
1359, 776.470, 307.850, 10
1360, 797.340, 307.850, 10
1361, 818.210, 307.850, 10
1362, 839.080, 307.850, 10
1363, 859.950, 307.850, 10
1364, 880.820, 307.850, 10
1365, 171.240, 316.350, 5
1366, 192.110, 316.350, 5
1367, 212.980, 316.350, 5
1368, 233.850, 316.350, 5
1369, 254.720, 316.350, 5
1370, 275.590, 316.350, 5
1371, 296.460, 316.350, 5
1372, 317.330, 316.350, 9
1373, 338.200, 316.350, 9
1374, 359.070, 316.350, 9
1375, 379.940, 316.350, 9
1376, 400.810, 316.350, 9
1377, 421.680, 316.350, 9
1378, 442.550, 316.350, 9
1379, 463.420, 316.350, 9
1380, 484.290, 316.350, 9
1381, 505.160, 316.350, 9
1382, 526.030, 316.350, 9
1383, 546.900, 316.350, 15
1384, 567.770, 316.350, 15
1385, 588.640, 316.350, 15
1386, 609.510, 316.350, 15
1387, 630.380, 316.350, 15
1388, 651.250, 316.350, 15
1389, 672.120, 316.350, 15
1390, 692.990, 316.350, 15
1391, 713.860, 316.350, 15
1392, 734.730, 316.350, 10
1393, 755.600, 316.350, 10
1394, 776.470, 316.350, 10
1395, 797.340, 316.350, 10
1396, 818.210, 316.350, 10
1397, 839.080, 316.350, 10
1398, 859.950, 316.350, 10
1399, 171.240, 324.850, 3
1400, 192.110, 324.850, 3
1401, 212.980, 324.850, 3
1402, 233.850, 324.850, 3
1403, 254.720, 324.850, 3
1404, 275.590, 324.850, 3
1405, 296.460, 324.850, 3
1406, 317.330, 324.850, 3
1407, 338.200, 324.850, 3
1408, 359.070, 324.850, 3
1409, 379.940, 324.850, 3
1410, 400.810, 324.850, 9
1411, 421.680, 324.850, 9
1412, 442.550, 324.850, 9
1413, 463.420, 324.850, 9
1414, 484.290, 324.850, 12
1415, 505.160, 324.850, 12
1416, 526.030, 324.850, 12
1417, 546.900, 324.850, 12
1418, 567.770, 324.850, 12
1419, 588.640, 324.850, 12
1420, 609.510, 324.850, 12
1421, 630.380, 324.850, 12
1422, 651.250, 324.850, 12
1423, 672.120, 324.850, 12
1424, 692.990, 324.850, 12
1425, 713.860, 324.850, 12
1426, 734.730, 324.850, 10
1427, 755.600, 324.850, 10
1428, 776.470, 324.850, 10
1429, 797.340, 324.850, 10
1430, 818.210, 324.850, 10
1431, 839.080, 324.850, 10
1432, 171.240, 333.350, 3
1433, 192.110, 333.350, 3
1434, 212.980, 333.350, 3
1435, 233.850, 333.350, 3
1436, 254.720, 333.350, 3
1437, 275.590, 333.350, 3
1438, 296.460, 333.350, 3
1439, 317.330, 333.350, 3
1440, 338.200, 333.350, 3
1441, 359.070, 333.350, 3
1442, 379.940, 333.350, 3
1443, 400.810, 333.350, 3
1444, 421.680, 333.350, 3
1445, 442.550, 333.350, 3
1446, 463.420, 333.350, 12
1447, 484.290, 333.350, 12
1448, 505.160, 333.350, 12
1449, 526.030, 333.350, 12
1450, 546.900, 333.350, 12
1451, 567.770, 333.350, 12
1452, 588.640, 333.350, 12
1453, 609.510, 333.350, 12
1454, 630.380, 333.350, 12
1455, 651.250, 333.350, 12
1456, 672.120, 333.350, 12
1457, 692.990, 333.350, 12
1458, 713.860, 333.350, 12
1459, 734.730, 333.350, 10
1460, 755.600, 333.350, 10
1461, 776.470, 333.350, 10
1462, 797.340, 333.350, 10
1463, 818.210, 333.350, 10
1464, 192.110, 341.850, 3
1465, 212.980, 341.850, 3
1466, 233.850, 341.850, 3
1467, 254.720, 341.850, 3
1468, 275.590, 341.850, 3
1469, 296.460, 341.850, 3
1470, 317.330, 341.850, 3
1471, 338.200, 341.850, 3
1472, 359.070, 341.850, 3
1473, 379.940, 341.850, 3
1474, 400.810, 341.850, 3
1475, 421.680, 341.850, 3
1476, 442.550, 341.850, 3
1477, 463.420, 341.850, 12
1478, 484.290, 341.850, 12
1479, 505.160, 341.850, 12
1480, 526.030, 341.850, 12
1481, 546.900, 341.850, 12
1482, 567.770, 341.850, 12
1483, 588.640, 341.850, 12
1484, 609.510, 341.850, 12
1485, 630.380, 341.850, 12
1486, 651.250, 341.850, 12
1487, 672.120, 341.850, 12
1488, 692.990, 341.850, 12
1489, 713.860, 341.850, 12
1490, 734.730, 341.850, 12
1491, 755.600, 341.850, 10
1492, 776.470, 341.850, 10
1493, 797.340, 341.850, 10
1494, 192.110, 350.350, 3
1495, 212.980, 350.350, 3
1496, 233.850, 350.350, 3
1497, 254.720, 350.350, 3
1498, 275.590, 350.350, 3
1499, 296.460, 350.350, 3
1500, 317.330, 350.350, 3
1501, 338.200, 350.350, 3
1502, 359.070, 350.350, 3
1503, 379.940, 350.350, 3
1504, 400.810, 350.350, 3
1505, 421.680, 350.350, 3
1506, 442.550, 350.350, 3
1507, 463.420, 350.350, 12
1508, 484.290, 350.350, 12
1509, 505.160, 350.350, 12
1510, 526.030, 350.350, 12
1511, 546.900, 350.350, 12
1512, 567.770, 350.350, 12
1513, 588.640, 350.350, 12
1514, 609.510, 350.350, 12
1515, 630.380, 350.350, 12
1516, 651.250, 350.350, 12
1517, 672.120, 350.350, 12
1518, 692.990, 350.350, 12
1519, 713.860, 350.350, 12
1520, 734.730, 350.350, 12
1521, 755.600, 350.350, 10
1522, 192.110, 358.850, 3
1523, 212.980, 358.850, 3
1524, 233.850, 358.850, 3
1525, 254.720, 358.850, 3
1526, 275.590, 358.850, 3
1527, 296.460, 358.850, 3
1528, 317.330, 358.850, 3
1529, 338.200, 358.850, 3
1530, 359.070, 358.850, 3
1531, 379.940, 358.850, 3
1532, 400.810, 358.850, 3
1533, 421.680, 358.850, 3
1534, 442.550, 358.850, 3
1535, 463.420, 358.850, 12
1536, 484.290, 358.850, 12
1537, 505.160, 358.850, 12
1538, 526.030, 358.850, 12
1539, 546.900, 358.850, 12
1540, 567.770, 358.850, 12
1541, 588.640, 358.850, 12
1542, 609.510, 358.850, 12
1543, 630.380, 358.850, 12
1544, 651.250, 358.850, 12
1545, 672.120, 358.850, 12
1546, 692.990, 358.850, 12
1547, 713.860, 358.850, 12
1548, 734.730, 358.850, 12
1549, 212.980, 367.350, 3
1550, 233.850, 367.350, 3
1551, 254.720, 367.350, 3
1552, 275.590, 367.350, 3
1553, 296.460, 367.350, 3
1554, 317.330, 367.350, 3
1555, 338.200, 367.350, 3
1556, 359.070, 367.350, 3
1557, 379.940, 367.350, 3
1558, 400.810, 367.350, 3
1559, 421.680, 367.350, 3
1560, 442.550, 367.350, 3
1561, 463.420, 367.350, 12
1562, 484.290, 367.350, 12
1563, 505.160, 367.350, 12
1564, 526.030, 367.350, 12
1565, 546.900, 367.350, 12
1566, 567.770, 367.350, 12
1567, 588.640, 367.350, 12
1568, 609.510, 367.350, 12
1569, 630.380, 367.350, 12
1570, 651.250, 367.350, 12
1571, 672.120, 367.350, 12
1572, 692.990, 367.350, 12
1573, 212.980, 375.850, 3
1574, 233.850, 375.850, 3
1575, 254.720, 375.850, 3
1576, 275.590, 375.850, 3
1577, 296.460, 375.850, 3
1578, 317.330, 375.850, 3
1579, 338.200, 375.850, 3
1580, 359.070, 375.850, 3
1581, 379.940, 375.850, 3
1582, 400.810, 375.850, 3
1583, 421.680, 375.850, 3
1584, 442.550, 375.850, 3
1585, 463.420, 375.850, 12
1586, 484.290, 375.850, 12
1587, 505.160, 375.850, 12
1588, 526.030, 375.850, 12
1589, 546.900, 375.850, 12
1590, 567.770, 375.850, 12
1591, 588.640, 375.850, 12
1592, 609.510, 375.850, 12
1593, 630.380, 375.850, 12
1594, 651.250, 375.850, 12
1595, 672.120, 375.850, 12
1596, 692.990, 375.850, 12
1597, 233.850, 384.350, 3
1598, 254.720, 384.350, 3
1599, 275.590, 384.350, 3
1600, 296.460, 384.350, 3
1601, 317.330, 384.350, 3
1602, 338.200, 384.350, 3
1603, 359.070, 384.350, 3
1604, 379.940, 384.350, 3
1605, 400.810, 384.350, 3
1606, 421.680, 384.350, 3
1607, 442.550, 384.350, 3
1608, 463.420, 384.350, 12
1609, 484.290, 384.350, 12
1610, 505.160, 384.350, 12
1611, 526.030, 384.350, 12
1612, 546.900, 384.350, 12
1613, 567.770, 384.350, 12
1614, 588.640, 384.350, 12
1615, 609.510, 384.350, 12
1616, 630.380, 384.350, 12
1617, 651.250, 384.350, 12
1618, 254.720, 392.850, 3
1619, 275.590, 392.850, 3
1620, 296.460, 392.850, 3
1621, 317.330, 392.850, 3
1622, 338.200, 392.850, 3
1623, 359.070, 392.850, 3
1624, 379.940, 392.850, 3
1625, 400.810, 392.850, 3
1626, 421.680, 392.850, 3
1627, 442.550, 392.850, 3
1628, 463.420, 392.850, 12
1629, 484.290, 392.850, 12
1630, 505.160, 392.850, 12
1631, 526.030, 392.850, 12
1632, 546.900, 392.850, 12
1633, 567.770, 392.850, 12
1634, 588.640, 392.850, 12
1635, 609.510, 392.850, 12
