1, 215.970, 388.370, 24
2, 215.970, 396.870, 24
3, 215.970, 405.370, 24
4, 215.970, 413.870, 24
5, 215.970, 422.370, 24
6, 215.970, 430.870, 24
7, 215.970, 439.370, 24
8, 215.970, 447.870, 24
9, 215.970, 456.370, 24
10, 215.970, 464.870, 24
11, 215.970, 473.370, 24
12, 236.840, 388.370, 24
13, 236.840, 396.870, 24
14, 236.840, 405.370, 24
15, 236.840, 413.870, 24
16, 236.840, 422.370, 24
17, 236.840, 430.870, 24
18, 236.840, 439.370, 24
19, 236.840, 447.870, 24
20, 236.840, 456.370, 24
21, 236.840, 464.870, 24
22, 236.840, 473.370, 24
23, 236.840, 481.870, 24
24, 236.840, 490.370, 18
25, 257.710, 379.870, 24
26, 257.710, 388.370, 24
27, 257.710, 396.870, 24
28, 257.710, 405.370, 24
29, 257.710, 413.870, 24
30, 257.710, 422.370, 24
31, 257.710, 430.870, 24
32, 257.710, 439.370, 24
33, 257.710, 447.870, 24
34, 257.710, 456.370, 24
35, 257.710, 464.870, 24
36, 257.710, 473.370, 24
37, 257.710, 481.870, 24
38, 257.710, 490.370, 18
39, 257.710, 498.870, 18
40, 257.710, 507.370, 18
41, 257.710, 515.870, 18
42, 278.580, 371.370, 24
43, 278.580, 379.870, 24
44, 278.580, 388.370, 24
45, 278.580, 396.870, 24
46, 278.580, 405.370, 24
47, 278.580, 413.870, 24
48, 278.580, 422.370, 24
49, 278.580, 430.870, 24
50, 278.580, 439.370, 24
51, 278.580, 447.870, 24
52, 278.580, 456.370, 24
53, 278.580, 464.870, 24
54, 278.580, 473.370, 24
55, 278.580, 481.870, 24
56, 278.580, 490.370, 18
57, 278.580, 498.870, 18
58, 278.580, 507.370, 18
59, 278.580, 515.870, 18
60, 278.580, 524.370, 18
61, 278.580, 532.870, 18
62, 278.580, 541.370, 18
63, 299.450, 362.870, 24
64, 299.450, 371.370, 24
65, 299.450, 379.870, 24
66, 299.450, 388.370, 24
67, 299.450, 396.870, 24
68, 299.450, 405.370, 24
69, 299.450, 413.870, 24
70, 299.450, 422.370, 24
71, 299.450, 430.870, 24
72, 299.450, 439.370, 24
73, 299.450, 447.870, 24
74, 299.450, 456.370, 24
75, 299.450, 464.870, 24
76, 299.450, 473.370, 24
77, 299.450, 481.870, 24
78, 299.450, 490.370, 18
79, 299.450, 498.870, 18
80, 299.450, 507.370, 18
81, 299.450, 515.870, 18
82, 299.450, 524.370, 18
83, 299.450, 532.870, 18
84, 299.450, 541.370, 18
85, 299.450, 549.870, 18
86, 299.450, 558.370, 18
87, 299.450, 566.870, 18
88, 320.320, 362.870, 24
89, 320.320, 371.370, 24
90, 320.320, 379.870, 24
91, 320.320, 388.370, 24
92, 320.320, 396.870, 24
93, 320.320, 405.370, 24
94, 320.320, 413.870, 24
95, 320.320, 422.370, 24
96, 320.320, 430.870, 24
97, 320.320, 439.370, 24
98, 320.320, 447.870, 24
99, 320.320, 456.370, 24
100, 320.320, 464.870, 24
101, 320.320, 473.370, 24
102, 320.320, 481.870, 24
103, 320.320, 490.370, 18
104, 320.320, 498.870, 18
105, 320.320, 507.370, 18
106, 320.320, 515.870, 18
107, 320.320, 524.370, 18
108, 320.320, 532.870, 18
109, 320.320, 541.370, 18
110, 320.320, 549.870, 18
111, 320.320, 558.370, 18
112, 320.320, 566.870, 18
113, 320.320, 575.370, 11
114, 320.320, 583.870, 11
115, 320.320, 592.370, 11
116, 341.190, 354.370, 1
117, 341.190, 362.870, 24
118, 341.190, 371.370, 24
119, 341.190, 379.870, 24
120, 341.190, 388.370, 24
121, 341.190, 396.870, 24
122, 341.190, 405.370, 24
123, 341.190, 413.870, 24
124, 341.190, 422.370, 24
125, 341.190, 430.870, 24
126, 341.190, 439.370, 24
127, 341.190, 447.870, 24
128, 341.190, 456.370, 24
129, 341.190, 464.870, 24
130, 341.190, 473.370, 24
131, 341.190, 481.870, 24
132, 341.190, 490.370, 18
133, 341.190, 498.870, 18
134, 341.190, 507.370, 18
135, 341.190, 515.870, 18
136, 341.190, 524.370, 18
137, 341.190, 532.870, 18
138, 341.190, 541.370, 18
139, 341.190, 549.870, 18
140, 341.190, 558.370, 18
141, 341.190, 566.870, 18
142, 341.190, 575.370, 11
143, 341.190, 583.870, 11
144, 341.190, 592.370, 11
145, 341.190, 600.870, 11
146, 341.190, 609.370, 11
147, 362.060, 345.870, 1
148, 362.060, 354.370, 1
149, 362.060, 362.870, 1
150, 362.060, 371.370, 24
151, 362.060, 379.870, 24
152, 362.060, 388.370, 24
153, 362.060, 396.870, 24
154, 362.060, 405.370, 24
155, 362.060, 413.870, 24
156, 362.060, 422.370, 24
157, 362.060, 430.870, 24
158, 362.060, 439.370, 24
159, 362.060, 447.870, 24
160, 362.060, 456.370, 24
161, 362.060, 464.870, 24
162, 362.060, 473.370, 24
163, 362.060, 481.870, 24
164, 362.060, 490.370, 18
165, 362.060, 498.870, 18
166, 362.060, 507.370, 18
167, 362.060, 515.870, 18
168, 362.060, 524.370, 18
169, 362.060, 532.870, 18
170, 362.060, 541.370, 18
171, 362.060, 549.870, 18
172, 362.060, 558.370, 18
173, 362.060, 566.870, 18
174, 362.060, 575.370, 11
175, 362.060, 583.870, 11
176, 362.060, 592.370, 11
177, 362.060, 600.870, 11
178, 362.060, 609.370, 11
179, 362.060, 617.870, 11
180, 362.060, 626.370, 11
181, 362.060, 634.870, 11
182, 382.930, 337.370, 1
183, 382.930, 345.870, 1
184, 382.930, 354.370, 1
185, 382.930, 362.870, 1
186, 382.930, 371.370, 15
187, 382.930, 379.870, 15
188, 382.930, 388.370, 15
189, 382.930, 396.870, 15
190, 382.930, 405.370, 15
191, 382.930, 413.870, 15
192, 382.930, 422.370, 15
193, 382.930, 430.870, 12
194, 382.930, 439.370, 12
195, 382.930, 447.870, 12
196, 382.930, 456.370, 12
197, 382.930, 464.870, 12
198, 382.930, 473.370, 12
199, 382.930, 481.870, 12
200, 382.930, 490.370, 12
201, 382.930, 498.870, 18
202, 382.930, 507.370, 18
203, 382.930, 515.870, 18
204, 382.930, 524.370, 18
205, 382.930, 532.870, 18
206, 382.930, 541.370, 18
207, 382.930, 549.870, 18
208, 382.930, 558.370, 18
209, 382.930, 566.870, 18
210, 382.930, 575.370, 11
211, 382.930, 583.870, 11
212, 382.930, 592.370, 11
213, 382.930, 600.870, 11
214, 382.930, 609.370, 11
215, 382.930, 617.870, 11
216, 382.930, 626.370, 11
217, 382.930, 634.870, 11
218, 382.930, 643.370, 2
219, 382.930, 651.870, 2
220, 382.930, 660.370, 2
221, 403.800, 328.870, 1
222, 403.800, 337.370, 1
223, 403.800, 345.870, 1
224, 403.800, 354.370, 1
225, 403.800, 362.870, 1
226, 403.800, 371.370, 15
227, 403.800, 379.870, 15
228, 403.800, 388.370, 15
229, 403.800, 396.870, 15
230, 403.800, 405.370, 15
231, 403.800, 413.870, 15
232, 403.800, 422.370, 15
233, 403.800, 430.870, 12
234, 403.800, 439.370, 12
235, 403.800, 447.870, 12
236, 403.800, 456.370, 12
237, 403.800, 464.870, 12
238, 403.800, 473.370, 12
239, 403.800, 481.870, 12
240, 403.800, 490.370, 12
241, 403.800, 498.870, 18
242, 403.800, 507.370, 18
243, 403.800, 515.870, 18
244, 403.800, 524.370, 18
245, 403.800, 532.870, 18
246, 403.800, 541.370, 18
247, 403.800, 549.870, 18
248, 403.800, 558.370, 18
249, 403.800, 566.870, 18
250, 403.800, 575.370, 11
251, 403.800, 583.870, 11
252, 403.800, 592.370, 11
253, 403.800, 600.870, 11
254, 403.800, 609.370, 11
255, 403.800, 617.870, 11
256, 403.800, 626.370, 11
257, 403.800, 634.870, 11
258, 403.800, 643.370, 2
259, 403.800, 651.870, 2
260, 403.800, 660.370, 2
261, 403.800, 668.870, 2
262, 403.800, 677.370, 2
263, 403.800, 685.870, 2
264, 424.670, 328.870, 1
265, 424.670, 337.370, 1
266, 424.670, 345.870, 1
267, 424.670, 354.370, 1
268, 424.670, 362.870, 1
269, 424.670, 371.370, 15
270, 424.670, 379.870, 15
271, 424.670, 388.370, 15
272, 424.670, 396.870, 15
273, 424.670, 405.370, 15
274, 424.670, 413.870, 15
275, 424.670, 422.370, 15
276, 424.670, 430.870, 12
277, 424.670, 439.370, 12
278, 424.670, 447.870, 12
279, 424.670, 456.370, 12
280, 424.670, 464.870, 12
281, 424.670, 473.370, 12
282, 424.670, 481.870, 12
283, 424.670, 490.370, 12
284, 424.670, 498.870, 18
285, 424.670, 507.370, 18
286, 424.670, 515.870, 18
287, 424.670, 524.370, 18
288, 424.670, 532.870, 18
289, 424.670, 541.370, 18
290, 424.670, 549.870, 18
291, 424.670, 558.370, 18
292, 424.670, 566.870, 18
293, 424.670, 575.370, 11
294, 424.670, 583.870, 11
295, 424.670, 592.370, 11
296, 424.670, 600.870, 11
297, 424.670, 609.370, 11
298, 424.670, 617.870, 11
299, 424.670, 626.370, 11
300, 424.670, 634.870, 11
301, 424.670, 643.370, 2
302, 424.670, 651.870, 2
303, 424.670, 660.370, 2
304, 424.670, 668.870, 2
305, 424.670, 677.370, 2
306, 424.670, 685.870, 2
307, 424.670, 694.370, 2
308, 424.670, 702.870, 2
309, 424.670, 711.370, 2
310, 445.540, 320.370, 1
311, 445.540, 328.870, 1
312, 445.540, 337.370, 1
313, 445.540, 345.870, 1
314, 445.540, 354.370, 1
315, 445.540, 362.870, 1
316, 445.540, 371.370, 15
317, 445.540, 379.870, 15
318, 445.540, 388.370, 15
319, 445.540, 396.870, 15
320, 445.540, 405.370, 15
321, 445.540, 413.870, 15
322, 445.540, 422.370, 15
323, 445.540, 430.870, 12
324, 445.540, 439.370, 12
325, 445.540, 447.870, 12
326, 445.540, 456.370, 12
327, 445.540, 464.870, 12
328, 445.540, 473.370, 12
329, 445.540, 481.870, 12
330, 445.540, 490.370, 12
331, 445.540, 498.870, 18
332, 445.540, 507.370, 18
333, 445.540, 515.870, 18
334, 445.540, 524.370, 18
335, 445.540, 532.870, 18
336, 445.540, 541.370, 18
337, 445.540, 549.870, 18
338, 445.540, 558.370, 18
339, 445.540, 566.870, 18
340, 445.540, 575.370, 11
341, 445.540, 583.870, 11
342, 445.540, 592.370, 11
343, 445.540, 600.870, 11
344, 445.540, 609.370, 11
345, 445.540, 617.870, 11
346, 445.540, 626.370, 11
347, 445.540, 634.870, 11
348, 445.540, 643.370, 2
349, 445.540, 651.870, 2
350, 445.540, 660.370, 2
351, 445.540, 668.870, 2
352, 445.540, 677.370, 2
353, 445.540, 685.870, 2
354, 445.540, 694.370, 2
355, 445.540, 702.870, 2
356, 445.540, 711.370, 2
357, 445.540, 719.870, 2
358, 445.540, 728.370, 2
359, 445.540, 736.870, 2
360, 466.410, 311.870, 1
361, 466.410, 320.370, 1
362, 466.410, 328.870, 1
363, 466.410, 337.370, 1
364, 466.410, 345.870, 1
365, 466.410, 354.370, 1
366, 466.410, 362.870, 1
367, 466.410, 371.370, 15
368, 466.410, 379.870, 15
369, 466.410, 388.370, 15
370, 466.410, 396.870, 15
371, 466.410, 405.370, 15
372, 466.410, 413.870, 15
373, 466.410, 422.370, 15
374, 466.410, 430.870, 12
375, 466.410, 439.370, 12
376, 466.410, 447.870, 12
377, 466.410, 456.370, 12
378, 466.410, 464.870, 12
379, 466.410, 473.370, 12
380, 466.410, 481.870, 12
381, 466.410, 490.370, 12
382, 466.410, 498.870, 18
383, 466.410, 507.370, 18
384, 466.410, 515.870, 18
385, 466.410, 524.370, 18
386, 466.410, 532.870, 18
387, 466.410, 541.370, 18
388, 466.410, 549.870, 18
389, 466.410, 558.370, 18
390, 466.410, 566.870, 18
391, 466.410, 575.370, 11
392, 466.410, 583.870, 11
393, 466.410, 592.370, 11
394, 466.410, 600.870, 11
395, 466.410, 609.370, 11
396, 466.410, 617.870, 11
397, 466.410, 626.370, 11
398, 466.410, 634.870, 11
399, 466.410, 643.370, 2
400, 466.410, 651.870, 2
401, 466.410, 660.370, 2
402, 466.410, 668.870, 2
403, 466.410, 677.370, 2
404, 466.410, 685.870, 2
405, 466.410, 694.370, 2
406, 466.410, 702.870, 2
407, 466.410, 711.370, 2
408, 466.410, 719.870, 2
409, 466.410, 728.370, 2
410, 487.280, 303.370, 1
411, 487.280, 311.870, 1
412, 487.280, 320.370, 1
413, 487.280, 328.870, 1
414, 487.280, 337.370, 1
415, 487.280, 345.870, 1
416, 487.280, 354.370, 1
417, 487.280, 362.870, 1
418, 487.280, 371.370, 15
419, 487.280, 379.870, 15
420, 487.280, 388.370, 15
421, 487.280, 396.870, 15
422, 487.280, 405.370, 15
423, 487.280, 413.870, 15
424, 487.280, 422.370, 15
425, 487.280, 430.870, 12
426, 487.280, 439.370, 12
427, 487.280, 447.870, 12
428, 487.280, 456.370, 12
429, 487.280, 464.870, 12
430, 487.280, 473.370, 12
431, 487.280, 481.870, 12
432, 487.280, 490.370, 12
433, 487.280, 498.870, 12
434, 487.280, 507.370, 12
435, 487.280, 515.870, 12
436, 487.280, 524.370, 18
437, 487.280, 532.870, 18
438, 487.280, 541.370, 18
439, 487.280, 549.870, 18
440, 487.280, 558.370, 18
441, 487.280, 566.870, 18
442, 487.280, 575.370, 11
443, 487.280, 583.870, 11
444, 487.280, 592.370, 11
445, 487.280, 600.870, 11
446, 487.280, 609.370, 11
447, 487.280, 617.870, 11
448, 487.280, 626.370, 11
449, 487.280, 634.870, 11
450, 487.280, 643.370, 2
451, 487.280, 651.870, 2
452, 487.280, 660.370, 2
453, 487.280, 668.870, 2
454, 487.280, 677.370, 2
455, 487.280, 685.870, 2
456, 487.280, 694.370, 2
457, 487.280, 702.870, 2
458, 487.280, 711.370, 2
459, 487.280, 719.870, 2
460, 487.280, 728.370, 2
461, 508.150, 303.370, 1
462, 508.150, 311.870, 1
463, 508.150, 320.370, 1
464, 508.150, 328.870, 1
465, 508.150, 337.370, 1
466, 508.150, 345.870, 1
467, 508.150, 354.370, 1
468, 508.150, 362.870, 1
469, 508.150, 371.370, 15
470, 508.150, 379.870, 15
471, 508.150, 388.370, 15
472, 508.150, 396.870, 15
473, 508.150, 405.370, 15
474, 508.150, 413.870, 15
475, 508.150, 422.370, 15
476, 508.150, 430.870, 12
477, 508.150, 439.370, 12
478, 508.150, 447.870, 12
479, 508.150, 456.370, 12
480, 508.150, 464.870, 12
481, 508.150, 473.370, 12
482, 508.150, 481.870, 12
483, 508.150, 490.370, 12
484, 508.150, 498.870, 12
485, 508.150, 507.370, 12
486, 508.150, 515.870, 12
487, 508.150, 524.370, 18
488, 508.150, 532.870, 18
489, 508.150, 541.370, 18
490, 508.150, 549.870, 18
491, 508.150, 558.370, 18
492, 508.150, 566.870, 18
493, 508.150, 575.370, 11
494, 508.150, 583.870, 11
495, 508.150, 592.370, 11
496, 508.150, 600.870, 11
497, 508.150, 609.370, 11
498, 508.150, 617.870, 11
499, 508.150, 626.370, 11
500, 508.150, 634.870, 11
501, 508.150, 643.370, 2
502, 508.150, 651.870, 2
503, 508.150, 660.370, 2
504, 508.150, 668.870, 2
505, 508.150, 677.370, 2
506, 508.150, 685.870, 2
507, 508.150, 694.370, 2
508, 508.150, 702.870, 2
509, 508.150, 711.370, 2
510, 508.150, 719.870, 2
511, 529.020, 294.870, 1
512, 529.020, 303.370, 1
513, 529.020, 311.870, 1
514, 529.020, 320.370, 1
515, 529.020, 328.870, 1
516, 529.020, 337.370, 1
517, 529.020, 345.870, 1
518, 529.020, 354.370, 1
519, 529.020, 362.870, 1
520, 529.020, 371.370, 15
521, 529.020, 379.870, 15
522, 529.020, 388.370, 15
523, 529.020, 396.870, 15
524, 529.020, 405.370, 15
525, 529.020, 413.870, 15
526, 529.020, 422.370, 15
527, 529.020, 430.870, 12
528, 529.020, 439.370, 12
529, 529.020, 447.870, 12
530, 529.020, 456.370, 12
531, 529.020, 464.870, 12
532, 529.020, 473.370, 12
533, 529.020, 481.870, 12
534, 529.020, 490.370, 12
535, 529.020, 498.870, 12
536, 529.020, 507.370, 12
537, 529.020, 515.870, 12
538, 529.020, 524.370, 27
539, 529.020, 532.870, 27
540, 529.020, 541.370, 27
541, 529.020, 549.870, 27
542, 529.020, 558.370, 27
543, 529.020, 566.870, 27
544, 529.020, 575.370, 11
545, 529.020, 583.870, 11
546, 529.020, 592.370, 11
547, 529.020, 600.870, 11
548, 529.020, 609.370, 11
549, 529.020, 617.870, 11
550, 529.020, 626.370, 11
551, 529.020, 634.870, 11
552, 529.020, 643.370, 2
553, 529.020, 651.870, 2
554, 529.020, 660.370, 2
555, 529.020, 668.870, 2
556, 529.020, 677.370, 2
557, 529.020, 685.870, 2
558, 529.020, 694.370, 2
559, 529.020, 702.870, 2
560, 529.020, 711.370, 2
561, 529.020, 719.870, 2
562, 549.890, 286.370, 1
563, 549.890, 294.870, 1
564, 549.890, 303.370, 1
565, 549.890, 311.870, 1
566, 549.890, 320.370, 1
567, 549.890, 328.870, 1
568, 549.890, 337.370, 1
569, 549.890, 345.870, 1
570, 549.890, 354.370, 1
571, 549.890, 362.870, 1
572, 549.890, 371.370, 15
573, 549.890, 379.870, 15
574, 549.890, 388.370, 15
575, 549.890, 396.870, 15
576, 549.890, 405.370, 15
577, 549.890, 413.870, 15
578, 549.890, 422.370, 15
579, 549.890, 430.870, 12
580, 549.890, 439.370, 12
581, 549.890, 447.870, 12
582, 549.890, 456.370, 12
583, 549.890, 464.870, 12
584, 549.890, 473.370, 12
585, 549.890, 481.870, 12
586, 549.890, 490.370, 12
587, 549.890, 498.870, 12
588, 549.890, 507.370, 12
589, 549.890, 515.870, 12
590, 549.890, 524.370, 27
591, 549.890, 532.870, 27
592, 549.890, 541.370, 27
593, 549.890, 549.870, 27
594, 549.890, 558.370, 27
595, 549.890, 566.870, 27
596, 549.890, 575.370, 11
597, 549.890, 583.870, 11
598, 549.890, 592.370, 11
599, 549.890, 600.870, 11
600, 549.890, 609.370, 11
601, 549.890, 617.870, 11
602, 549.890, 626.370, 11
603, 549.890, 634.870, 11
604, 549.890, 643.370, 2
605, 549.890, 651.870, 2
606, 549.890, 660.370, 2
607, 549.890, 668.870, 2
608, 549.890, 677.370, 2
609, 549.890, 685.870, 2
610, 549.890, 694.370, 2
611, 549.890, 702.870, 2
612, 549.890, 711.370, 2
613, 570.760, 277.870, 1
614, 570.760, 286.370, 1
615, 570.760, 294.870, 1
616, 570.760, 303.370, 1
617, 570.760, 311.870, 1
618, 570.760, 320.370, 1
619, 570.760, 328.870, 1
620, 570.760, 337.370, 1
621, 570.760, 345.870, 1
622, 570.760, 354.370, 1
623, 570.760, 362.870, 1
624, 570.760, 371.370, 15
625, 570.760, 379.870, 15
626, 570.760, 388.370, 15
627, 570.760, 396.870, 15
628, 570.760, 405.370, 15
629, 570.760, 413.870, 15
630, 570.760, 422.370, 15
631, 570.760, 430.870, 12
632, 570.760, 439.370, 12
633, 570.760, 447.870, 12
634, 570.760, 456.370, 12
635, 570.760, 464.870, 12
636, 570.760, 473.370, 12
637, 570.760, 481.870, 12
638, 570.760, 490.370, 12
639, 570.760, 498.870, 12
640, 570.760, 507.370, 12
641, 570.760, 515.870, 12
642, 570.760, 524.370, 27
643, 570.760, 532.870, 27
644, 570.760, 541.370, 27
645, 570.760, 549.870, 27
646, 570.760, 558.370, 27
647, 570.760, 566.870, 27
648, 570.760, 575.370, 11
649, 570.760, 583.870, 11
650, 570.760, 592.370, 11
651, 570.760, 600.870, 11
652, 570.760, 609.370, 11
653, 570.760, 617.870, 11
654, 570.760, 626.370, 11
655, 570.760, 634.870, 2
656, 570.760, 643.370, 2
657, 570.760, 651.870, 2
658, 570.760, 660.370, 2
659, 570.760, 668.870, 2
660, 570.760, 677.370, 2
661, 570.760, 685.870, 2
662, 570.760, 694.370, 2
663, 570.760, 702.870, 2
664, 570.760, 711.370, 2
665, 591.630, 269.370, 1
666, 591.630, 277.870, 1
667, 591.630, 286.370, 1
668, 591.630, 294.870, 1
669, 591.630, 303.370, 1
670, 591.630, 311.870, 1
671, 591.630, 320.370, 1
672, 591.630, 328.870, 1
673, 591.630, 337.370, 1
674, 591.630, 345.870, 1
675, 591.630, 354.370, 1
676, 591.630, 362.870, 1
677, 591.630, 371.370, 15
678, 591.630, 379.870, 15
679, 591.630, 388.370, 15
680, 591.630, 396.870, 15
681, 591.630, 405.370, 15
682, 591.630, 413.870, 15
683, 591.630, 422.370, 15
684, 591.630, 430.870, 12
685, 591.630, 439.370, 12
686, 591.630, 447.870, 12
687, 591.630, 456.370, 12
688, 591.630, 464.870, 12
689, 591.630, 473.370, 12
690, 591.630, 481.870, 12
691, 591.630, 490.370, 12
692, 591.630, 498.870, 12
693, 591.630, 507.370, 12
694, 591.630, 515.870, 27
695, 591.630, 524.370, 27
696, 591.630, 532.870, 27
697, 591.630, 541.370, 27
698, 591.630, 549.870, 27
699, 591.630, 558.370, 27
700, 591.630, 566.870, 27
701, 591.630, 575.370, 11
702, 591.630, 583.870, 11
703, 591.630, 592.370, 11
704, 591.630, 600.870, 11
705, 591.630, 609.370, 11
706, 591.630, 617.870, 11
707, 591.630, 626.370, 11
708, 591.630, 634.870, 2
709, 591.630, 643.370, 2
710, 591.630, 651.870, 2
711, 591.630, 660.370, 2
712, 591.630, 668.870, 2
713, 591.630, 677.370, 2
714, 591.630, 685.870, 2
715, 591.630, 694.370, 2
716, 591.630, 702.870, 2
717, 612.500, 269.370, 1
718, 612.500, 277.870, 1
719, 612.500, 286.370, 1
720, 612.500, 294.870, 1
721, 612.500, 303.370, 1
722, 612.500, 311.870, 1
723, 612.500, 320.370, 1
724, 612.500, 328.870, 1
725, 612.500, 337.370, 1
726, 612.500, 345.870, 1
727, 612.500, 354.370, 1
728, 612.500, 362.870, 1
729, 612.500, 371.370, 15
730, 612.500, 379.870, 15
731, 612.500, 388.370, 15
732, 612.500, 396.870, 15
733, 612.500, 405.370, 15
734, 612.500, 413.870, 15
735, 612.500, 422.370, 15
736, 612.500, 430.870, 12
737, 612.500, 439.370, 12
738, 612.500, 447.870, 12
739, 612.500, 456.370, 12
740, 612.500, 464.870, 7
741, 612.500, 473.370, 7
742, 612.500, 481.870, 7
743, 612.500, 490.370, 7
744, 612.500, 498.870, 7
745, 612.500, 507.370, 7
746, 612.500, 515.870, 27
747, 612.500, 524.370, 27
748, 612.500, 532.870, 27
749, 612.500, 541.370, 27
750, 612.500, 549.870, 27
751, 612.500, 558.370, 27
752, 612.500, 566.870, 27
753, 612.500, 575.370, 11
754, 612.500, 583.870, 11
755, 612.500, 592.370, 11
756, 612.500, 600.870, 11
757, 612.500, 609.370, 11
758, 612.500, 617.870, 11
759, 612.500, 626.370, 11
760, 612.500, 634.870, 2
761, 612.500, 643.370, 2
762, 612.500, 651.870, 2
763, 612.500, 660.370, 2
764, 612.500, 668.870, 2
765, 612.500, 677.370, 2
766, 612.500, 685.870, 2
767, 612.500, 694.370, 2
768, 612.500, 702.870, 2
769, 633.370, 260.870, 21
770, 633.370, 269.370, 21
771, 633.370, 277.870, 21
772, 633.370, 286.370, 21
773, 633.370, 294.870, 21
774, 633.370, 303.370, 1
775, 633.370, 311.870, 1
776, 633.370, 320.370, 1
777, 633.370, 328.870, 1
778, 633.370, 337.370, 1
779, 633.370, 345.870, 1
780, 633.370, 354.370, 1
781, 633.370, 362.870, 1
782, 633.370, 371.370, 15
783, 633.370, 379.870, 15
784, 633.370, 388.370, 15
785, 633.370, 396.870, 15
786, 633.370, 405.370, 15
787, 633.370, 413.870, 15
788, 633.370, 422.370, 15
789, 633.370, 430.870, 7
790, 633.370, 439.370, 7
791, 633.370, 447.870, 7
792, 633.370, 456.370, 7
793, 633.370, 464.870, 7
794, 633.370, 473.370, 7
795, 633.370, 481.870, 7
796, 633.370, 490.370, 7
797, 633.370, 498.870, 7
798, 633.370, 507.370, 7
799, 633.370, 515.870, 27
800, 633.370, 524.370, 27
801, 633.370, 532.870, 27
802, 633.370, 541.370, 27
803, 633.370, 549.870, 27
804, 633.370, 558.370, 27
805, 633.370, 566.870, 27
806, 633.370, 575.370, 27
807, 633.370, 583.870, 27
808, 633.370, 592.370, 27
809, 633.370, 600.870, 19
810, 633.370, 609.370, 19
811, 633.370, 617.870, 19
812, 633.370, 626.370, 19
813, 633.370, 634.870, 19
814, 633.370, 643.370, 19
815, 633.370, 651.870, 19
816, 633.370, 660.370, 19
817, 633.370, 668.870, 19
818, 633.370, 677.370, 19
819, 633.370, 685.870, 19
820, 633.370, 694.370, 19
821, 654.240, 252.370, 21
822, 654.240, 260.870, 21
823, 654.240, 269.370, 21
824, 654.240, 277.870, 21
825, 654.240, 286.370, 21
826, 654.240, 294.870, 21
827, 654.240, 303.370, 22
828, 654.240, 311.870, 22
829, 654.240, 320.370, 22
830, 654.240, 328.870, 22
831, 654.240, 337.370, 22
832, 654.240, 345.870, 22
833, 654.240, 354.370, 22
834, 654.240, 362.870, 22
835, 654.240, 371.370, 15
836, 654.240, 379.870, 15
837, 654.240, 388.370, 15
838, 654.240, 396.870, 15
839, 654.240, 405.370, 15
840, 654.240, 413.870, 15
841, 654.240, 422.370, 7
842, 654.240, 430.870, 7
843, 654.240, 439.370, 7
844, 654.240, 447.870, 7
845, 654.240, 456.370, 7
846, 654.240, 464.870, 7
847, 654.240, 473.370, 7
848, 654.240, 481.870, 7
849, 654.240, 490.370, 7
850, 654.240, 498.870, 7
851, 654.240, 507.370, 7
852, 654.240, 515.870, 27
853, 654.240, 524.370, 27
854, 654.240, 532.870, 27
855, 654.240, 541.370, 27
856, 654.240, 549.870, 27
857, 654.240, 558.370, 27
858, 654.240, 566.870, 27
859, 654.240, 575.370, 27
860, 654.240, 583.870, 27
861, 654.240, 592.370, 27
862, 654.240, 600.870, 19
863, 654.240, 609.370, 19
864, 654.240, 617.870, 19
865, 654.240, 626.370, 19
866, 654.240, 634.870, 19
867, 654.240, 643.370, 19
868, 654.240, 651.870, 19
869, 654.240, 660.370, 19
870, 654.240, 668.870, 19
871, 654.240, 677.370, 19
872, 654.240, 685.870, 19
873, 654.240, 694.370, 19
874, 675.110, 252.370, 21
875, 675.110, 260.870, 21
876, 675.110, 269.370, 21
877, 675.110, 277.870, 21
878, 675.110, 286.370, 21
879, 675.110, 294.870, 21
880, 675.110, 303.370, 22
881, 675.110, 311.870, 22
882, 675.110, 320.370, 22
883, 675.110, 328.870, 22
884, 675.110, 337.370, 22
885, 675.110, 345.870, 22
886, 675.110, 354.370, 22
887, 675.110, 362.870, 22
888, 675.110, 371.370, 15
889, 675.110, 379.870, 15
890, 675.110, 388.370, 15
891, 675.110, 396.870, 15
892, 675.110, 405.370, 15
893, 675.110, 413.870, 15
894, 675.110, 422.370, 7
895, 675.110, 430.870, 7
896, 675.110, 439.370, 7
897, 675.110, 447.870, 7
898, 675.110, 456.370, 7
899, 675.110, 464.870, 7
900, 675.110, 473.370, 7
901, 675.110, 481.870, 7
902, 675.110, 490.370, 7
903, 675.110, 498.870, 7
904, 675.110, 507.370, 7
905, 675.110, 515.870, 27
906, 675.110, 524.370, 27
907, 675.110, 532.870, 27
908, 675.110, 541.370, 27
909, 675.110, 549.870, 27
910, 675.110, 558.370, 27
911, 675.110, 566.870, 27
912, 675.110, 575.370, 27
913, 675.110, 583.870, 27
914, 675.110, 592.370, 27
915, 675.110, 600.870, 19
916, 675.110, 609.370, 19
917, 675.110, 617.870, 19
918, 675.110, 626.370, 19
919, 675.110, 634.870, 19
920, 675.110, 643.370, 19
921, 675.110, 651.870, 19
922, 675.110, 660.370, 19
923, 675.110, 668.870, 19
924, 675.110, 677.370, 19
925, 675.110, 685.870, 19
926, 675.110, 694.370, 19
927, 695.980, 243.870, 21
928, 695.980, 252.370, 21
929, 695.980, 260.870, 21
930, 695.980, 269.370, 21
931, 695.980, 277.870, 21
932, 695.980, 286.370, 21
933, 695.980, 294.870, 22
934, 695.980, 303.370, 22
935, 695.980, 311.870, 22
936, 695.980, 320.370, 22
937, 695.980, 328.870, 22
938, 695.980, 337.370, 22
939, 695.980, 345.870, 22
940, 695.980, 354.370, 22
941, 695.980, 362.870, 22
942, 695.980, 371.370, 15
943, 695.980, 379.870, 15
944, 695.980, 388.370, 15
945, 695.980, 396.870, 15
946, 695.980, 405.370, 15
947, 695.980, 413.870, 15
948, 695.980, 422.370, 7
949, 695.980, 430.870, 7
950, 695.980, 439.370, 7
951, 695.980, 447.870, 7
952, 695.980, 456.370, 7
953, 695.980, 464.870, 7
954, 695.980, 473.370, 7
955, 695.980, 481.870, 7
956, 695.980, 490.370, 7
957, 695.980, 498.870, 7
958, 695.980, 507.370, 7
959, 695.980, 515.870, 27
960, 695.980, 524.370, 27
961, 695.980, 532.870, 27
962, 695.980, 541.370, 27
963, 695.980, 549.870, 27
964, 695.980, 558.370, 27
965, 695.980, 566.870, 27
966, 695.980, 575.370, 27
967, 695.980, 583.870, 27
968, 695.980, 592.370, 27
969, 695.980, 600.870, 19
970, 695.980, 609.370, 19
971, 695.980, 617.870, 19
972, 695.980, 626.370, 19
973, 695.980, 634.870, 19
974, 695.980, 643.370, 19
975, 695.980, 651.870, 19
976, 695.980, 660.370, 19
977, 695.980, 668.870, 19
978, 695.980, 677.370, 19
979, 695.980, 685.870, 19
980, 716.850, 235.370, 21
981, 716.850, 243.870, 21
982, 716.850, 252.370, 21
983, 716.850, 260.870, 21
984, 716.850, 269.370, 21
985, 716.850, 277.870, 21
986, 716.850, 286.370, 21
987, 716.850, 294.870, 22
988, 716.850, 303.370, 22
989, 716.850, 311.870, 22
990, 716.850, 320.370, 22
991, 716.850, 328.870, 22
992, 716.850, 337.370, 22
993, 716.850, 345.870, 22
994, 716.850, 354.370, 22
995, 716.850, 362.870, 22
996, 716.850, 371.370, 22
997, 716.850, 379.870, 22
998, 716.850, 388.370, 22
999, 716.850, 396.870, 22
1000, 716.850, 405.370, 22
1001, 716.850, 413.870, 7
1002, 716.850, 422.370, 7
1003, 716.850, 430.870, 7
1004, 716.850, 439.370, 7
1005, 716.850, 447.870, 7
1006, 716.850, 456.370, 7
1007, 716.850, 464.870, 7
1008, 716.850, 473.370, 7
1009, 716.850, 481.870, 7
1010, 716.850, 490.370, 7
1011, 716.850, 498.870, 7
1012, 716.850, 507.370, 7
1013, 716.850, 515.870, 27
1014, 716.850, 524.370, 27
1015, 716.850, 532.870, 27
1016, 716.850, 541.370, 27
1017, 716.850, 549.870, 27
1018, 716.850, 558.370, 27
1019, 716.850, 566.870, 27
1020, 716.850, 575.370, 27
1021, 716.850, 583.870, 27
1022, 716.850, 592.370, 27
1023, 716.850, 600.870, 19
1024, 716.850, 609.370, 19
1025, 716.850, 617.870, 19
1026, 716.850, 626.370, 19
1027, 716.850, 634.870, 19
1028, 716.850, 643.370, 19
1029, 716.850, 651.870, 19
1030, 716.850, 660.370, 19
1031, 716.850, 668.870, 19
1032, 716.850, 677.370, 19
1033, 716.850, 685.870, 19
1034, 737.720, 235.370, 21
1035, 737.720, 243.870, 21
1036, 737.720, 252.370, 21
1037, 737.720, 260.870, 21
1038, 737.720, 269.370, 21
1039, 737.720, 277.870, 21
1040, 737.720, 286.370, 21
1041, 737.720, 294.870, 22
1042, 737.720, 303.370, 22
1043, 737.720, 311.870, 22
1044, 737.720, 320.370, 22
1045, 737.720, 328.870, 22
1046, 737.720, 337.370, 22
1047, 737.720, 345.870, 22
1048, 737.720, 354.370, 22
1049, 737.720, 362.870, 22
1050, 737.720, 371.370, 22
1051, 737.720, 379.870, 22
1052, 737.720, 388.370, 22
1053, 737.720, 396.870, 22
1054, 737.720, 405.370, 22
1055, 737.720, 413.870, 7
1056, 737.720, 422.370, 7
1057, 737.720, 430.870, 7
1058, 737.720, 439.370, 7
1059, 737.720, 447.870, 7
1060, 737.720, 456.370, 7
1061, 737.720, 464.870, 7
1062, 737.720, 473.370, 7
1063, 737.720, 481.870, 7
1064, 737.720, 490.370, 7
1065, 737.720, 498.870, 7
1066, 737.720, 507.370, 7
1067, 737.720, 515.870, 27
1068, 737.720, 524.370, 27
1069, 737.720, 532.870, 27
1070, 737.720, 541.370, 27
1071, 737.720, 549.870, 27
1072, 737.720, 558.370, 27
1073, 737.720, 566.870, 27
1074, 737.720, 575.370, 27
1075, 737.720, 583.870, 27
1076, 737.720, 592.370, 27
1077, 737.720, 600.870, 19
1078, 737.720, 609.370, 19
1079, 737.720, 617.870, 19
1080, 737.720, 626.370, 19
1081, 737.720, 634.870, 19
1082, 737.720, 643.370, 19
1083, 737.720, 651.870, 19
1084, 737.720, 660.370, 19
1085, 737.720, 668.870, 19
1086, 737.720, 677.370, 19
1087, 758.590, 226.870, 21
1088, 758.590, 235.370, 21
1089, 758.590, 243.870, 21
1090, 758.590, 252.370, 21
1091, 758.590, 260.870, 21
1092, 758.590, 269.370, 21
1093, 758.590, 277.870, 21
1094, 758.590, 286.370, 21
1095, 758.590, 294.870, 22
1096, 758.590, 303.370, 22
1097, 758.590, 311.870, 22
1098, 758.590, 320.370, 22
1099, 758.590, 328.870, 22
1100, 758.590, 337.370, 22
1101, 758.590, 345.870, 22
1102, 758.590, 354.370, 22
1103, 758.590, 362.870, 22
1104, 758.590, 371.370, 22
1105, 758.590, 379.870, 22
1106, 758.590, 388.370, 22
1107, 758.590, 396.870, 22
1108, 758.590, 405.370, 22
1109, 758.590, 413.870, 7
1110, 758.590, 422.370, 7
1111, 758.590, 430.870, 7
1112, 758.590, 439.370, 7
1113, 758.590, 447.870, 7
1114, 758.590, 456.370, 7
1115, 758.590, 464.870, 7
1116, 758.590, 473.370, 7
1117, 758.590, 481.870, 7
1118, 758.590, 490.370, 7
1119, 758.590, 498.870, 7
1120, 758.590, 507.370, 7
1121, 758.590, 515.870, 27
1122, 758.590, 524.370, 27
1123, 758.590, 532.870, 27
1124, 758.590, 541.370, 27
1125, 758.590, 549.870, 27
1126, 758.590, 558.370, 27
1127, 758.590, 566.870, 27
1128, 758.590, 575.370, 27
1129, 758.590, 583.870, 27
1130, 758.590, 592.370, 27
1131, 758.590, 600.870, 19
1132, 758.590, 609.370, 19
1133, 758.590, 617.870, 19
1134, 758.590, 626.370, 19
1135, 758.590, 634.870, 19
1136, 758.590, 643.370, 19
1137, 758.590, 651.870, 19
1138, 758.590, 660.370, 19
1139, 758.590, 668.870, 19
1140, 758.590, 677.370, 19
1141, 779.460, 218.370, 21
1142, 779.460, 226.870, 21
1143, 779.460, 235.370, 21
1144, 779.460, 243.870, 21
1145, 779.460, 252.370, 21
1146, 779.460, 260.870, 21
1147, 779.460, 269.370, 21
1148, 779.460, 277.870, 21
1149, 779.460, 286.370, 21
1150, 779.460, 294.870, 22
1151, 779.460, 303.370, 22
1152, 779.460, 311.870, 22
1153, 779.460, 320.370, 22
1154, 779.460, 328.870, 22
1155, 779.460, 337.370, 22
1156, 779.460, 345.870, 22
1157, 779.460, 354.370, 22
1158, 779.460, 362.870, 22
1159, 779.460, 371.370, 22
1160, 779.460, 379.870, 22
1161, 779.460, 388.370, 22
1162, 779.460, 396.870, 22
1163, 779.460, 405.370, 22
1164, 779.460, 413.870, 7
1165, 779.460, 422.370, 7
1166, 779.460, 430.870, 7
1167, 779.460, 439.370, 7
1168, 779.460, 447.870, 7
1169, 779.460, 456.370, 7
1170, 779.460, 464.870, 7
1171, 779.460, 473.370, 7
1172, 779.460, 481.870, 7
1173, 779.460, 490.370, 7
1174, 779.460, 498.870, 7
1175, 779.460, 507.370, 7
1176, 779.460, 515.870, 14
1177, 779.460, 524.370, 14
1178, 779.460, 532.870, 14
1179, 779.460, 541.370, 27
1180, 779.460, 549.870, 27
1181, 779.460, 558.370, 27
1182, 779.460, 566.870, 27
1183, 779.460, 575.370, 27
1184, 779.460, 583.870, 27
1185, 779.460, 592.370, 27
1186, 779.460, 600.870, 19
1187, 779.460, 609.370, 19
1188, 779.460, 617.870, 19
1189, 779.460, 626.370, 19
1190, 779.460, 634.870, 19
1191, 779.460, 643.370, 19
1192, 779.460, 651.870, 19
1193, 779.460, 660.370, 19
1194, 779.460, 668.870, 19
1195, 800.330, 209.870, 21
1196, 800.330, 218.370, 21
1197, 800.330, 226.870, 21
1198, 800.330, 235.370, 21
1199, 800.330, 243.870, 21
1200, 800.330, 252.370, 21
1201, 800.330, 260.870, 21
1202, 800.330, 269.370, 21
1203, 800.330, 277.870, 21
1204, 800.330, 286.370, 21
1205, 800.330, 294.870, 22
1206, 800.330, 303.370, 22
1207, 800.330, 311.870, 22
1208, 800.330, 320.370, 22
1209, 800.330, 328.870, 22
1210, 800.330, 337.370, 22
1211, 800.330, 345.870, 22
1212, 800.330, 354.370, 22
1213, 800.330, 362.870, 22
1214, 800.330, 371.370, 22
1215, 800.330, 379.870, 22
1216, 800.330, 388.370, 22
1217, 800.330, 396.870, 22
1218, 800.330, 405.370, 22
1219, 800.330, 413.870, 7
1220, 800.330, 422.370, 7
1221, 800.330, 430.870, 7
1222, 800.330, 439.370, 7
1223, 800.330, 447.870, 7
1224, 800.330, 456.370, 7
1225, 800.330, 464.870, 7
1226, 800.330, 473.370, 7
1227, 800.330, 481.870, 7
1228, 800.330, 490.370, 7
1229, 800.330, 498.870, 7
1230, 800.330, 507.370, 7
1231, 800.330, 515.870, 14
1232, 800.330, 524.370, 14
1233, 800.330, 532.870, 14
1234, 800.330, 541.370, 6
1235, 800.330, 549.870, 6
1236, 800.330, 558.370, 6
1237, 800.330, 566.870, 6
1238, 800.330, 575.370, 6
1239, 800.330, 583.870, 6
1240, 800.330, 592.370, 6
1241, 800.330, 600.870, 6
1242, 800.330, 609.370, 19
1243, 800.330, 617.870, 19
1244, 800.330, 626.370, 19
1245, 800.330, 634.870, 19
1246, 800.330, 643.370, 19
1247, 800.330, 651.870, 19
1248, 800.330, 660.370, 19
1249, 800.330, 668.870, 19
1250, 821.200, 209.870, 21
1251, 821.200, 218.370, 21
1252, 821.200, 226.870, 21
1253, 821.200, 235.370, 21
1254, 821.200, 243.870, 21
1255, 821.200, 252.370, 21
1256, 821.200, 260.870, 21
1257, 821.200, 269.370, 21
1258, 821.200, 277.870, 21
1259, 821.200, 286.370, 21
1260, 821.200, 294.870, 22
1261, 821.200, 303.370, 22
1262, 821.200, 311.870, 22
1263, 821.200, 320.370, 22
1264, 821.200, 328.870, 22
1265, 821.200, 337.370, 22
1266, 821.200, 345.870, 22
1267, 821.200, 354.370, 22
1268, 821.200, 362.870, 22
1269, 821.200, 371.370, 22
1270, 821.200, 379.870, 22
1271, 821.200, 388.370, 22
1272, 821.200, 396.870, 22
1273, 821.200, 405.370, 22
1274, 821.200, 413.870, 14
1275, 821.200, 422.370, 14
1276, 821.200, 430.870, 14
1277, 821.200, 439.370, 14
1278, 821.200, 447.870, 14
1279, 821.200, 456.370, 14
1280, 821.200, 464.870, 14
1281, 821.200, 473.370, 14
1282, 821.200, 481.870, 14
1283, 821.200, 490.370, 14
1284, 821.200, 498.870, 14
1285, 821.200, 507.370, 14
1286, 821.200, 515.870, 14
1287, 821.200, 524.370, 14
1288, 821.200, 532.870, 14
1289, 821.200, 541.370, 6
1290, 821.200, 549.870, 6
1291, 821.200, 558.370, 6
1292, 821.200, 566.870, 6
1293, 821.200, 575.370, 6
1294, 821.200, 583.870, 6
1295, 821.200, 592.370, 6
1296, 821.200, 600.870, 6
1297, 821.200, 609.370, 19
1298, 821.200, 617.870, 19
1299, 821.200, 626.370, 19
1300, 821.200, 634.870, 19
1301, 821.200, 643.370, 19
1302, 821.200, 651.870, 19
1303, 821.200, 660.370, 19
1304, 842.070, 201.370, 21
1305, 842.070, 209.870, 21
1306, 842.070, 218.370, 21
1307, 842.070, 226.870, 21
1308, 842.070, 235.370, 21
1309, 842.070, 243.870, 21
1310, 842.070, 252.370, 21
1311, 842.070, 260.870, 21
1312, 842.070, 269.370, 21
1313, 842.070, 277.870, 21
1314, 842.070, 286.370, 5
1315, 842.070, 294.870, 5
1316, 842.070, 303.370, 5
1317, 842.070, 311.870, 5
1318, 842.070, 320.370, 5
1319, 842.070, 328.870, 5
1320, 842.070, 337.370, 5
1321, 842.070, 345.870, 5
1322, 842.070, 354.370, 5
1323, 842.070, 362.870, 5
1324, 842.070, 371.370, 5
1325, 842.070, 379.870, 5
1326, 842.070, 388.370, 5
1327, 842.070, 396.870, 5
1328, 842.070, 405.370, 5
1329, 842.070, 413.870, 5
1330, 842.070, 422.370, 14
1331, 842.070, 430.870, 14
1332, 842.070, 439.370, 14
1333, 842.070, 447.870, 14
1334, 842.070, 456.370, 14
1335, 842.070, 464.870, 14
1336, 842.070, 473.370, 14
1337, 842.070, 481.870, 14
1338, 842.070, 490.370, 14
1339, 842.070, 498.870, 14
1340, 842.070, 507.370, 14
1341, 842.070, 515.870, 14
1342, 842.070, 524.370, 14
1343, 842.070, 532.870, 14
1344, 842.070, 541.370, 6
1345, 842.070, 549.870, 6
1346, 842.070, 558.370, 6
1347, 842.070, 566.870, 6
1348, 842.070, 575.370, 6
1349, 842.070, 583.870, 6
1350, 842.070, 592.370, 6
1351, 842.070, 600.870, 6
1352, 842.070, 609.370, 19
1353, 842.070, 617.870, 19
1354, 842.070, 626.370, 19
1355, 842.070, 634.870, 19
1356, 842.070, 643.370, 19
1357, 842.070, 651.870, 19
1358, 842.070, 660.370, 19
1359, 862.940, 192.870, 21
1360, 862.940, 201.370, 21
1361, 862.940, 209.870, 21
1362, 862.940, 218.370, 21
1363, 862.940, 226.870, 21
1364, 862.940, 235.370, 21
1365, 862.940, 243.870, 21
1366, 862.940, 252.370, 21
1367, 862.940, 260.870, 21
1368, 862.940, 269.370, 21
1369, 862.940, 277.870, 21
1370, 862.940, 286.370, 5
1371, 862.940, 294.870, 5
1372, 862.940, 303.370, 5
1373, 862.940, 311.870, 5
1374, 862.940, 320.370, 5
1375, 862.940, 328.870, 5
1376, 862.940, 337.370, 5
1377, 862.940, 345.870, 5
1378, 862.940, 354.370, 5
1379, 862.940, 362.870, 5
1380, 862.940, 371.370, 5
1381, 862.940, 379.870, 5
1382, 862.940, 388.370, 5
1383, 862.940, 396.870, 5
1384, 862.940, 405.370, 5
1385, 862.940, 413.870, 5
1386, 862.940, 422.370, 14
1387, 862.940, 430.870, 14
1388, 862.940, 439.370, 14
1389, 862.940, 447.870, 14
1390, 862.940, 456.370, 14
1391, 862.940, 464.870, 14
1392, 862.940, 473.370, 14
1393, 862.940, 481.870, 14
1394, 862.940, 490.370, 14
1395, 862.940, 498.870, 14
1396, 862.940, 507.370, 14
1397, 862.940, 515.870, 14
1398, 862.940, 524.370, 14
1399, 862.940, 532.870, 14
1400, 862.940, 541.370, 6
1401, 862.940, 549.870, 6
1402, 862.940, 558.370, 6
1403, 862.940, 566.870, 6
1404, 862.940, 575.370, 6
1405, 862.940, 583.870, 6
1406, 862.940, 592.370, 6
1407, 862.940, 600.870, 6
1408, 862.940, 609.370, 6
1409, 862.940, 617.870, 6
1410, 862.940, 626.370, 6
1411, 862.940, 634.870, 6
1412, 862.940, 643.370, 6
1413, 862.940, 651.870, 6
1414, 883.810, 192.870, 21
1415, 883.810, 201.370, 21
1416, 883.810, 209.870, 21
1417, 883.810, 218.370, 21
1418, 883.810, 226.870, 21
1419, 883.810, 235.370, 21
1420, 883.810, 243.870, 21
1421, 883.810, 252.370, 21
1422, 883.810, 260.870, 21
1423, 883.810, 269.370, 21
1424, 883.810, 277.870, 21
1425, 883.810, 286.370, 5
1426, 883.810, 294.870, 5
1427, 883.810, 303.370, 5
1428, 883.810, 311.870, 5
1429, 883.810, 320.370, 5
1430, 883.810, 328.870, 5
1431, 883.810, 337.370, 5
1432, 883.810, 345.870, 5
1433, 883.810, 354.370, 5
1434, 883.810, 362.870, 5
1435, 883.810, 371.370, 5
1436, 883.810, 379.870, 5
1437, 883.810, 388.370, 5
1438, 883.810, 396.870, 5
1439, 883.810, 405.370, 5
1440, 883.810, 413.870, 5
1441, 883.810, 422.370, 14
1442, 883.810, 430.870, 14
1443, 883.810, 439.370, 14
1444, 883.810, 447.870, 14
1445, 883.810, 456.370, 14
1446, 883.810, 464.870, 14
1447, 883.810, 473.370, 14
1448, 883.810, 481.870, 14
1449, 883.810, 490.370, 14
1450, 883.810, 498.870, 14
1451, 883.810, 507.370, 14
1452, 883.810, 515.870, 14
1453, 883.810, 524.370, 14
1454, 883.810, 532.870, 6
1455, 883.810, 541.370, 6
1456, 883.810, 549.870, 6
1457, 883.810, 558.370, 6
1458, 883.810, 566.870, 6
1459, 883.810, 575.370, 6
1460, 883.810, 583.870, 6
1461, 883.810, 592.370, 6
1462, 883.810, 600.870, 6
1463, 883.810, 609.370, 6
1464, 883.810, 617.870, 6
1465, 883.810, 626.370, 6
1466, 883.810, 634.870, 6
1467, 883.810, 643.370, 6
1468, 883.810, 651.870, 6
1469, 904.680, 184.370, 13
1470, 904.680, 192.870, 13
1471, 904.680, 201.370, 13
1472, 904.680, 209.870, 21
1473, 904.680, 218.370, 21
1474, 904.680, 226.870, 21
1475, 904.680, 235.370, 25
1476, 904.680, 243.870, 25
1477, 904.680, 252.370, 25
1478, 904.680, 260.870, 25
1479, 904.680, 269.370, 25
1480, 904.680, 277.870, 25
1481, 904.680, 286.370, 5
1482, 904.680, 294.870, 5
1483, 904.680, 303.370, 5
1484, 904.680, 311.870, 5
1485, 904.680, 320.370, 5
1486, 904.680, 328.870, 5
1487, 904.680, 337.370, 5
1488, 904.680, 345.870, 5
1489, 904.680, 354.370, 5
1490, 904.680, 362.870, 5
1491, 904.680, 371.370, 5
1492, 904.680, 379.870, 5
1493, 904.680, 388.370, 5
1494, 904.680, 396.870, 5
1495, 904.680, 405.370, 5
1496, 904.680, 413.870, 5
1497, 904.680, 422.370, 14
1498, 904.680, 430.870, 14
1499, 904.680, 439.370, 14
1500, 904.680, 447.870, 14
1501, 904.680, 456.370, 14
1502, 904.680, 464.870, 14
1503, 904.680, 473.370, 14
1504, 904.680, 481.870, 14
1505, 904.680, 490.370, 14
1506, 904.680, 498.870, 14
1507, 904.680, 507.370, 14
1508, 904.680, 515.870, 14
1509, 904.680, 524.370, 14
1510, 904.680, 532.870, 6
1511, 904.680, 541.370, 6
1512, 904.680, 549.870, 6
1513, 904.680, 558.370, 6
1514, 904.680, 566.870, 6
1515, 904.680, 575.370, 6
1516, 904.680, 583.870, 6
1517, 904.680, 592.370, 6
1518, 904.680, 600.870, 6
1519, 904.680, 609.370, 6
1520, 904.680, 617.870, 6
1521, 904.680, 626.370, 6
1522, 904.680, 634.870, 6
1523, 904.680, 643.370, 6
1524, 904.680, 651.870, 6
1525, 925.550, 175.870, 13
1526, 925.550, 184.370, 13
1527, 925.550, 192.870, 13
1528, 925.550, 201.370, 13
1529, 925.550, 209.870, 13
1530, 925.550, 218.370, 13
1531, 925.550, 226.870, 13
1532, 925.550, 235.370, 25
1533, 925.550, 243.870, 25
1534, 925.550, 252.370, 25
1535, 925.550, 260.870, 25
1536, 925.550, 269.370, 25
1537, 925.550, 277.870, 25
1538, 925.550, 286.370, 5
1539, 925.550, 294.870, 5
1540, 925.550, 303.370, 5
1541, 925.550, 311.870, 5
1542, 925.550, 320.370, 5
1543, 925.550, 328.870, 5
1544, 925.550, 337.370, 5
1545, 925.550, 345.870, 5
1546, 925.550, 354.370, 5
1547, 925.550, 362.870, 5
1548, 925.550, 371.370, 5
1549, 925.550, 379.870, 5
1550, 925.550, 388.370, 5
1551, 925.550, 396.870, 5
1552, 925.550, 405.370, 5
1553, 925.550, 413.870, 5
1554, 925.550, 422.370, 14
1555, 925.550, 430.870, 14
1556, 925.550, 439.370, 14
1557, 925.550, 447.870, 14
1558, 925.550, 456.370, 14
1559, 925.550, 464.870, 14
1560, 925.550, 473.370, 14
1561, 925.550, 481.870, 14
1562, 925.550, 490.370, 14
1563, 925.550, 498.870, 14
1564, 925.550, 507.370, 14
1565, 925.550, 515.870, 14
1566, 925.550, 524.370, 14
1567, 925.550, 532.870, 6
1568, 925.550, 541.370, 6
1569, 925.550, 549.870, 6
1570, 925.550, 558.370, 6
1571, 925.550, 566.870, 6
1572, 925.550, 575.370, 6
1573, 925.550, 583.870, 6
1574, 925.550, 592.370, 6
1575, 925.550, 600.870, 6
1576, 925.550, 609.370, 6
1577, 925.550, 617.870, 6
1578, 925.550, 626.370, 6
1579, 925.550, 634.870, 6
1580, 925.550, 643.370, 6
1581, 946.420, 167.370, 13
1582, 946.420, 175.870, 13
1583, 946.420, 184.370, 13
1584, 946.420, 192.870, 13
1585, 946.420, 201.370, 13
1586, 946.420, 209.870, 13
1587, 946.420, 218.370, 13
1588, 946.420, 226.870, 13
1589, 946.420, 235.370, 25
1590, 946.420, 243.870, 25
1591, 946.420, 252.370, 25
1592, 946.420, 260.870, 25
1593, 946.420, 269.370, 25
1594, 946.420, 277.870, 25
1595, 946.420, 286.370, 5
1596, 946.420, 294.870, 5
1597, 946.420, 303.370, 5
1598, 946.420, 311.870, 5
1599, 946.420, 320.370, 5
1600, 946.420, 328.870, 5
1601, 946.420, 337.370, 5
1602, 946.420, 345.870, 5
1603, 946.420, 354.370, 5
1604, 946.420, 362.870, 5
1605, 946.420, 371.370, 5
1606, 946.420, 379.870, 5
1607, 946.420, 388.370, 5
1608, 946.420, 396.870, 5
1609, 946.420, 405.370, 5
1610, 946.420, 413.870, 5
1611, 946.420, 422.370, 14
1612, 946.420, 430.870, 14
1613, 946.420, 439.370, 14
1614, 946.420, 447.870, 14
1615, 946.420, 456.370, 14
1616, 946.420, 464.870, 14
1617, 946.420, 473.370, 14
1618, 946.420, 481.870, 14
1619, 946.420, 490.370, 14
1620, 946.420, 498.870, 14
1621, 946.420, 507.370, 14
1622, 946.420, 515.870, 14
1623, 946.420, 524.370, 14
1624, 946.420, 532.870, 6
1625, 946.420, 541.370, 6
1626, 946.420, 549.870, 6
1627, 946.420, 558.370, 6
1628, 946.420, 566.870, 6
1629, 946.420, 575.370, 6
1630, 946.420, 583.870, 6
1631, 946.420, 592.370, 6
1632, 946.420, 600.870, 6
1633, 946.420, 609.370, 6
1634, 946.420, 617.870, 6
1635, 946.420, 626.370, 6
1636, 946.420, 634.870, 6
1637, 946.420, 643.370, 6
1638, 967.290, 167.370, 13
1639, 967.290, 175.870, 13
1640, 967.290, 184.370, 13
1641, 967.290, 192.870, 13
1642, 967.290, 201.370, 13
1643, 967.290, 209.870, 13
1644, 967.290, 218.370, 13
1645, 967.290, 226.870, 13
1646, 967.290, 235.370, 25
1647, 967.290, 243.870, 25
1648, 967.290, 252.370, 25
1649, 967.290, 260.870, 25
1650, 967.290, 269.370, 25
1651, 967.290, 277.870, 25
1652, 967.290, 286.370, 25
1653, 967.290, 294.870, 25
1654, 967.290, 303.370, 25
1655, 967.290, 311.870, 5
1656, 967.290, 320.370, 5
1657, 967.290, 328.870, 5
1658, 967.290, 337.370, 5
1659, 967.290, 345.870, 5
1660, 967.290, 354.370, 5
1661, 967.290, 362.870, 5
1662, 967.290, 371.370, 5
1663, 967.290, 379.870, 5
1664, 967.290, 388.370, 5
1665, 967.290, 396.870, 5
1666, 967.290, 405.370, 5
1667, 967.290, 413.870, 5
1668, 967.290, 422.370, 14
1669, 967.290, 430.870, 14
1670, 967.290, 439.370, 14
1671, 967.290, 447.870, 14
1672, 967.290, 456.370, 14
1673, 967.290, 464.870, 14
1674, 967.290, 473.370, 14
1675, 967.290, 481.870, 14
1676, 967.290, 490.370, 9
1677, 967.290, 498.870, 9
1678, 967.290, 507.370, 9
1679, 967.290, 515.870, 9
1680, 967.290, 524.370, 9
1681, 967.290, 532.870, 6
1682, 967.290, 541.370, 6
1683, 967.290, 549.870, 6
1684, 967.290, 558.370, 6
1685, 967.290, 566.870, 6
1686, 967.290, 575.370, 6
1687, 967.290, 583.870, 6
1688, 967.290, 592.370, 6
1689, 967.290, 600.870, 6
1690, 967.290, 609.370, 6
1691, 967.290, 617.870, 6
1692, 967.290, 626.370, 6
1693, 967.290, 634.870, 6
1694, 988.160, 158.870, 13
1695, 988.160, 167.370, 13
1696, 988.160, 175.870, 13
1697, 988.160, 184.370, 13
1698, 988.160, 192.870, 13
1699, 988.160, 201.370, 13
1700, 988.160, 209.870, 13
1701, 988.160, 218.370, 13
1702, 988.160, 226.870, 13
1703, 988.160, 235.370, 25
1704, 988.160, 243.870, 25
1705, 988.160, 252.370, 25
1706, 988.160, 260.870, 25
1707, 988.160, 269.370, 25
1708, 988.160, 277.870, 25
1709, 988.160, 286.370, 25
1710, 988.160, 294.870, 25
1711, 988.160, 303.370, 25
1712, 988.160, 311.870, 20
1713, 988.160, 320.370, 20
1714, 988.160, 328.870, 20
1715, 988.160, 337.370, 20
1716, 988.160, 345.870, 20
1717, 988.160, 354.370, 20
1718, 988.160, 362.870, 20
1719, 988.160, 371.370, 20
1720, 988.160, 379.870, 20
1721, 988.160, 388.370, 20
1722, 988.160, 396.870, 20
1723, 988.160, 405.370, 20
1724, 988.160, 413.870, 3
1725, 988.160, 422.370, 3
1726, 988.160, 430.870, 3
1727, 988.160, 439.370, 3
1728, 988.160, 447.870, 3
1729, 988.160, 456.370, 3
1730, 988.160, 464.870, 3
1731, 988.160, 473.370, 3
1732, 988.160, 481.870, 9
1733, 988.160, 490.370, 9
1734, 988.160, 498.870, 9
1735, 988.160, 507.370, 9
1736, 988.160, 515.870, 9
1737, 988.160, 524.370, 9
1738, 988.160, 532.870, 9
1739, 988.160, 541.370, 9
1740, 988.160, 549.870, 26
1741, 988.160, 558.370, 26
1742, 988.160, 566.870, 26
1743, 988.160, 575.370, 26
1744, 988.160, 583.870, 26
1745, 988.160, 592.370, 26
1746, 988.160, 600.870, 26
1747, 988.160, 609.370, 26
1748, 988.160, 617.870, 26
1749, 988.160, 626.370, 26
1750, 988.160, 634.870, 26
1751, 1009.030, 150.370, 13
1752, 1009.030, 158.870, 13
1753, 1009.030, 167.370, 13
1754, 1009.030, 175.870, 13
1755, 1009.030, 184.370, 13
1756, 1009.030, 192.870, 13
1757, 1009.030, 201.370, 13
1758, 1009.030, 209.870, 13
1759, 1009.030, 218.370, 13
1760, 1009.030, 226.870, 13
1761, 1009.030, 235.370, 25
1762, 1009.030, 243.870, 25
1763, 1009.030, 252.370, 25
1764, 1009.030, 260.870, 25
1765, 1009.030, 269.370, 25
1766, 1009.030, 277.870, 25
1767, 1009.030, 286.370, 25
1768, 1009.030, 294.870, 25
1769, 1009.030, 303.370, 25
1770, 1009.030, 311.870, 20
1771, 1009.030, 320.370, 20
1772, 1009.030, 328.870, 20
1773, 1009.030, 337.370, 20
1774, 1009.030, 345.870, 20
1775, 1009.030, 354.370, 20
1776, 1009.030, 362.870, 20
1777, 1009.030, 371.370, 20
1778, 1009.030, 379.870, 20
1779, 1009.030, 388.370, 20
1780, 1009.030, 396.870, 20
1781, 1009.030, 405.370, 20
1782, 1009.030, 413.870, 3
1783, 1009.030, 422.370, 3
1784, 1009.030, 430.870, 3
1785, 1009.030, 439.370, 3
1786, 1009.030, 447.870, 3
1787, 1009.030, 456.370, 3
1788, 1009.030, 464.870, 3
1789, 1009.030, 473.370, 3
1790, 1009.030, 481.870, 9
1791, 1009.030, 490.370, 9
1792, 1009.030, 498.870, 9
1793, 1009.030, 507.370, 9
1794, 1009.030, 515.870, 9
1795, 1009.030, 524.370, 9
1796, 1009.030, 532.870, 9
1797, 1009.030, 541.370, 9
1798, 1009.030, 549.870, 26
1799, 1009.030, 558.370, 26
1800, 1009.030, 566.870, 26
1801, 1009.030, 575.370, 26
1802, 1009.030, 583.870, 26
1803, 1009.030, 592.370, 26
1804, 1009.030, 600.870, 26
1805, 1009.030, 609.370, 26
1806, 1009.030, 617.870, 26
1807, 1009.030, 626.370, 26
1808, 1029.900, 150.370, 13
1809, 1029.900, 158.870, 13
1810, 1029.900, 167.370, 13
1811, 1029.900, 175.870, 13
1812, 1029.900, 184.370, 13
1813, 1029.900, 192.870, 13
1814, 1029.900, 201.370, 13
1815, 1029.900, 209.870, 13
1816, 1029.900, 218.370, 13
1817, 1029.900, 226.870, 13
1818, 1029.900, 235.370, 25
1819, 1029.900, 243.870, 25
1820, 1029.900, 252.370, 25
1821, 1029.900, 260.870, 25
1822, 1029.900, 269.370, 25
1823, 1029.900, 277.870, 25
1824, 1029.900, 286.370, 25
1825, 1029.900, 294.870, 25
1826, 1029.900, 303.370, 25
1827, 1029.900, 311.870, 20
1828, 1029.900, 320.370, 20
1829, 1029.900, 328.870, 20
1830, 1029.900, 337.370, 20
1831, 1029.900, 345.870, 20
1832, 1029.900, 354.370, 20
1833, 1029.900, 362.870, 20
1834, 1029.900, 371.370, 20
1835, 1029.900, 379.870, 20
1836, 1029.900, 388.370, 20
1837, 1029.900, 396.870, 20
1838, 1029.900, 405.370, 20
1839, 1029.900, 413.870, 3
1840, 1029.900, 422.370, 3
1841, 1029.900, 430.870, 3
1842, 1029.900, 439.370, 3
1843, 1029.900, 447.870, 3
1844, 1029.900, 456.370, 3
1845, 1029.900, 464.870, 3
1846, 1029.900, 473.370, 3
1847, 1029.900, 481.870, 9
1848, 1029.900, 490.370, 9
1849, 1029.900, 498.870, 9
1850, 1029.900, 507.370, 9
1851, 1029.900, 515.870, 9
1852, 1029.900, 524.370, 9
1853, 1029.900, 532.870, 9
1854, 1029.900, 541.370, 9
1855, 1029.900, 549.870, 26
1856, 1029.900, 558.370, 26
1857, 1029.900, 566.870, 26
1858, 1029.900, 575.370, 26
1859, 1029.900, 583.870, 26
1860, 1029.900, 592.370, 26
1861, 1029.900, 600.870, 26
1862, 1029.900, 609.370, 26
1863, 1029.900, 617.870, 26
1864, 1029.900, 626.370, 26
1865, 1050.770, 141.870, 13
1866, 1050.770, 150.370, 13
1867, 1050.770, 158.870, 13
1868, 1050.770, 167.370, 13
1869, 1050.770, 175.870, 13
1870, 1050.770, 184.370, 13
1871, 1050.770, 192.870, 13
1872, 1050.770, 201.370, 13
1873, 1050.770, 209.870, 13
1874, 1050.770, 218.370, 13
1875, 1050.770, 226.870, 13
1876, 1050.770, 235.370, 25
1877, 1050.770, 243.870, 25
1878, 1050.770, 252.370, 25
1879, 1050.770, 260.870, 25
1880, 1050.770, 269.370, 25
1881, 1050.770, 277.870, 25
1882, 1050.770, 286.370, 25
1883, 1050.770, 294.870, 25
1884, 1050.770, 303.370, 25
1885, 1050.770, 311.870, 20
1886, 1050.770, 320.370, 20
1887, 1050.770, 328.870, 20
1888, 1050.770, 337.370, 20
1889, 1050.770, 345.870, 20
1890, 1050.770, 354.370, 20
1891, 1050.770, 362.870, 20
1892, 1050.770, 371.370, 20
1893, 1050.770, 379.870, 20
1894, 1050.770, 388.370, 20
1895, 1050.770, 396.870, 20
1896, 1050.770, 405.370, 20
1897, 1050.770, 413.870, 3
1898, 1050.770, 422.370, 3
1899, 1050.770, 430.870, 3
1900, 1050.770, 439.370, 3
1901, 1050.770, 447.870, 3
1902, 1050.770, 456.370, 3
1903, 1050.770, 464.870, 3
1904, 1050.770, 473.370, 3
1905, 1050.770, 481.870, 9
1906, 1050.770, 490.370, 9
1907, 1050.770, 498.870, 9
1908, 1050.770, 507.370, 9
1909, 1050.770, 515.870, 9
1910, 1050.770, 524.370, 9
1911, 1050.770, 532.870, 9
1912, 1050.770, 541.370, 9
1913, 1050.770, 549.870, 26
1914, 1050.770, 558.370, 26
1915, 1050.770, 566.870, 26
1916, 1050.770, 575.370, 26
1917, 1050.770, 583.870, 26
1918, 1050.770, 592.370, 26
1919, 1050.770, 600.870, 26
1920, 1050.770, 609.370, 26
1921, 1050.770, 617.870, 26
1922, 1071.640, 133.370, 13
1923, 1071.640, 141.870, 13
1924, 1071.640, 150.370, 13
1925, 1071.640, 158.870, 13
1926, 1071.640, 167.370, 13
1927, 1071.640, 175.870, 13
1928, 1071.640, 184.370, 13
1929, 1071.640, 192.870, 13
1930, 1071.640, 201.370, 13
1931, 1071.640, 209.870, 13
1932, 1071.640, 218.370, 13
1933, 1071.640, 226.870, 13
1934, 1071.640, 235.370, 25
1935, 1071.640, 243.870, 25
1936, 1071.640, 252.370, 25
1937, 1071.640, 260.870, 25
1938, 1071.640, 269.370, 25
1939, 1071.640, 277.870, 25
1940, 1071.640, 286.370, 25
1941, 1071.640, 294.870, 25
1942, 1071.640, 303.370, 25
1943, 1071.640, 311.870, 20
1944, 1071.640, 320.370, 20
1945, 1071.640, 328.870, 20
1946, 1071.640, 337.370, 20
1947, 1071.640, 345.870, 20
1948, 1071.640, 354.370, 20
1949, 1071.640, 362.870, 20
1950, 1071.640, 371.370, 20
1951, 1071.640, 379.870, 20
1952, 1071.640, 388.370, 20
1953, 1071.640, 396.870, 20
1954, 1071.640, 405.370, 20
1955, 1071.640, 413.870, 3
1956, 1071.640, 422.370, 3
1957, 1071.640, 430.870, 3
1958, 1071.640, 439.370, 3
1959, 1071.640, 447.870, 3
1960, 1071.640, 456.370, 3
1961, 1071.640, 464.870, 3
1962, 1071.640, 473.370, 3
1963, 1071.640, 481.870, 9
1964, 1071.640, 490.370, 9
1965, 1071.640, 498.870, 9
1966, 1071.640, 507.370, 9
1967, 1071.640, 515.870, 9
1968, 1071.640, 524.370, 9
1969, 1071.640, 532.870, 9
1970, 1071.640, 541.370, 9
1971, 1071.640, 549.870, 26
1972, 1071.640, 558.370, 26
1973, 1071.640, 566.870, 26
1974, 1071.640, 575.370, 26
1975, 1071.640, 583.870, 26
1976, 1071.640, 592.370, 26
1977, 1071.640, 600.870, 26
1978, 1071.640, 609.370, 26
1979, 1071.640, 617.870, 26
1980, 1092.510, 133.370, 13
1981, 1092.510, 141.870, 13
1982, 1092.510, 150.370, 13
1983, 1092.510, 158.870, 13
1984, 1092.510, 167.370, 13
1985, 1092.510, 175.870, 13
1986, 1092.510, 184.370, 13
1987, 1092.510, 192.870, 13
1988, 1092.510, 201.370, 13
1989, 1092.510, 209.870, 13
1990, 1092.510, 218.370, 13
1991, 1092.510, 226.870, 13
1992, 1092.510, 235.370, 25
1993, 1092.510, 243.870, 25
1994, 1092.510, 252.370, 25
1995, 1092.510, 260.870, 25
1996, 1092.510, 269.370, 25
1997, 1092.510, 277.870, 25
1998, 1092.510, 286.370, 25
1999, 1092.510, 294.870, 25
2000, 1092.510, 303.370, 25
2001, 1092.510, 311.870, 20
2002, 1092.510, 320.370, 20
2003, 1092.510, 328.870, 20
2004, 1092.510, 337.370, 20
2005, 1092.510, 345.870, 20
2006, 1092.510, 354.370, 20
2007, 1092.510, 362.870, 20
2008, 1092.510, 371.370, 20
2009, 1092.510, 379.870, 20
2010, 1092.510, 388.370, 20
2011, 1092.510, 396.870, 20
2012, 1092.510, 405.370, 20
2013, 1092.510, 413.870, 3
2014, 1092.510, 422.370, 3
2015, 1092.510, 430.870, 3
2016, 1092.510, 439.370, 3
2017, 1092.510, 447.870, 3
2018, 1092.510, 456.370, 3
2019, 1092.510, 464.870, 3
2020, 1092.510, 473.370, 3
2021, 1092.510, 481.870, 9
2022, 1092.510, 490.370, 9
2023, 1092.510, 498.870, 9
2024, 1092.510, 507.370, 9
2025, 1092.510, 515.870, 9
2026, 1092.510, 524.370, 9
2027, 1092.510, 532.870, 9
2028, 1092.510, 541.370, 9
2029, 1092.510, 549.870, 26
2030, 1092.510, 558.370, 26
2031, 1092.510, 566.870, 26
2032, 1092.510, 575.370, 26
2033, 1092.510, 583.870, 26
2034, 1092.510, 592.370, 26
2035, 1092.510, 600.870, 26
2036, 1092.510, 609.370, 26
2037, 1113.380, 124.870, 13
2038, 1113.380, 133.370, 13
2039, 1113.380, 141.870, 13
2040, 1113.380, 150.370, 13
2041, 1113.380, 158.870, 13
2042, 1113.380, 167.370, 13
2043, 1113.380, 175.870, 13
2044, 1113.380, 184.370, 13
2045, 1113.380, 192.870, 13
2046, 1113.380, 201.370, 13
2047, 1113.380, 209.870, 13
2048, 1113.380, 218.370, 13
2049, 1113.380, 226.870, 13
2050, 1113.380, 235.370, 25
2051, 1113.380, 243.870, 25
2052, 1113.380, 252.370, 25
2053, 1113.380, 260.870, 25
2054, 1113.380, 269.370, 25
2055, 1113.380, 277.870, 25
2056, 1113.380, 286.370, 25
2057, 1113.380, 294.870, 25
2058, 1113.380, 303.370, 25
2059, 1113.380, 311.870, 20
2060, 1113.380, 320.370, 20
2061, 1113.380, 328.870, 20
2062, 1113.380, 337.370, 20
2063, 1113.380, 345.870, 20
2064, 1113.380, 354.370, 20
2065, 1113.380, 362.870, 20
2066, 1113.380, 371.370, 20
2067, 1113.380, 379.870, 20
2068, 1113.380, 388.370, 20
2069, 1113.380, 396.870, 20
2070, 1113.380, 405.370, 20
2071, 1113.380, 413.870, 3
2072, 1113.380, 422.370, 3
2073, 1113.380, 430.870, 3
2074, 1113.380, 439.370, 3
2075, 1113.380, 447.870, 3
2076, 1113.380, 456.370, 3
2077, 1113.380, 464.870, 3
2078, 1113.380, 473.370, 3
2079, 1113.380, 481.870, 9
2080, 1113.380, 490.370, 9
2081, 1113.380, 498.870, 9
2082, 1113.380, 507.370, 9
2083, 1113.380, 515.870, 9
2084, 1113.380, 524.370, 9
2085, 1113.380, 532.870, 9
2086, 1113.380, 541.370, 9
2087, 1113.380, 549.870, 26
2088, 1113.380, 558.370, 26
2089, 1113.380, 566.870, 26
2090, 1113.380, 575.370, 26
2091, 1113.380, 583.870, 26
2092, 1113.380, 592.370, 26
2093, 1113.380, 600.870, 26
2094, 1113.380, 609.370, 26
2095, 1134.250, 116.370, 16
2096, 1134.250, 124.870, 16
2097, 1134.250, 133.370, 16
2098, 1134.250, 141.870, 16
2099, 1134.250, 150.370, 16
2100, 1134.250, 158.870, 16
2101, 1134.250, 167.370, 16
2102, 1134.250, 175.870, 16
2103, 1134.250, 184.370, 13
2104, 1134.250, 192.870, 13
2105, 1134.250, 201.370, 13
2106, 1134.250, 209.870, 13
2107, 1134.250, 218.370, 13
2108, 1134.250, 226.870, 13
2109, 1134.250, 235.370, 25
2110, 1134.250, 243.870, 25
2111, 1134.250, 252.370, 25
2112, 1134.250, 260.870, 25
2113, 1134.250, 269.370, 25
2114, 1134.250, 277.870, 25
2115, 1134.250, 286.370, 25
2116, 1134.250, 294.870, 25
2117, 1134.250, 303.370, 20
2118, 1134.250, 311.870, 20
2119, 1134.250, 320.370, 20
2120, 1134.250, 328.870, 20
2121, 1134.250, 337.370, 20
2122, 1134.250, 345.870, 20
2123, 1134.250, 354.370, 20
2124, 1134.250, 362.870, 20
2125, 1134.250, 371.370, 20
2126, 1134.250, 379.870, 20
2127, 1134.250, 388.370, 20
2128, 1134.250, 396.870, 20
2129, 1134.250, 405.370, 20
2130, 1134.250, 413.870, 3
2131, 1134.250, 422.370, 3
2132, 1134.250, 430.870, 3
2133, 1134.250, 439.370, 3
2134, 1134.250, 447.870, 3
2135, 1134.250, 456.370, 3
2136, 1134.250, 464.870, 3
2137, 1134.250, 473.370, 3
2138, 1134.250, 481.870, 9
2139, 1134.250, 490.370, 9
2140, 1134.250, 498.870, 9
2141, 1134.250, 507.370, 9
2142, 1134.250, 515.870, 9
2143, 1134.250, 524.370, 9
2144, 1134.250, 532.870, 9
2145, 1134.250, 541.370, 9
2146, 1134.250, 549.870, 26
2147, 1134.250, 558.370, 26
2148, 1134.250, 566.870, 26
2149, 1134.250, 575.370, 26
2150, 1134.250, 583.870, 26
2151, 1134.250, 592.370, 26
2152, 1134.250, 600.870, 26
2153, 1134.250, 609.370, 26
2154, 1155.120, 107.870, 16
2155, 1155.120, 116.370, 16
2156, 1155.120, 124.870, 16
2157, 1155.120, 133.370, 16
2158, 1155.120, 141.870, 16
2159, 1155.120, 150.370, 16
2160, 1155.120, 158.870, 16
2161, 1155.120, 167.370, 16
2162, 1155.120, 175.870, 16
2163, 1155.120, 184.370, 23
2164, 1155.120, 192.870, 23
2165, 1155.120, 201.370, 23
2166, 1155.120, 209.870, 23
2167, 1155.120, 218.370, 23
2168, 1155.120, 226.870, 23
2169, 1155.120, 235.370, 25
2170, 1155.120, 243.870, 25
2171, 1155.120, 252.370, 25
2172, 1155.120, 260.870, 25
2173, 1155.120, 269.370, 25
2174, 1155.120, 277.870, 25
2175, 1155.120, 286.370, 25
2176, 1155.120, 294.870, 25
2177, 1155.120, 303.370, 20
2178, 1155.120, 311.870, 20
2179, 1155.120, 320.370, 20
2180, 1155.120, 328.870, 20
2181, 1155.120, 337.370, 20
2182, 1155.120, 345.870, 20
2183, 1155.120, 354.370, 20
2184, 1155.120, 362.870, 20
2185, 1155.120, 371.370, 20
2186, 1155.120, 379.870, 20
2187, 1155.120, 388.370, 20
2188, 1155.120, 396.870, 20
2189, 1155.120, 405.370, 3
2190, 1155.120, 413.870, 3
2191, 1155.120, 422.370, 3
2192, 1155.120, 430.870, 3
2193, 1155.120, 439.370, 3
2194, 1155.120, 447.870, 3
2195, 1155.120, 456.370, 3
2196, 1155.120, 464.870, 3
2197, 1155.120, 473.370, 3
2198, 1155.120, 481.870, 9
2199, 1155.120, 490.370, 9
2200, 1155.120, 498.870, 9
2201, 1155.120, 507.370, 9
2202, 1155.120, 515.870, 9
2203, 1155.120, 524.370, 9
2204, 1155.120, 532.870, 9
2205, 1155.120, 541.370, 9
2206, 1155.120, 549.870, 26
2207, 1155.120, 558.370, 26
2208, 1155.120, 566.870, 26
2209, 1155.120, 575.370, 26
2210, 1155.120, 583.870, 26
2211, 1155.120, 592.370, 26
2212, 1155.120, 600.870, 26
2213, 1175.990, 107.870, 16
2214, 1175.990, 116.370, 16
2215, 1175.990, 124.870, 16
2216, 1175.990, 133.370, 16
2217, 1175.990, 141.870, 16
2218, 1175.990, 150.370, 16
2219, 1175.990, 158.870, 16
2220, 1175.990, 167.370, 16
2221, 1175.990, 175.870, 16
2222, 1175.990, 184.370, 23
2223, 1175.990, 192.870, 23
2224, 1175.990, 201.370, 23
2225, 1175.990, 209.870, 23
2226, 1175.990, 218.370, 23
2227, 1175.990, 226.870, 23
2228, 1175.990, 235.370, 23
2229, 1175.990, 243.870, 23
2230, 1175.990, 252.370, 23
2231, 1175.990, 260.870, 23
2232, 1175.990, 269.370, 25
2233, 1175.990, 277.870, 25
2234, 1175.990, 286.370, 25
2235, 1175.990, 294.870, 8
2236, 1175.990, 303.370, 8
2237, 1175.990, 311.870, 8
2238, 1175.990, 320.370, 8
2239, 1175.990, 328.870, 8
2240, 1175.990, 337.370, 8
2241, 1175.990, 345.870, 17
2242, 1175.990, 354.370, 17
2243, 1175.990, 362.870, 17
2244, 1175.990, 371.370, 17
2245, 1175.990, 379.870, 17
2246, 1175.990, 388.370, 17
2247, 1175.990, 396.870, 17
2248, 1175.990, 405.370, 3
2249, 1175.990, 413.870, 3
2250, 1175.990, 422.370, 3
2251, 1175.990, 430.870, 3
2252, 1175.990, 439.370, 3
2253, 1175.990, 447.870, 3
2254, 1175.990, 456.370, 3
2255, 1175.990, 464.870, 3
2256, 1175.990, 473.370, 3
2257, 1175.990, 481.870, 9
2258, 1175.990, 490.370, 9
2259, 1175.990, 498.870, 9
2260, 1175.990, 507.370, 9
2261, 1175.990, 515.870, 9
2262, 1175.990, 524.370, 9
2263, 1175.990, 532.870, 9
2264, 1175.990, 541.370, 9
2265, 1175.990, 549.870, 26
2266, 1175.990, 558.370, 26
2267, 1175.990, 566.870, 26
2268, 1175.990, 575.370, 26
2269, 1175.990, 583.870, 26
2270, 1175.990, 592.370, 26
2271, 1175.990, 600.870, 26
2272, 1196.860, 99.370, 16
2273, 1196.860, 107.870, 16
2274, 1196.860, 116.370, 16
2275, 1196.860, 124.870, 16
2276, 1196.860, 133.370, 16
2277, 1196.860, 141.870, 16
2278, 1196.860, 150.370, 16
2279, 1196.860, 158.870, 16
2280, 1196.860, 167.370, 16
2281, 1196.860, 175.870, 16
2282, 1196.860, 184.370, 23
2283, 1196.860, 192.870, 23
2284, 1196.860, 201.370, 23
2285, 1196.860, 209.870, 23
2286, 1196.860, 218.370, 23
2287, 1196.860, 226.870, 23
2288, 1196.860, 235.370, 23
2289, 1196.860, 243.870, 23
2290, 1196.860, 252.370, 23
2291, 1196.860, 260.870, 23
2292, 1196.860, 269.370, 8
2293, 1196.860, 277.870, 8
2294, 1196.860, 286.370, 8
2295, 1196.860, 294.870, 8
2296, 1196.860, 303.370, 8
2297, 1196.860, 311.870, 8
2298, 1196.860, 320.370, 8
2299, 1196.860, 328.870, 8
2300, 1196.860, 337.370, 8
2301, 1196.860, 345.870, 17
2302, 1196.860, 354.370, 17
2303, 1196.860, 362.870, 17
2304, 1196.860, 371.370, 17
2305, 1196.860, 379.870, 17
2306, 1196.860, 388.370, 17
2307, 1196.860, 396.870, 17
2308, 1196.860, 405.370, 3
2309, 1196.860, 413.870, 3
2310, 1196.860, 422.370, 3
2311, 1196.860, 430.870, 3
2312, 1196.860, 439.370, 3
2313, 1196.860, 447.870, 3
2314, 1196.860, 456.370, 3
2315, 1196.860, 464.870, 3
2316, 1196.860, 473.370, 3
2317, 1196.860, 481.870, 9
2318, 1196.860, 490.370, 9
2319, 1196.860, 498.870, 9
2320, 1196.860, 507.370, 9
2321, 1196.860, 515.870, 9
2322, 1196.860, 524.370, 9
2323, 1196.860, 532.870, 9
2324, 1196.860, 541.370, 9
2325, 1196.860, 549.870, 26
2326, 1196.860, 558.370, 26
2327, 1196.860, 566.870, 26
2328, 1196.860, 575.370, 26
2329, 1196.860, 583.870, 26
2330, 1196.860, 592.370, 26
2331, 1217.730, 90.870, 16
2332, 1217.730, 99.370, 16
2333, 1217.730, 107.870, 16
2334, 1217.730, 116.370, 16
2335, 1217.730, 124.870, 16
2336, 1217.730, 133.370, 16
2337, 1217.730, 141.870, 16
2338, 1217.730, 150.370, 16
2339, 1217.730, 158.870, 16
2340, 1217.730, 167.370, 16
2341, 1217.730, 175.870, 16
2342, 1217.730, 184.370, 23
2343, 1217.730, 192.870, 23
2344, 1217.730, 201.370, 23
2345, 1217.730, 209.870, 23
2346, 1217.730, 218.370, 23
2347, 1217.730, 226.870, 23
2348, 1217.730, 235.370, 23
2349, 1217.730, 243.870, 23
2350, 1217.730, 252.370, 23
2351, 1217.730, 260.870, 23
2352, 1217.730, 269.370, 8
2353, 1217.730, 277.870, 8
2354, 1217.730, 286.370, 8
2355, 1217.730, 294.870, 8
2356, 1217.730, 303.370, 8
2357, 1217.730, 311.870, 8
2358, 1217.730, 320.370, 8
2359, 1217.730, 328.870, 8
2360, 1217.730, 337.370, 8
2361, 1217.730, 345.870, 17
2362, 1217.730, 354.370, 17
2363, 1217.730, 362.870, 17
2364, 1217.730, 371.370, 17
2365, 1217.730, 379.870, 17
2366, 1217.730, 388.370, 17
2367, 1217.730, 396.870, 17
2368, 1217.730, 405.370, 3
2369, 1217.730, 413.870, 3
2370, 1217.730, 422.370, 3
2371, 1217.730, 430.870, 3
2372, 1217.730, 439.370, 3
2373, 1217.730, 447.870, 3
2374, 1217.730, 456.370, 3
2375, 1217.730, 464.870, 3
2376, 1217.730, 473.370, 3
2377, 1217.730, 481.870, 9
2378, 1217.730, 490.370, 9
2379, 1217.730, 498.870, 9
2380, 1217.730, 507.370, 9
2381, 1217.730, 515.870, 9
2382, 1217.730, 524.370, 9
2383, 1217.730, 532.870, 9
2384, 1217.730, 541.370, 9
2385, 1217.730, 549.870, 26
2386, 1217.730, 558.370, 26
2387, 1217.730, 566.870, 26
2388, 1217.730, 575.370, 26
2389, 1217.730, 583.870, 26
2390, 1217.730, 592.370, 26
2391, 1238.600, 90.870, 16
2392, 1238.600, 99.370, 16
2393, 1238.600, 107.870, 16
2394, 1238.600, 116.370, 16
2395, 1238.600, 124.870, 16
2396, 1238.600, 133.370, 16
2397, 1238.600, 141.870, 16
2398, 1238.600, 150.370, 16
2399, 1238.600, 158.870, 16
2400, 1238.600, 167.370, 16
2401, 1238.600, 175.870, 16
2402, 1238.600, 184.370, 23
2403, 1238.600, 192.870, 23
2404, 1238.600, 201.370, 23
2405, 1238.600, 209.870, 23
2406, 1238.600, 218.370, 23
2407, 1238.600, 226.870, 23
2408, 1238.600, 235.370, 23
2409, 1238.600, 243.870, 23
2410, 1238.600, 252.370, 23
2411, 1238.600, 260.870, 23
2412, 1238.600, 269.370, 8
2413, 1238.600, 277.870, 8
2414, 1238.600, 286.370, 8
2415, 1238.600, 294.870, 8
2416, 1238.600, 303.370, 8
2417, 1238.600, 311.870, 8
2418, 1238.600, 320.370, 8
2419, 1238.600, 328.870, 8
2420, 1238.600, 337.370, 8
2421, 1238.600, 345.870, 17
2422, 1238.600, 354.370, 17
2423, 1238.600, 362.870, 17
2424, 1238.600, 371.370, 17
2425, 1238.600, 379.870, 17
2426, 1238.600, 388.370, 17
2427, 1238.600, 396.870, 17
2428, 1238.600, 405.370, 3
2429, 1238.600, 413.870, 3
2430, 1238.600, 422.370, 3
2431, 1238.600, 430.870, 3
2432, 1238.600, 439.370, 3
2433, 1238.600, 447.870, 3
2434, 1238.600, 456.370, 3
2435, 1238.600, 464.870, 3
2436, 1238.600, 473.370, 3
2437, 1238.600, 481.870, 9
2438, 1238.600, 490.370, 9
2439, 1238.600, 498.870, 9
2440, 1238.600, 507.370, 9
2441, 1238.600, 515.870, 9
2442, 1238.600, 524.370, 9
2443, 1238.600, 532.870, 9
2444, 1238.600, 541.370, 9
2445, 1238.600, 549.870, 26
2446, 1238.600, 558.370, 26
2447, 1238.600, 566.870, 26
2448, 1238.600, 575.370, 26
2449, 1238.600, 583.870, 26
2450, 1259.470, 82.370, 16
2451, 1259.470, 90.870, 16
2452, 1259.470, 99.370, 16
2453, 1259.470, 107.870, 16
2454, 1259.470, 116.370, 16
2455, 1259.470, 124.870, 16
2456, 1259.470, 133.370, 16
2457, 1259.470, 141.870, 16
2458, 1259.470, 150.370, 16
2459, 1259.470, 158.870, 16
2460, 1259.470, 167.370, 16
2461, 1259.470, 175.870, 16
2462, 1259.470, 184.370, 23
2463, 1259.470, 192.870, 23
2464, 1259.470, 201.370, 23
2465, 1259.470, 209.870, 23
2466, 1259.470, 218.370, 23
2467, 1259.470, 226.870, 23
2468, 1259.470, 235.370, 23
2469, 1259.470, 243.870, 23
2470, 1259.470, 252.370, 23
2471, 1259.470, 260.870, 23
2472, 1259.470, 269.370, 8
2473, 1259.470, 277.870, 8
2474, 1259.470, 286.370, 8
2475, 1259.470, 294.870, 8
2476, 1259.470, 303.370, 8
2477, 1259.470, 311.870, 8
2478, 1259.470, 320.370, 8
2479, 1259.470, 328.870, 8
2480, 1259.470, 337.370, 8
2481, 1259.470, 345.870, 17
2482, 1259.470, 354.370, 17
2483, 1259.470, 362.870, 17
2484, 1259.470, 371.370, 17
2485, 1259.470, 379.870, 17
2486, 1259.470, 388.370, 17
2487, 1259.470, 396.870, 17
2488, 1259.470, 405.370, 10
2489, 1259.470, 413.870, 10
2490, 1259.470, 422.370, 10
2491, 1259.470, 430.870, 10
2492, 1259.470, 439.370, 10
2493, 1259.470, 447.870, 10
2494, 1259.470, 456.370, 10
2495, 1259.470, 464.870, 10
2496, 1259.470, 473.370, 10
2497, 1259.470, 481.870, 4
2498, 1259.470, 490.370, 4
2499, 1259.470, 498.870, 4
2500, 1259.470, 507.370, 4
2501, 1259.470, 515.870, 4
2502, 1259.470, 524.370, 4
2503, 1259.470, 532.870, 4
2504, 1259.470, 541.370, 4
2505, 1259.470, 549.870, 26
2506, 1259.470, 558.370, 26
2507, 1259.470, 566.870, 26
2508, 1259.470, 575.370, 26
2509, 1259.470, 583.870, 26
2510, 1280.340, 73.870, 16
2511, 1280.340, 82.370, 16
2512, 1280.340, 90.870, 16
2513, 1280.340, 99.370, 16
2514, 1280.340, 107.870, 16
2515, 1280.340, 116.370, 16
2516, 1280.340, 124.870, 16
2517, 1280.340, 133.370, 16
2518, 1280.340, 141.870, 16
2519, 1280.340, 150.370, 16
2520, 1280.340, 158.870, 16
2521, 1280.340, 167.370, 16
2522, 1280.340, 175.870, 16
2523, 1280.340, 184.370, 23
2524, 1280.340, 192.870, 23
2525, 1280.340, 201.370, 23
2526, 1280.340, 209.870, 23
2527, 1280.340, 218.370, 23
2528, 1280.340, 226.870, 23
2529, 1280.340, 235.370, 23
2530, 1280.340, 243.870, 23
2531, 1280.340, 252.370, 23
2532, 1280.340, 260.870, 23
2533, 1280.340, 269.370, 8
2534, 1280.340, 277.870, 8
2535, 1280.340, 286.370, 8
2536, 1280.340, 294.870, 8
2537, 1280.340, 303.370, 8
2538, 1280.340, 311.870, 8
2539, 1280.340, 320.370, 8
2540, 1280.340, 328.870, 8
2541, 1280.340, 337.370, 8
2542, 1280.340, 345.870, 17
2543, 1280.340, 354.370, 17
2544, 1280.340, 362.870, 17
2545, 1280.340, 371.370, 17
2546, 1280.340, 379.870, 17
2547, 1280.340, 388.370, 17
2548, 1280.340, 396.870, 17
2549, 1280.340, 405.370, 17
2550, 1280.340, 413.870, 10
2551, 1280.340, 422.370, 10
2552, 1280.340, 430.870, 10
2553, 1280.340, 439.370, 10
2554, 1280.340, 447.870, 10
2555, 1280.340, 456.370, 10
2556, 1280.340, 464.870, 10
2557, 1280.340, 473.370, 10
2558, 1280.340, 481.870, 10
2559, 1280.340, 490.370, 4
2560, 1280.340, 498.870, 4
2561, 1280.340, 507.370, 4
2562, 1280.340, 515.870, 4
2563, 1280.340, 524.370, 4
2564, 1280.340, 532.870, 4
2565, 1280.340, 541.370, 4
2566, 1280.340, 549.870, 4
2567, 1280.340, 558.370, 4
2568, 1280.340, 566.870, 4
2569, 1280.340, 575.370, 4
2570, 1301.210, 65.370, 16
2571, 1301.210, 73.870, 16
2572, 1301.210, 82.370, 16
2573, 1301.210, 90.870, 16
2574, 1301.210, 99.370, 16
2575, 1301.210, 107.870, 16
2576, 1301.210, 116.370, 16
2577, 1301.210, 124.870, 16
2578, 1301.210, 133.370, 16
2579, 1301.210, 141.870, 16
2580, 1301.210, 150.370, 16
2581, 1301.210, 158.870, 16
2582, 1301.210, 167.370, 16
2583, 1301.210, 175.870, 16
2584, 1301.210, 184.370, 23
2585, 1301.210, 192.870, 23
2586, 1301.210, 201.370, 23
2587, 1301.210, 209.870, 23
2588, 1301.210, 218.370, 23
2589, 1301.210, 226.870, 23
2590, 1301.210, 235.370, 23
2591, 1301.210, 243.870, 23
2592, 1301.210, 252.370, 23
2593, 1301.210, 260.870, 23
2594, 1301.210, 269.370, 8
2595, 1301.210, 277.870, 8
2596, 1301.210, 286.370, 8
2597, 1301.210, 294.870, 8
2598, 1301.210, 303.370, 8
2599, 1301.210, 311.870, 8
2600, 1301.210, 320.370, 8
2601, 1301.210, 328.870, 8
2602, 1301.210, 337.370, 8
2603, 1301.210, 345.870, 17
2604, 1301.210, 354.370, 17
2605, 1301.210, 362.870, 17
2606, 1301.210, 371.370, 17
2607, 1301.210, 379.870, 17
2608, 1301.210, 388.370, 17
2609, 1301.210, 396.870, 17
2610, 1301.210, 405.370, 17
2611, 1301.210, 413.870, 10
2612, 1301.210, 422.370, 10
2613, 1301.210, 430.870, 10
2614, 1301.210, 439.370, 10
2615, 1301.210, 447.870, 10
2616, 1301.210, 456.370, 10
2617, 1301.210, 464.870, 10
2618, 1301.210, 473.370, 10
2619, 1301.210, 481.870, 10
2620, 1301.210, 490.370, 4
2621, 1301.210, 498.870, 4
2622, 1301.210, 507.370, 4
2623, 1301.210, 515.870, 4
2624, 1301.210, 524.370, 4
2625, 1301.210, 532.870, 4
2626, 1301.210, 541.370, 4
2627, 1301.210, 549.870, 4
2628, 1301.210, 558.370, 4
2629, 1301.210, 566.870, 4
2630, 1301.210, 575.370, 4
2631, 1322.080, 107.870, 16
2632, 1322.080, 116.370, 16
2633, 1322.080, 124.870, 16
2634, 1322.080, 133.370, 16
2635, 1322.080, 141.870, 16
2636, 1322.080, 150.370, 16
2637, 1322.080, 158.870, 16
2638, 1322.080, 167.370, 16
2639, 1322.080, 175.870, 16
2640, 1322.080, 184.370, 23
2641, 1322.080, 192.870, 23
2642, 1322.080, 201.370, 23
2643, 1322.080, 209.870, 23
2644, 1322.080, 218.370, 23
2645, 1322.080, 226.870, 23
2646, 1322.080, 235.370, 23
2647, 1322.080, 243.870, 23
2648, 1322.080, 252.370, 23
2649, 1322.080, 260.870, 23
2650, 1322.080, 269.370, 8
2651, 1322.080, 277.870, 8
2652, 1322.080, 286.370, 8
2653, 1322.080, 294.870, 8
2654, 1322.080, 303.370, 8
2655, 1322.080, 311.870, 8
2656, 1322.080, 320.370, 8
2657, 1322.080, 328.870, 8
2658, 1322.080, 337.370, 8
2659, 1322.080, 345.870, 17
2660, 1322.080, 354.370, 17
2661, 1322.080, 362.870, 17
2662, 1322.080, 371.370, 17
2663, 1322.080, 379.870, 17
2664, 1322.080, 388.370, 17
2665, 1322.080, 396.870, 17
2666, 1322.080, 405.370, 17
2667, 1322.080, 413.870, 10
2668, 1322.080, 422.370, 10
2669, 1322.080, 430.870, 10
2670, 1322.080, 439.370, 10
2671, 1322.080, 447.870, 10
2672, 1322.080, 456.370, 10
2673, 1322.080, 464.870, 10
2674, 1322.080, 473.370, 10
2675, 1322.080, 481.870, 10
2676, 1322.080, 490.370, 4
2677, 1322.080, 498.870, 4
2678, 1322.080, 507.370, 4
2679, 1322.080, 515.870, 4
2680, 1322.080, 524.370, 4
2681, 1322.080, 532.870, 4
2682, 1322.080, 541.370, 4
2683, 1322.080, 549.870, 4
2684, 1322.080, 558.370, 4
2685, 1322.080, 566.870, 4
2686, 1342.950, 158.870, 16
2687, 1342.950, 167.370, 16
2688, 1342.950, 175.870, 16
2689, 1342.950, 184.370, 23
2690, 1342.950, 192.870, 23
2691, 1342.950, 201.370, 23
2692, 1342.950, 209.870, 23
2693, 1342.950, 218.370, 23
2694, 1342.950, 226.870, 23
2695, 1342.950, 235.370, 23
2696, 1342.950, 243.870, 23
2697, 1342.950, 252.370, 23
2698, 1342.950, 260.870, 23
2699, 1342.950, 269.370, 8
2700, 1342.950, 277.870, 8
2701, 1342.950, 286.370, 8
2702, 1342.950, 294.870, 8
2703, 1342.950, 303.370, 8
2704, 1342.950, 311.870, 8
2705, 1342.950, 320.370, 8
2706, 1342.950, 328.870, 8
2707, 1342.950, 337.370, 8
2708, 1342.950, 345.870, 17
2709, 1342.950, 354.370, 17
2710, 1342.950, 362.870, 17
2711, 1342.950, 371.370, 17
2712, 1342.950, 379.870, 17
2713, 1342.950, 388.370, 17
2714, 1342.950, 396.870, 17
2715, 1342.950, 405.370, 17
2716, 1342.950, 413.870, 10
2717, 1342.950, 422.370, 10
2718, 1342.950, 430.870, 10
2719, 1342.950, 439.370, 10
2720, 1342.950, 447.870, 10
2721, 1342.950, 456.370, 10
2722, 1342.950, 464.870, 10
2723, 1342.950, 473.370, 10
2724, 1342.950, 481.870, 10
2725, 1342.950, 490.370, 4
2726, 1342.950, 498.870, 4
2727, 1342.950, 507.370, 4
2728, 1342.950, 515.870, 4
2729, 1342.950, 524.370, 4
2730, 1342.950, 532.870, 4
2731, 1342.950, 541.370, 4
2732, 1342.950, 549.870, 4
2733, 1342.950, 558.370, 4
2734, 1342.950, 566.870, 4
2735, 1363.820, 192.870, 23
2736, 1363.820, 201.370, 23
2737, 1363.820, 209.870, 23
2738, 1363.820, 218.370, 23
2739, 1363.820, 226.870, 23
2740, 1363.820, 235.370, 23
2741, 1363.820, 243.870, 23
2742, 1363.820, 252.370, 23
2743, 1363.820, 260.870, 23
2744, 1363.820, 269.370, 8
2745, 1363.820, 277.870, 8
2746, 1363.820, 286.370, 8
2747, 1363.820, 294.870, 8
2748, 1363.820, 303.370, 8
2749, 1363.820, 311.870, 8
2750, 1363.820, 320.370, 8
2751, 1363.820, 328.870, 8
2752, 1363.820, 337.370, 8
2753, 1363.820, 345.870, 17
2754, 1363.820, 354.370, 17
2755, 1363.820, 362.870, 17
2756, 1363.820, 371.370, 17
2757, 1363.820, 379.870, 17
2758, 1363.820, 388.370, 17
2759, 1363.820, 396.870, 17
2760, 1363.820, 405.370, 17
2761, 1363.820, 413.870, 10
2762, 1363.820, 422.370, 10
2763, 1363.820, 430.870, 10
2764, 1363.820, 439.370, 10
2765, 1363.820, 447.870, 10
2766, 1363.820, 456.370, 10
2767, 1363.820, 464.870, 10
2768, 1363.820, 473.370, 10
2769, 1363.820, 481.870, 10
2770, 1363.820, 490.370, 4
2771, 1363.820, 498.870, 4
2772, 1363.820, 507.370, 4
2773, 1363.820, 515.870, 4
2774, 1363.820, 524.370, 4
2775, 1363.820, 532.870, 4
2776, 1363.820, 541.370, 4
2777, 1363.820, 549.870, 4
2778, 1363.820, 558.370, 4
2779, 1384.690, 235.370, 23
2780, 1384.690, 243.870, 23
2781, 1384.690, 252.370, 23
2782, 1384.690, 260.870, 23
2783, 1384.690, 269.370, 8
2784, 1384.690, 277.870, 8
2785, 1384.690, 286.370, 8
2786, 1384.690, 294.870, 8
2787, 1384.690, 303.370, 8
2788, 1384.690, 311.870, 8
2789, 1384.690, 320.370, 8
2790, 1384.690, 328.870, 8
2791, 1384.690, 337.370, 8
2792, 1384.690, 345.870, 17
2793, 1384.690, 354.370, 17
2794, 1384.690, 362.870, 17
2795, 1384.690, 371.370, 17
2796, 1384.690, 379.870, 17
2797, 1384.690, 388.370, 17
2798, 1384.690, 396.870, 17
2799, 1384.690, 405.370, 17
2800, 1384.690, 413.870, 10
2801, 1384.690, 422.370, 10
2802, 1384.690, 430.870, 10
2803, 1384.690, 439.370, 10
2804, 1384.690, 447.870, 10
2805, 1384.690, 456.370, 10
2806, 1384.690, 464.870, 10
2807, 1384.690, 473.370, 10
2808, 1384.690, 481.870, 10
2809, 1384.690, 490.370, 4
2810, 1384.690, 498.870, 4
2811, 1384.690, 507.370, 4
2812, 1384.690, 515.870, 4
2813, 1384.690, 524.370, 4
2814, 1384.690, 532.870, 4
2815, 1384.690, 541.370, 4
2816, 1384.690, 549.870, 4
2817, 1405.560, 269.370, 8
2818, 1405.560, 277.870, 8
2819, 1405.560, 286.370, 8
2820, 1405.560, 294.870, 8
2821, 1405.560, 303.370, 8
2822, 1405.560, 311.870, 8
2823, 1405.560, 320.370, 8
2824, 1405.560, 328.870, 8
2825, 1405.560, 337.370, 8
2826, 1405.560, 345.870, 17
2827, 1405.560, 354.370, 17
2828, 1405.560, 362.870, 17
2829, 1405.560, 371.370, 17
2830, 1405.560, 379.870, 17
2831, 1405.560, 388.370, 17
2832, 1405.560, 396.870, 17
2833, 1405.560, 405.370, 17
2834, 1405.560, 413.870, 10
2835, 1405.560, 422.370, 10
2836, 1405.560, 430.870, 10
2837, 1405.560, 439.370, 10
2838, 1405.560, 447.870, 10
2839, 1405.560, 456.370, 10
2840, 1405.560, 464.870, 10
2841, 1405.560, 473.370, 10
2842, 1405.560, 481.870, 10
2843, 1405.560, 490.370, 4
2844, 1405.560, 498.870, 4
2845, 1405.560, 507.370, 4
2846, 1405.560, 515.870, 4
2847, 1405.560, 524.370, 4
2848, 1405.560, 532.870, 4
2849, 1405.560, 541.370, 4
2850, 1405.560, 549.870, 4
2851, 1426.430, 311.870, 8
2852, 1426.430, 320.370, 8
2853, 1426.430, 328.870, 8
2854, 1426.430, 337.370, 8
2855, 1426.430, 345.870, 17
2856, 1426.430, 354.370, 17
2857, 1426.430, 362.870, 17
2858, 1426.430, 371.370, 17
2859, 1426.430, 379.870, 17
2860, 1426.430, 388.370, 17
2861, 1426.430, 396.870, 17
2862, 1426.430, 405.370, 17
2863, 1426.430, 413.870, 10
2864, 1426.430, 422.370, 10
2865, 1426.430, 430.870, 10
2866, 1426.430, 439.370, 10
2867, 1426.430, 447.870, 10
2868, 1426.430, 456.370, 10
2869, 1426.430, 464.870, 10
2870, 1426.430, 473.370, 10
2871, 1426.430, 481.870, 10
2872, 1426.430, 490.370, 4
2873, 1426.430, 498.870, 4
2874, 1426.430, 507.370, 4
2875, 1426.430, 515.870, 4
2876, 1426.430, 524.370, 4
2877, 1426.430, 532.870, 4
2878, 1426.430, 541.370, 4
2879, 1447.300, 354.370, 17
2880, 1447.300, 362.870, 17
2881, 1447.300, 371.370, 17
2882, 1447.300, 379.870, 17
2883, 1447.300, 388.370, 17
2884, 1447.300, 396.870, 17
2885, 1447.300, 405.370, 17
2886, 1447.300, 413.870, 10
2887, 1447.300, 422.370, 10
2888, 1447.300, 430.870, 10
2889, 1447.300, 439.370, 10
2890, 1447.300, 447.870, 10
2891, 1447.300, 456.370, 10
2892, 1447.300, 464.870, 10
2893, 1447.300, 473.370, 10
2894, 1447.300, 481.870, 10
2895, 1447.300, 490.370, 4
2896, 1447.300, 498.870, 4
2897, 1447.300, 507.370, 4
2898, 1447.300, 515.870, 4
2899, 1447.300, 524.370, 4
2900, 1447.300, 532.870, 4
2901, 1447.300, 541.370, 4
2902, 1468.170, 388.370, 17
2903, 1468.170, 396.870, 17
2904, 1468.170, 405.370, 17
2905, 1468.170, 413.870, 10
2906, 1468.170, 422.370, 10
2907, 1468.170, 430.870, 10
2908, 1468.170, 439.370, 10
2909, 1468.170, 447.870, 10
2910, 1468.170, 456.370, 10
2911, 1468.170, 464.870, 10
2912, 1468.170, 473.370, 10
2913, 1468.170, 481.870, 10
2914, 1468.170, 490.370, 4
2915, 1468.170, 498.870, 4
2916, 1468.170, 507.370, 4
2917, 1468.170, 515.870, 4
2918, 1468.170, 524.370, 4
2919, 1468.170, 532.870, 4
2920, 1489.040, 430.870, 10
2921, 1489.040, 439.370, 10
2922, 1489.040, 447.870, 10
2923, 1489.040, 456.370, 10
2924, 1489.040, 464.870, 10
2925, 1489.040, 473.370, 10
2926, 1489.040, 481.870, 10
2927, 1489.040, 490.370, 4
2928, 1489.040, 498.870, 4
2929, 1489.040, 507.370, 4
2930, 1489.040, 515.870, 4
2931, 1489.040, 524.370, 4
2932, 1489.040, 532.870, 4
2933, 1509.910, 464.870, 10
2934, 1509.910, 473.370, 10
2935, 1509.910, 481.870, 10
2936, 1509.910, 490.370, 4
2937, 1509.910, 498.870, 4
2938, 1509.910, 507.370, 4
2939, 1509.910, 515.870, 4
2940, 1509.910, 524.370, 4
2941, 1530.780, 507.370, 4
2942, 1530.780, 515.870, 4
2943, 1530.780, 524.370, 4
