1, 191.440, 87.890, 26
2, 191.440, 96.390, 26
3, 191.440, 104.890, 26
4, 191.440, 113.390, 26
5, 191.440, 121.890, 26
6, 191.440, 130.390, 26
7, 191.440, 138.890, 26
8, 191.440, 147.390, 26
9, 191.440, 155.890, 26
10, 191.440, 164.390, 4
11, 191.440, 172.890, 4
12, 191.440, 181.390, 4
13, 191.440, 189.890, 4
14, 191.440, 198.390, 4
15, 191.440, 206.890, 4
16, 191.440, 215.390, 4
17, 191.440, 223.890, 4
18, 191.440, 232.390, 4
19, 191.440, 240.890, 4
20, 212.310, 87.890, 26
21, 212.310, 96.390, 26
22, 212.310, 104.890, 26
23, 212.310, 113.390, 26
24, 212.310, 121.890, 26
25, 212.310, 130.390, 26
26, 212.310, 138.890, 26
27, 212.310, 147.390, 26
28, 212.310, 155.890, 26
29, 212.310, 164.390, 26
30, 212.310, 172.890, 4
31, 212.310, 181.390, 4
32, 212.310, 189.890, 4
33, 212.310, 198.390, 4
34, 212.310, 206.890, 4
35, 212.310, 215.390, 4
36, 212.310, 223.890, 4
37, 212.310, 232.390, 4
38, 212.310, 240.890, 4
39, 212.310, 249.390, 1
40, 212.310, 257.890, 1
41, 212.310, 266.390, 1
42, 212.310, 274.890, 1
43, 212.310, 283.390, 1
44, 212.310, 291.890, 1
45, 212.310, 300.390, 1
46, 212.310, 308.890, 1
47, 212.310, 317.390, 1
48, 212.310, 325.890, 1
49, 212.310, 334.390, 1
50, 212.310, 342.890, 3
51, 212.310, 351.390, 3
52, 212.310, 359.890, 3
53, 212.310, 368.390, 3
54, 212.310, 376.890, 3
55, 233.180, 96.390, 26
56, 233.180, 104.890, 26
57, 233.180, 113.390, 26
58, 233.180, 121.890, 26
59, 233.180, 130.390, 26
60, 233.180, 138.890, 26
61, 233.180, 147.390, 26
62, 233.180, 155.890, 26
63, 233.180, 164.390, 26
64, 233.180, 172.890, 4
65, 233.180, 181.390, 4
66, 233.180, 189.890, 4
67, 233.180, 198.390, 4
68, 233.180, 206.890, 4
69, 233.180, 215.390, 4
70, 233.180, 223.890, 4
71, 233.180, 232.390, 4
72, 233.180, 240.890, 4
73, 233.180, 249.390, 1
74, 233.180, 257.890, 1
75, 233.180, 266.390, 1
76, 233.180, 274.890, 1
77, 233.180, 283.390, 1
78, 233.180, 291.890, 1
79, 233.180, 300.390, 1
80, 233.180, 308.890, 1
81, 233.180, 317.390, 1
82, 233.180, 325.890, 1
83, 233.180, 334.390, 1
84, 233.180, 342.890, 3
85, 233.180, 351.390, 3
86, 233.180, 359.890, 3
87, 233.180, 368.390, 3
88, 233.180, 376.890, 3
89, 233.180, 385.390, 3
90, 233.180, 393.890, 3
91, 233.180, 402.390, 3
92, 233.180, 410.890, 3
93, 233.180, 419.390, 3
94, 233.180, 427.890, 3
95, 233.180, 436.390, 10
96, 233.180, 444.890, 10
97, 233.180, 453.390, 10
98, 233.180, 461.890, 10
99, 233.180, 470.390, 10
100, 233.180, 478.890, 10
101, 233.180, 487.390, 10
102, 254.050, 96.390, 26
103, 254.050, 104.890, 26
104, 254.050, 113.390, 26
105, 254.050, 121.890, 26
106, 254.050, 130.390, 26
107, 254.050, 138.890, 26
108, 254.050, 147.390, 26
109, 254.050, 155.890, 26
110, 254.050, 164.390, 26
111, 254.050, 172.890, 4
112, 254.050, 181.390, 4
113, 254.050, 189.890, 4
114, 254.050, 198.390, 4
115, 254.050, 206.890, 4
116, 254.050, 215.390, 4
117, 254.050, 223.890, 4
118, 254.050, 232.390, 4
119, 254.050, 240.890, 4
120, 254.050, 249.390, 1
121, 254.050, 257.890, 1
122, 254.050, 266.390, 1
123, 254.050, 274.890, 1
124, 254.050, 283.390, 1
125, 254.050, 291.890, 1
126, 254.050, 300.390, 1
127, 254.050, 308.890, 1
128, 254.050, 317.390, 1
129, 254.050, 325.890, 1
130, 254.050, 334.390, 1
131, 254.050, 342.890, 3
132, 254.050, 351.390, 3
133, 254.050, 359.890, 3
134, 254.050, 368.390, 3
135, 254.050, 376.890, 3
136, 254.050, 385.390, 3
137, 254.050, 393.890, 3
138, 254.050, 402.390, 3
139, 254.050, 410.890, 3
140, 254.050, 419.390, 3
141, 254.050, 427.890, 3
142, 254.050, 436.390, 10
143, 254.050, 444.890, 10
144, 254.050, 453.390, 10
145, 254.050, 461.890, 10
146, 254.050, 470.390, 10
147, 254.050, 478.890, 10
148, 254.050, 487.390, 10
149, 254.050, 495.890, 10
150, 254.050, 504.390, 10
151, 254.050, 512.890, 10
152, 254.050, 521.390, 10
153, 254.050, 529.890, 10
154, 254.050, 538.390, 10
155, 254.050, 546.890, 10
156, 254.050, 555.390, 10
157, 254.050, 563.890, 22
158, 254.050, 572.390, 22
159, 254.050, 580.890, 22
160, 254.050, 589.390, 22
161, 254.050, 597.890, 22
162, 254.050, 606.390, 22
163, 274.920, 96.390, 26
164, 274.920, 104.890, 26
165, 274.920, 113.390, 26
166, 274.920, 121.890, 26
167, 274.920, 130.390, 26
168, 274.920, 138.890, 26
169, 274.920, 147.390, 26
170, 274.920, 155.890, 26
171, 274.920, 164.390, 26
172, 274.920, 172.890, 4
173, 274.920, 181.390, 4
174, 274.920, 189.890, 4
175, 274.920, 198.390, 4
176, 274.920, 206.890, 4
177, 274.920, 215.390, 4
178, 274.920, 223.890, 4
179, 274.920, 232.390, 4
180, 274.920, 240.890, 4
181, 274.920, 249.390, 1
182, 274.920, 257.890, 1
183, 274.920, 266.390, 1
184, 274.920, 274.890, 1
185, 274.920, 283.390, 1
186, 274.920, 291.890, 1
187, 274.920, 300.390, 1
188, 274.920, 308.890, 1
189, 274.920, 317.390, 1
190, 274.920, 325.890, 1
191, 274.920, 334.390, 3
192, 274.920, 342.890, 3
193, 274.920, 351.390, 3
194, 274.920, 359.890, 3
195, 274.920, 368.390, 3
196, 274.920, 376.890, 3
197, 274.920, 385.390, 3
198, 274.920, 393.890, 3
199, 274.920, 402.390, 3
200, 274.920, 410.890, 3
201, 274.920, 419.390, 3
202, 274.920, 427.890, 3
203, 274.920, 436.390, 10
204, 274.920, 444.890, 10
205, 274.920, 453.390, 10
206, 274.920, 461.890, 10
207, 274.920, 470.390, 10
208, 274.920, 478.890, 10
209, 274.920, 487.390, 10
210, 274.920, 495.890, 10
211, 274.920, 504.390, 10
212, 274.920, 512.890, 10
213, 274.920, 521.390, 10
214, 274.920, 529.890, 10
215, 274.920, 538.390, 10
216, 274.920, 546.890, 10
217, 274.920, 555.390, 10
218, 274.920, 563.890, 22
219, 274.920, 572.390, 22
220, 274.920, 580.890, 22
221, 274.920, 589.390, 22
222, 274.920, 597.890, 22
223, 295.790, 87.890, 26
224, 295.790, 96.390, 26
225, 295.790, 104.890, 26
226, 295.790, 113.390, 26
227, 295.790, 121.890, 26
228, 295.790, 130.390, 26
229, 295.790, 138.890, 26
230, 295.790, 147.390, 26
231, 295.790, 155.890, 26
232, 295.790, 164.390, 26
233, 295.790, 172.890, 4
234, 295.790, 181.390, 4
235, 295.790, 189.890, 4
236, 295.790, 198.390, 4
237, 295.790, 206.890, 4
238, 295.790, 215.390, 4
239, 295.790, 223.890, 4
240, 295.790, 232.390, 4
241, 295.790, 240.890, 4
242, 295.790, 249.390, 1
243, 295.790, 257.890, 1
244, 295.790, 266.390, 1
245, 295.790, 274.890, 1
246, 295.790, 283.390, 1
247, 295.790, 291.890, 1
248, 295.790, 300.390, 1
249, 295.790, 308.890, 1
250, 295.790, 317.390, 1
251, 295.790, 325.890, 1
252, 295.790, 334.390, 3
253, 295.790, 342.890, 3
254, 295.790, 351.390, 3
255, 295.790, 359.890, 3
256, 295.790, 368.390, 3
257, 295.790, 376.890, 3
258, 295.790, 385.390, 3
259, 295.790, 393.890, 3
260, 295.790, 402.390, 3
261, 295.790, 410.890, 3
262, 295.790, 419.390, 3
263, 295.790, 427.890, 3
264, 295.790, 436.390, 10
265, 295.790, 444.890, 10
266, 295.790, 453.390, 10
267, 295.790, 461.890, 10
268, 295.790, 470.390, 10
269, 295.790, 478.890, 10
270, 295.790, 487.390, 10
271, 295.790, 495.890, 10
272, 295.790, 504.390, 10
273, 295.790, 512.890, 10
274, 295.790, 521.390, 10
275, 295.790, 529.890, 10
276, 295.790, 538.390, 10
277, 295.790, 546.890, 10
278, 295.790, 555.390, 10
279, 295.790, 563.890, 22
280, 295.790, 572.390, 22
281, 295.790, 580.890, 22
282, 295.790, 589.390, 22
283, 295.790, 597.890, 22
284, 316.660, 87.890, 26
285, 316.660, 96.390, 26
286, 316.660, 104.890, 26
287, 316.660, 113.390, 26
288, 316.660, 121.890, 26
289, 316.660, 130.390, 26
290, 316.660, 138.890, 26
291, 316.660, 147.390, 26
292, 316.660, 155.890, 26
293, 316.660, 164.390, 26
294, 316.660, 172.890, 4
295, 316.660, 181.390, 4
296, 316.660, 189.890, 4
297, 316.660, 198.390, 4
298, 316.660, 206.890, 4
299, 316.660, 215.390, 4
300, 316.660, 223.890, 4
301, 316.660, 232.390, 4
302, 316.660, 240.890, 4
303, 316.660, 249.390, 1
304, 316.660, 257.890, 1
305, 316.660, 266.390, 1
306, 316.660, 274.890, 1
307, 316.660, 283.390, 1
308, 316.660, 291.890, 1
309, 316.660, 300.390, 1
310, 316.660, 308.890, 1
311, 316.660, 317.390, 1
312, 316.660, 325.890, 1
313, 316.660, 334.390, 3
314, 316.660, 342.890, 3
315, 316.660, 351.390, 3
316, 316.660, 359.890, 3
317, 316.660, 368.390, 3
318, 316.660, 376.890, 3
319, 316.660, 385.390, 3
320, 316.660, 393.890, 3
321, 316.660, 402.390, 3
322, 316.660, 410.890, 3
323, 316.660, 419.390, 3
324, 316.660, 427.890, 3
325, 316.660, 436.390, 10
326, 316.660, 444.890, 10
327, 316.660, 453.390, 10
328, 316.660, 461.890, 10
329, 316.660, 470.390, 10
330, 316.660, 478.890, 10
331, 316.660, 487.390, 10
332, 316.660, 495.890, 10
333, 316.660, 504.390, 10
334, 316.660, 512.890, 10
335, 316.660, 521.390, 10
336, 316.660, 529.890, 10
337, 316.660, 538.390, 10
338, 316.660, 546.890, 10
339, 316.660, 555.390, 10
340, 316.660, 563.890, 22
341, 316.660, 572.390, 22
342, 316.660, 580.890, 22
343, 316.660, 589.390, 22
344, 316.660, 597.890, 22
345, 337.530, 87.890, 26
346, 337.530, 96.390, 26
347, 337.530, 104.890, 26
348, 337.530, 113.390, 26
349, 337.530, 121.890, 26
350, 337.530, 130.390, 26
351, 337.530, 138.890, 26
352, 337.530, 147.390, 26
353, 337.530, 155.890, 26
354, 337.530, 164.390, 26
355, 337.530, 172.890, 4
356, 337.530, 181.390, 4
357, 337.530, 189.890, 4
358, 337.530, 198.390, 4
359, 337.530, 206.890, 4
360, 337.530, 215.390, 4
361, 337.530, 223.890, 4
362, 337.530, 232.390, 4
363, 337.530, 240.890, 4
364, 337.530, 249.390, 1
365, 337.530, 257.890, 1
366, 337.530, 266.390, 1
367, 337.530, 274.890, 1
368, 337.530, 283.390, 1
369, 337.530, 291.890, 1
370, 337.530, 300.390, 1
371, 337.530, 308.890, 1
372, 337.530, 317.390, 1
373, 337.530, 325.890, 1
374, 337.530, 334.390, 3
375, 337.530, 342.890, 3
376, 337.530, 351.390, 3
377, 337.530, 359.890, 3
378, 337.530, 368.390, 3
379, 337.530, 376.890, 3
380, 337.530, 385.390, 3
381, 337.530, 393.890, 3
382, 337.530, 402.390, 3
383, 337.530, 410.890, 3
384, 337.530, 419.390, 3
385, 337.530, 427.890, 3
386, 337.530, 436.390, 10
387, 337.530, 444.890, 10
388, 337.530, 453.390, 10
389, 337.530, 461.890, 10
390, 337.530, 470.390, 10
391, 337.530, 478.890, 10
392, 337.530, 487.390, 10
393, 337.530, 495.890, 10
394, 337.530, 504.390, 10
395, 337.530, 512.890, 10
396, 337.530, 521.390, 10
397, 337.530, 529.890, 10
398, 337.530, 538.390, 10
399, 337.530, 546.890, 10
400, 337.530, 555.390, 22
401, 337.530, 563.890, 22
402, 337.530, 572.390, 22
403, 337.530, 580.890, 22
404, 337.530, 589.390, 22
405, 337.530, 597.890, 22
406, 358.400, 87.890, 26
407, 358.400, 96.390, 26
408, 358.400, 104.890, 26
409, 358.400, 113.390, 26
410, 358.400, 121.890, 26
411, 358.400, 130.390, 26
412, 358.400, 138.890, 26
413, 358.400, 147.390, 26
414, 358.400, 155.890, 26
415, 358.400, 164.390, 26
416, 358.400, 172.890, 4
417, 358.400, 181.390, 4
418, 358.400, 189.890, 4
419, 358.400, 198.390, 4
420, 358.400, 206.890, 4
421, 358.400, 215.390, 4
422, 358.400, 223.890, 4
423, 358.400, 232.390, 4
424, 358.400, 240.890, 4
425, 358.400, 249.390, 1
426, 358.400, 257.890, 1
427, 358.400, 266.390, 1
428, 358.400, 274.890, 1
429, 358.400, 283.390, 1
430, 358.400, 291.890, 1
431, 358.400, 300.390, 1
432, 358.400, 308.890, 1
433, 358.400, 317.390, 1
434, 358.400, 325.890, 1
435, 358.400, 334.390, 3
436, 358.400, 342.890, 3
437, 358.400, 351.390, 3
438, 358.400, 359.890, 3
439, 358.400, 368.390, 3
440, 358.400, 376.890, 3
441, 358.400, 385.390, 3
442, 358.400, 393.890, 3
443, 358.400, 402.390, 3
444, 358.400, 410.890, 3
445, 358.400, 419.390, 3
446, 358.400, 427.890, 3
447, 358.400, 436.390, 10
448, 358.400, 444.890, 10
449, 358.400, 453.390, 10
450, 358.400, 461.890, 10
451, 358.400, 470.390, 10
452, 358.400, 478.890, 10
453, 358.400, 487.390, 10
454, 358.400, 495.890, 10
455, 358.400, 504.390, 10
456, 358.400, 512.890, 10
457, 358.400, 521.390, 10
458, 358.400, 529.890, 10
459, 358.400, 538.390, 10
460, 358.400, 546.890, 10
461, 358.400, 555.390, 22
462, 358.400, 563.890, 22
463, 358.400, 572.390, 22
464, 358.400, 580.890, 22
465, 358.400, 589.390, 22
466, 358.400, 597.890, 22
467, 379.270, 87.890, 26
468, 379.270, 96.390, 26
469, 379.270, 104.890, 26
470, 379.270, 113.390, 26
471, 379.270, 121.890, 26
472, 379.270, 130.390, 26
473, 379.270, 138.890, 26
474, 379.270, 147.390, 26
475, 379.270, 155.890, 26
476, 379.270, 164.390, 26
477, 379.270, 172.890, 4
478, 379.270, 181.390, 4
479, 379.270, 189.890, 4
480, 379.270, 198.390, 4
481, 379.270, 206.890, 4
482, 379.270, 215.390, 4
483, 379.270, 223.890, 4
484, 379.270, 232.390, 4
485, 379.270, 240.890, 4
486, 379.270, 249.390, 1
487, 379.270, 257.890, 1
488, 379.270, 266.390, 1
489, 379.270, 274.890, 1
490, 379.270, 283.390, 1
491, 379.270, 291.890, 1
492, 379.270, 300.390, 1
493, 379.270, 308.890, 1
494, 379.270, 317.390, 1
495, 379.270, 325.890, 1
496, 379.270, 334.390, 3
497, 379.270, 342.890, 3
498, 379.270, 351.390, 3
499, 379.270, 359.890, 3
500, 379.270, 368.390, 3
501, 379.270, 376.890, 3
502, 379.270, 385.390, 3
503, 379.270, 393.890, 3
504, 379.270, 402.390, 3
505, 379.270, 410.890, 3
506, 379.270, 419.390, 3
507, 379.270, 427.890, 3
508, 379.270, 436.390, 10
509, 379.270, 444.890, 10
510, 379.270, 453.390, 10
511, 379.270, 461.890, 10
512, 379.270, 470.390, 10
513, 379.270, 478.890, 10
514, 379.270, 487.390, 10
515, 379.270, 495.890, 10
516, 379.270, 504.390, 10
517, 379.270, 512.890, 10
518, 379.270, 521.390, 10
519, 379.270, 529.890, 10
520, 379.270, 538.390, 10
521, 379.270, 546.890, 10
522, 379.270, 555.390, 22
523, 379.270, 563.890, 22
524, 379.270, 572.390, 22
525, 379.270, 580.890, 22
526, 379.270, 589.390, 22
527, 379.270, 597.890, 22
528, 400.140, 87.890, 26
529, 400.140, 96.390, 26
530, 400.140, 104.890, 26
531, 400.140, 113.390, 26
532, 400.140, 121.890, 26
533, 400.140, 130.390, 26
534, 400.140, 138.890, 26
535, 400.140, 147.390, 26
536, 400.140, 155.890, 26
537, 400.140, 164.390, 26
538, 400.140, 172.890, 4
539, 400.140, 181.390, 4
540, 400.140, 189.890, 4
541, 400.140, 198.390, 4
542, 400.140, 206.890, 4
543, 400.140, 215.390, 4
544, 400.140, 223.890, 4
545, 400.140, 232.390, 4
546, 400.140, 240.890, 4
547, 400.140, 249.390, 1
548, 400.140, 257.890, 1
549, 400.140, 266.390, 1
550, 400.140, 274.890, 1
551, 400.140, 283.390, 1
552, 400.140, 291.890, 1
553, 400.140, 300.390, 1
554, 400.140, 308.890, 1
555, 400.140, 317.390, 1
556, 400.140, 325.890, 1
557, 400.140, 334.390, 3
558, 400.140, 342.890, 3
559, 400.140, 351.390, 3
560, 400.140, 359.890, 3
561, 400.140, 368.390, 3
562, 400.140, 376.890, 3
563, 400.140, 385.390, 3
564, 400.140, 393.890, 3
565, 400.140, 402.390, 3
566, 400.140, 410.890, 3
567, 400.140, 419.390, 13
568, 400.140, 427.890, 13
569, 400.140, 436.390, 13
570, 400.140, 444.890, 19
571, 400.140, 453.390, 19
572, 400.140, 461.890, 19
573, 400.140, 470.390, 19
574, 400.140, 478.890, 19
575, 400.140, 487.390, 19
576, 400.140, 495.890, 19
577, 400.140, 504.390, 19
578, 400.140, 512.890, 19
579, 400.140, 521.390, 22
580, 400.140, 529.890, 22
581, 400.140, 538.390, 22
582, 400.140, 546.890, 22
583, 400.140, 555.390, 22
584, 400.140, 563.890, 22
585, 400.140, 572.390, 22
586, 400.140, 580.890, 22
587, 400.140, 589.390, 22
588, 400.140, 597.890, 22
589, 421.010, 79.390, 21
590, 421.010, 87.890, 21
591, 421.010, 96.390, 21
592, 421.010, 104.890, 21
593, 421.010, 113.390, 21
594, 421.010, 121.890, 21
595, 421.010, 130.390, 21
596, 421.010, 138.890, 21
597, 421.010, 147.390, 26
598, 421.010, 155.890, 26
599, 421.010, 164.390, 26
600, 421.010, 172.890, 4
601, 421.010, 181.390, 4
602, 421.010, 189.890, 4
603, 421.010, 198.390, 4
604, 421.010, 206.890, 4
605, 421.010, 215.390, 4
606, 421.010, 223.890, 4
607, 421.010, 232.390, 4
608, 421.010, 240.890, 4
609, 421.010, 249.390, 1
610, 421.010, 257.890, 1
611, 421.010, 266.390, 1
612, 421.010, 274.890, 1
613, 421.010, 283.390, 1
614, 421.010, 291.890, 1
615, 421.010, 300.390, 6
616, 421.010, 308.890, 6
617, 421.010, 317.390, 6
618, 421.010, 325.890, 6
619, 421.010, 334.390, 6
620, 421.010, 342.890, 6
621, 421.010, 351.390, 6
622, 421.010, 359.890, 6
623, 421.010, 368.390, 13
624, 421.010, 376.890, 13
625, 421.010, 385.390, 13
626, 421.010, 393.890, 13
627, 421.010, 402.390, 13
628, 421.010, 410.890, 13
629, 421.010, 419.390, 13
630, 421.010, 427.890, 13
631, 421.010, 436.390, 13
632, 421.010, 444.890, 19
633, 421.010, 453.390, 19
634, 421.010, 461.890, 19
635, 421.010, 470.390, 19
636, 421.010, 478.890, 19
637, 421.010, 487.390, 19
638, 421.010, 495.890, 19
639, 421.010, 504.390, 19
640, 421.010, 512.890, 19
641, 421.010, 521.390, 22
642, 421.010, 529.890, 22
643, 421.010, 538.390, 22
644, 421.010, 546.890, 22
645, 421.010, 555.390, 22
646, 421.010, 563.890, 22
647, 421.010, 572.390, 22
648, 421.010, 580.890, 22
649, 421.010, 589.390, 22
650, 421.010, 597.890, 22
651, 441.880, 79.390, 21
652, 441.880, 87.890, 21
653, 441.880, 96.390, 21
654, 441.880, 104.890, 21
655, 441.880, 113.390, 21
656, 441.880, 121.890, 21
657, 441.880, 130.390, 21
658, 441.880, 138.890, 21
659, 441.880, 147.390, 25
660, 441.880, 155.890, 25
661, 441.880, 164.390, 25
662, 441.880, 172.890, 25
663, 441.880, 181.390, 25
664, 441.880, 189.890, 25
665, 441.880, 198.390, 25
666, 441.880, 206.890, 25
667, 441.880, 215.390, 25
668, 441.880, 223.890, 25
669, 441.880, 232.390, 8
670, 441.880, 240.890, 8
671, 441.880, 249.390, 8
672, 441.880, 257.890, 8
673, 441.880, 266.390, 8
674, 441.880, 274.890, 8
675, 441.880, 283.390, 8
676, 441.880, 291.890, 8
677, 441.880, 300.390, 6
678, 441.880, 308.890, 6
679, 441.880, 317.390, 6
680, 441.880, 325.890, 6
681, 441.880, 334.390, 6
682, 441.880, 342.890, 6
683, 441.880, 351.390, 6
684, 441.880, 359.890, 6
685, 441.880, 368.390, 13
686, 441.880, 376.890, 13
687, 441.880, 385.390, 13
688, 441.880, 393.890, 13
689, 441.880, 402.390, 13
690, 441.880, 410.890, 13
691, 441.880, 419.390, 13
692, 441.880, 427.890, 13
693, 441.880, 436.390, 13
694, 441.880, 444.890, 19
695, 441.880, 453.390, 19
696, 441.880, 461.890, 19
697, 441.880, 470.390, 19
698, 441.880, 478.890, 19
699, 441.880, 487.390, 19
700, 441.880, 495.890, 19
701, 441.880, 504.390, 19
702, 441.880, 512.890, 19
703, 441.880, 521.390, 22
704, 441.880, 529.890, 22
705, 441.880, 538.390, 22
706, 441.880, 546.890, 22
707, 441.880, 555.390, 22
708, 441.880, 563.890, 22
709, 441.880, 572.390, 22
710, 441.880, 580.890, 22
711, 441.880, 589.390, 22
712, 441.880, 597.890, 22
713, 462.750, 79.390, 21
714, 462.750, 87.890, 21
715, 462.750, 96.390, 21
716, 462.750, 104.890, 21
717, 462.750, 113.390, 21
718, 462.750, 121.890, 21
719, 462.750, 130.390, 21
720, 462.750, 138.890, 21
721, 462.750, 147.390, 25
722, 462.750, 155.890, 25
723, 462.750, 164.390, 25
724, 462.750, 172.890, 25
725, 462.750, 181.390, 25
726, 462.750, 189.890, 25
727, 462.750, 198.390, 25
728, 462.750, 206.890, 25
729, 462.750, 215.390, 25
730, 462.750, 223.890, 25
731, 462.750, 232.390, 8
732, 462.750, 240.890, 8
733, 462.750, 249.390, 8
734, 462.750, 257.890, 8
735, 462.750, 266.390, 8
736, 462.750, 274.890, 8
737, 462.750, 283.390, 8
738, 462.750, 291.890, 8
739, 462.750, 300.390, 6
740, 462.750, 308.890, 6
741, 462.750, 317.390, 6
742, 462.750, 325.890, 6
743, 462.750, 334.390, 6
744, 462.750, 342.890, 6
745, 462.750, 351.390, 6
746, 462.750, 359.890, 6
747, 462.750, 368.390, 13
748, 462.750, 376.890, 13
749, 462.750, 385.390, 13
750, 462.750, 393.890, 13
751, 462.750, 402.390, 13
752, 462.750, 410.890, 13
753, 462.750, 419.390, 13
754, 462.750, 427.890, 13
755, 462.750, 436.390, 13
756, 462.750, 444.890, 19
757, 462.750, 453.390, 19
758, 462.750, 461.890, 19
759, 462.750, 470.390, 19
760, 462.750, 478.890, 19
761, 462.750, 487.390, 19
762, 462.750, 495.890, 19
763, 462.750, 504.390, 19
764, 462.750, 512.890, 19
765, 462.750, 521.390, 22
766, 462.750, 529.890, 22
767, 462.750, 538.390, 22
768, 462.750, 546.890, 22
769, 462.750, 555.390, 22
770, 462.750, 563.890, 22
771, 462.750, 572.390, 22
772, 462.750, 580.890, 22
773, 462.750, 589.390, 22
774, 462.750, 597.890, 22
775, 483.620, 79.390, 21
776, 483.620, 87.890, 21
777, 483.620, 96.390, 21
778, 483.620, 104.890, 21
779, 483.620, 113.390, 21
780, 483.620, 121.890, 21
781, 483.620, 130.390, 21
782, 483.620, 138.890, 21
783, 483.620, 147.390, 25
784, 483.620, 155.890, 25
785, 483.620, 164.390, 25
786, 483.620, 172.890, 25
787, 483.620, 181.390, 25
788, 483.620, 189.890, 25
789, 483.620, 198.390, 25
790, 483.620, 206.890, 25
791, 483.620, 215.390, 25
792, 483.620, 223.890, 25
793, 483.620, 232.390, 8
794, 483.620, 240.890, 8
795, 483.620, 249.390, 8
796, 483.620, 257.890, 8
797, 483.620, 266.390, 8
798, 483.620, 274.890, 8
799, 483.620, 283.390, 8
800, 483.620, 291.890, 8
801, 483.620, 300.390, 6
802, 483.620, 308.890, 6
803, 483.620, 317.390, 6
804, 483.620, 325.890, 6
805, 483.620, 334.390, 6
806, 483.620, 342.890, 6
807, 483.620, 351.390, 6
808, 483.620, 359.890, 6
809, 483.620, 368.390, 6
810, 483.620, 376.890, 13
811, 483.620, 385.390, 13
812, 483.620, 393.890, 13
813, 483.620, 402.390, 13
814, 483.620, 410.890, 13
815, 483.620, 419.390, 13
816, 483.620, 427.890, 13
817, 483.620, 436.390, 13
818, 483.620, 444.890, 19
819, 483.620, 453.390, 19
820, 483.620, 461.890, 19
821, 483.620, 470.390, 19
822, 483.620, 478.890, 19
823, 483.620, 487.390, 19
824, 483.620, 495.890, 19
825, 483.620, 504.390, 19
826, 483.620, 512.890, 19
827, 483.620, 521.390, 22
828, 483.620, 529.890, 22
829, 483.620, 538.390, 22
830, 483.620, 546.890, 22
831, 483.620, 555.390, 22
832, 483.620, 563.890, 22
833, 483.620, 572.390, 22
834, 483.620, 580.890, 22
835, 483.620, 589.390, 22
836, 483.620, 597.890, 22
837, 504.490, 79.390, 21
838, 504.490, 87.890, 21
839, 504.490, 96.390, 21
840, 504.490, 104.890, 21
841, 504.490, 113.390, 21
842, 504.490, 121.890, 21
843, 504.490, 130.390, 21
844, 504.490, 138.890, 21
845, 504.490, 147.390, 25
846, 504.490, 155.890, 25
847, 504.490, 164.390, 25
848, 504.490, 172.890, 25
849, 504.490, 181.390, 25
850, 504.490, 189.890, 25
851, 504.490, 198.390, 25
852, 504.490, 206.890, 25
853, 504.490, 215.390, 25
854, 504.490, 223.890, 25
855, 504.490, 232.390, 8
856, 504.490, 240.890, 8
857, 504.490, 249.390, 8
858, 504.490, 257.890, 8
859, 504.490, 266.390, 8
860, 504.490, 274.890, 8
861, 504.490, 283.390, 8
862, 504.490, 291.890, 8
863, 504.490, 300.390, 6
864, 504.490, 308.890, 6
865, 504.490, 317.390, 6
866, 504.490, 325.890, 6
867, 504.490, 334.390, 6
868, 504.490, 342.890, 6
869, 504.490, 351.390, 6
870, 504.490, 359.890, 6
871, 504.490, 368.390, 6
872, 504.490, 376.890, 13
873, 504.490, 385.390, 13
874, 504.490, 393.890, 13
875, 504.490, 402.390, 13
876, 504.490, 410.890, 13
877, 504.490, 419.390, 13
878, 504.490, 427.890, 13
879, 504.490, 436.390, 13
880, 504.490, 444.890, 19
881, 504.490, 453.390, 19
882, 504.490, 461.890, 19
883, 504.490, 470.390, 19
884, 504.490, 478.890, 19
885, 504.490, 487.390, 19
886, 504.490, 495.890, 19
887, 504.490, 504.390, 19
888, 504.490, 512.890, 19
889, 504.490, 521.390, 22
890, 504.490, 529.890, 22
891, 504.490, 538.390, 22
892, 504.490, 546.890, 22
893, 504.490, 555.390, 22
894, 504.490, 563.890, 22
895, 504.490, 572.390, 22
896, 504.490, 580.890, 22
897, 504.490, 589.390, 22
898, 504.490, 597.890, 22
899, 525.360, 70.890, 21
900, 525.360, 79.390, 21
901, 525.360, 87.890, 21
902, 525.360, 96.390, 21
903, 525.360, 104.890, 21
904, 525.360, 113.390, 21
905, 525.360, 121.890, 21
906, 525.360, 130.390, 21
907, 525.360, 138.890, 21
908, 525.360, 147.390, 25
909, 525.360, 155.890, 25
910, 525.360, 164.390, 25
911, 525.360, 172.890, 25
912, 525.360, 181.390, 25
913, 525.360, 189.890, 25
914, 525.360, 198.390, 25
915, 525.360, 206.890, 25
916, 525.360, 215.390, 25
917, 525.360, 223.890, 25
918, 525.360, 232.390, 8
919, 525.360, 240.890, 8
920, 525.360, 249.390, 8
921, 525.360, 257.890, 8
922, 525.360, 266.390, 8
923, 525.360, 274.890, 8
924, 525.360, 283.390, 8
925, 525.360, 291.890, 8
926, 525.360, 300.390, 6
927, 525.360, 308.890, 6
928, 525.360, 317.390, 6
929, 525.360, 325.890, 6
930, 525.360, 334.390, 6
931, 525.360, 342.890, 6
932, 525.360, 351.390, 6
933, 525.360, 359.890, 6
934, 525.360, 368.390, 6
935, 525.360, 376.890, 13
936, 525.360, 385.390, 13
937, 525.360, 393.890, 13
938, 525.360, 402.390, 13
939, 525.360, 410.890, 13
940, 525.360, 419.390, 13
941, 525.360, 427.890, 13
942, 525.360, 436.390, 13
943, 525.360, 444.890, 13
944, 525.360, 453.390, 19
945, 525.360, 461.890, 19
946, 525.360, 470.390, 19
947, 525.360, 478.890, 19
948, 525.360, 487.390, 19
949, 525.360, 495.890, 19
950, 525.360, 504.390, 19
951, 525.360, 512.890, 19
952, 525.360, 521.390, 22
953, 525.360, 529.890, 22
954, 525.360, 538.390, 22
955, 525.360, 546.890, 22
956, 525.360, 555.390, 22
957, 525.360, 563.890, 22
958, 525.360, 572.390, 22
959, 525.360, 580.890, 22
960, 525.360, 589.390, 22
961, 525.360, 597.890, 22
962, 546.230, 70.890, 21
963, 546.230, 79.390, 21
964, 546.230, 87.890, 21
965, 546.230, 96.390, 21
966, 546.230, 104.890, 21
967, 546.230, 113.390, 21
968, 546.230, 121.890, 21
969, 546.230, 130.390, 21
970, 546.230, 138.890, 21
971, 546.230, 147.390, 25
972, 546.230, 155.890, 25
973, 546.230, 164.390, 25
974, 546.230, 172.890, 25
975, 546.230, 181.390, 25
976, 546.230, 189.890, 25
977, 546.230, 198.390, 25
978, 546.230, 206.890, 25
979, 546.230, 215.390, 25
980, 546.230, 223.890, 25
981, 546.230, 232.390, 8
982, 546.230, 240.890, 8
983, 546.230, 249.390, 8
984, 546.230, 257.890, 8
985, 546.230, 266.390, 8
986, 546.230, 274.890, 8
987, 546.230, 283.390, 8
988, 546.230, 291.890, 8
989, 546.230, 300.390, 6
990, 546.230, 308.890, 6
991, 546.230, 317.390, 6
992, 546.230, 325.890, 6
993, 546.230, 334.390, 6
994, 546.230, 342.890, 6
995, 546.230, 351.390, 6
996, 546.230, 359.890, 6
997, 546.230, 368.390, 6
998, 546.230, 376.890, 13
999, 546.230, 385.390, 13
1000, 546.230, 393.890, 13
1001, 546.230, 402.390, 13
1002, 546.230, 410.890, 13
1003, 546.230, 419.390, 13
1004, 546.230, 427.890, 13
1005, 546.230, 436.390, 13
1006, 546.230, 444.890, 13
1007, 546.230, 453.390, 19
1008, 546.230, 461.890, 19
1009, 546.230, 470.390, 19
1010, 546.230, 478.890, 19
1011, 546.230, 487.390, 19
1012, 546.230, 495.890, 19
1013, 546.230, 504.390, 19
1014, 546.230, 512.890, 19
1015, 546.230, 521.390, 15
1016, 546.230, 529.890, 15
1017, 546.230, 538.390, 15
1018, 546.230, 546.890, 15
1019, 546.230, 555.390, 15
1020, 546.230, 563.890, 15
1021, 546.230, 572.390, 15
1022, 546.230, 580.890, 15
1023, 546.230, 589.390, 15
1024, 546.230, 597.890, 15
1025, 567.100, 70.890, 21
1026, 567.100, 79.390, 21
1027, 567.100, 87.890, 21
1028, 567.100, 96.390, 21
1029, 567.100, 104.890, 21
1030, 567.100, 113.390, 21
1031, 567.100, 121.890, 21
1032, 567.100, 130.390, 21
1033, 567.100, 138.890, 21
1034, 567.100, 147.390, 25
1035, 567.100, 155.890, 25
1036, 567.100, 164.390, 25
1037, 567.100, 172.890, 25
1038, 567.100, 181.390, 25
1039, 567.100, 189.890, 25
1040, 567.100, 198.390, 25
1041, 567.100, 206.890, 25
1042, 567.100, 215.390, 25
1043, 567.100, 223.890, 25
1044, 567.100, 232.390, 8
1045, 567.100, 240.890, 8
1046, 567.100, 249.390, 8
1047, 567.100, 257.890, 8
1048, 567.100, 266.390, 8
1049, 567.100, 274.890, 8
1050, 567.100, 283.390, 8
1051, 567.100, 291.890, 8
1052, 567.100, 300.390, 6
1053, 567.100, 308.890, 6
1054, 567.100, 317.390, 6
1055, 567.100, 325.890, 6
1056, 567.100, 334.390, 6
1057, 567.100, 342.890, 6
1058, 567.100, 351.390, 6
1059, 567.100, 359.890, 6
1060, 567.100, 368.390, 6
1061, 567.100, 376.890, 13
1062, 567.100, 385.390, 13
1063, 567.100, 393.890, 13
1064, 567.100, 402.390, 13
1065, 567.100, 410.890, 13
1066, 567.100, 419.390, 13
1067, 567.100, 427.890, 13
1068, 567.100, 436.390, 13
1069, 567.100, 444.890, 13
1070, 567.100, 453.390, 19
1071, 567.100, 461.890, 19
1072, 567.100, 470.390, 19
1073, 567.100, 478.890, 19
1074, 567.100, 487.390, 19
1075, 567.100, 495.890, 19
1076, 567.100, 504.390, 19
1077, 567.100, 512.890, 19
1078, 567.100, 521.390, 15
1079, 567.100, 529.890, 15
1080, 567.100, 538.390, 15
1081, 567.100, 546.890, 15
1082, 567.100, 555.390, 15
1083, 567.100, 563.890, 15
1084, 567.100, 572.390, 15
1085, 567.100, 580.890, 15
1086, 567.100, 589.390, 15
1087, 567.100, 597.890, 15
1088, 587.970, 70.890, 21
1089, 587.970, 79.390, 21
1090, 587.970, 87.890, 21
1091, 587.970, 96.390, 21
1092, 587.970, 104.890, 21
1093, 587.970, 113.390, 21
1094, 587.970, 121.890, 21
1095, 587.970, 130.390, 21
1096, 587.970, 138.890, 21
1097, 587.970, 147.390, 25
1098, 587.970, 155.890, 25
1099, 587.970, 164.390, 25
1100, 587.970, 172.890, 25
1101, 587.970, 181.390, 25
1102, 587.970, 189.890, 25
1103, 587.970, 198.390, 25
1104, 587.970, 206.890, 25
1105, 587.970, 215.390, 25
1106, 587.970, 223.890, 25
1107, 587.970, 232.390, 8
1108, 587.970, 240.890, 8
1109, 587.970, 249.390, 8
1110, 587.970, 257.890, 8
1111, 587.970, 266.390, 8
1112, 587.970, 274.890, 8
1113, 587.970, 283.390, 8
1114, 587.970, 291.890, 6
1115, 587.970, 300.390, 6
1116, 587.970, 308.890, 6
1117, 587.970, 317.390, 6
1118, 587.970, 325.890, 6
1119, 587.970, 334.390, 6
1120, 587.970, 342.890, 6
1121, 587.970, 351.390, 6
1122, 587.970, 359.890, 6
1123, 587.970, 368.390, 6
1124, 587.970, 376.890, 13
1125, 587.970, 385.390, 13
1126, 587.970, 393.890, 13
1127, 587.970, 402.390, 13
1128, 587.970, 410.890, 13
1129, 587.970, 419.390, 13
1130, 587.970, 427.890, 13
1131, 587.970, 436.390, 13
1132, 587.970, 444.890, 13
1133, 587.970, 453.390, 19
1134, 587.970, 461.890, 19
1135, 587.970, 470.390, 19
1136, 587.970, 478.890, 19
1137, 587.970, 487.390, 19
1138, 587.970, 495.890, 19
1139, 587.970, 504.390, 19
1140, 587.970, 512.890, 19
1141, 587.970, 521.390, 15
1142, 587.970, 529.890, 15
1143, 587.970, 538.390, 15
1144, 587.970, 546.890, 15
1145, 587.970, 555.390, 15
1146, 587.970, 563.890, 15
1147, 587.970, 572.390, 15
1148, 587.970, 580.890, 15
1149, 587.970, 589.390, 15
1150, 587.970, 597.890, 15
1151, 608.840, 70.890, 21
1152, 608.840, 79.390, 21
1153, 608.840, 87.890, 21
1154, 608.840, 96.390, 21
1155, 608.840, 104.890, 21
1156, 608.840, 113.390, 21
1157, 608.840, 121.890, 21
1158, 608.840, 130.390, 21
1159, 608.840, 138.890, 21
1160, 608.840, 147.390, 25
1161, 608.840, 155.890, 25
1162, 608.840, 164.390, 25
1163, 608.840, 172.890, 25
1164, 608.840, 181.390, 25
1165, 608.840, 189.890, 25
1166, 608.840, 198.390, 25
1167, 608.840, 206.890, 25
1168, 608.840, 215.390, 25
1169, 608.840, 223.890, 25
1170, 608.840, 232.390, 8
1171, 608.840, 240.890, 8
1172, 608.840, 249.390, 8
1173, 608.840, 257.890, 8
1174, 608.840, 266.390, 8
1175, 608.840, 274.890, 8
1176, 608.840, 283.390, 8
1177, 608.840, 291.890, 6
1178, 608.840, 300.390, 6
1179, 608.840, 308.890, 6
1180, 608.840, 317.390, 6
1181, 608.840, 325.890, 6
1182, 608.840, 334.390, 6
1183, 608.840, 342.890, 6
1184, 608.840, 351.390, 6
1185, 608.840, 359.890, 6
1186, 608.840, 368.390, 6
1187, 608.840, 376.890, 13
1188, 608.840, 385.390, 13
1189, 608.840, 393.890, 13
1190, 608.840, 402.390, 13
1191, 608.840, 410.890, 13
1192, 608.840, 419.390, 13
1193, 608.840, 427.890, 13
1194, 608.840, 436.390, 13
1195, 608.840, 444.890, 13
1196, 608.840, 453.390, 19
1197, 608.840, 461.890, 19
1198, 608.840, 470.390, 19
1199, 608.840, 478.890, 19
1200, 608.840, 487.390, 19
1201, 608.840, 495.890, 19
1202, 608.840, 504.390, 19
1203, 608.840, 512.890, 19
1204, 608.840, 521.390, 15
1205, 608.840, 529.890, 15
1206, 608.840, 538.390, 15
1207, 608.840, 546.890, 15
1208, 608.840, 555.390, 15
1209, 608.840, 563.890, 15
1210, 608.840, 572.390, 15
1211, 608.840, 580.890, 15
1212, 608.840, 589.390, 15
1213, 608.840, 597.890, 15
1214, 629.710, 70.890, 21
1215, 629.710, 79.390, 21
1216, 629.710, 87.890, 21
1217, 629.710, 96.390, 21
1218, 629.710, 104.890, 21
1219, 629.710, 113.390, 21
1220, 629.710, 121.890, 21
1221, 629.710, 130.390, 21
1222, 629.710, 138.890, 21
1223, 629.710, 147.390, 25
1224, 629.710, 155.890, 25
1225, 629.710, 164.390, 25
1226, 629.710, 172.890, 25
1227, 629.710, 181.390, 25
1228, 629.710, 189.890, 25
1229, 629.710, 198.390, 25
1230, 629.710, 206.890, 25
1231, 629.710, 215.390, 25
1232, 629.710, 223.890, 25
1233, 629.710, 232.390, 8
1234, 629.710, 240.890, 8
1235, 629.710, 249.390, 8
1236, 629.710, 257.890, 8
1237, 629.710, 266.390, 8
1238, 629.710, 274.890, 8
1239, 629.710, 283.390, 8
1240, 629.710, 291.890, 6
1241, 629.710, 300.390, 6
1242, 629.710, 308.890, 6
1243, 629.710, 317.390, 6
1244, 629.710, 325.890, 6
1245, 629.710, 334.390, 6
1246, 629.710, 342.890, 6
1247, 629.710, 351.390, 6
1248, 629.710, 359.890, 6
1249, 629.710, 368.390, 6
1250, 629.710, 376.890, 13
1251, 629.710, 385.390, 13
1252, 629.710, 393.890, 13
1253, 629.710, 402.390, 13
1254, 629.710, 410.890, 13
1255, 629.710, 419.390, 13
1256, 629.710, 427.890, 13
1257, 629.710, 436.390, 13
1258, 629.710, 444.890, 13
1259, 629.710, 453.390, 19
1260, 629.710, 461.890, 19
1261, 629.710, 470.390, 19
1262, 629.710, 478.890, 19
1263, 629.710, 487.390, 19
1264, 629.710, 495.890, 19
1265, 629.710, 504.390, 19
1266, 629.710, 512.890, 19
1267, 629.710, 521.390, 15
1268, 629.710, 529.890, 15
1269, 629.710, 538.390, 15
1270, 629.710, 546.890, 15
1271, 629.710, 555.390, 15
1272, 629.710, 563.890, 15
1273, 629.710, 572.390, 15
1274, 629.710, 580.890, 15
1275, 629.710, 589.390, 15
1276, 629.710, 597.890, 15
1277, 650.580, 62.390, 18
1278, 650.580, 70.890, 21
1279, 650.580, 79.390, 21
1280, 650.580, 87.890, 21
1281, 650.580, 96.390, 21
1282, 650.580, 104.890, 21
1283, 650.580, 113.390, 21
1284, 650.580, 121.890, 21
1285, 650.580, 130.390, 21
1286, 650.580, 138.890, 21
1287, 650.580, 147.390, 25
1288, 650.580, 155.890, 25
1289, 650.580, 164.390, 25
1290, 650.580, 172.890, 25
1291, 650.580, 181.390, 25
1292, 650.580, 189.890, 25
1293, 650.580, 198.390, 25
1294, 650.580, 206.890, 25
1295, 650.580, 215.390, 25
1296, 650.580, 223.890, 8
1297, 650.580, 232.390, 8
1298, 650.580, 240.890, 8
1299, 650.580, 249.390, 8
1300, 650.580, 257.890, 8
1301, 650.580, 266.390, 8
1302, 650.580, 274.890, 8
1303, 650.580, 283.390, 8
1304, 650.580, 291.890, 6
1305, 650.580, 300.390, 6
1306, 650.580, 308.890, 6
1307, 650.580, 317.390, 6
1308, 650.580, 325.890, 6
1309, 650.580, 334.390, 6
1310, 650.580, 342.890, 6
1311, 650.580, 351.390, 6
1312, 650.580, 359.890, 6
1313, 650.580, 368.390, 6
1314, 650.580, 376.890, 13
1315, 650.580, 385.390, 13
1316, 650.580, 393.890, 13
1317, 650.580, 402.390, 13
1318, 650.580, 410.890, 13
1319, 650.580, 419.390, 13
1320, 650.580, 427.890, 13
1321, 650.580, 436.390, 13
1322, 650.580, 444.890, 13
1323, 650.580, 453.390, 19
1324, 650.580, 461.890, 19
1325, 650.580, 470.390, 19
1326, 650.580, 478.890, 19
1327, 650.580, 487.390, 19
1328, 650.580, 495.890, 19
1329, 650.580, 504.390, 19
1330, 650.580, 512.890, 15
1331, 650.580, 521.390, 15
1332, 650.580, 529.890, 15
1333, 650.580, 538.390, 15
1334, 650.580, 546.890, 15
1335, 650.580, 555.390, 15
1336, 650.580, 563.890, 15
1337, 650.580, 572.390, 15
1338, 650.580, 580.890, 15
1339, 650.580, 589.390, 15
1340, 650.580, 597.890, 15
1341, 671.450, 62.390, 18
1342, 671.450, 70.890, 18
1343, 671.450, 79.390, 18
1344, 671.450, 87.890, 18
1345, 671.450, 96.390, 21
1346, 671.450, 104.890, 21
1347, 671.450, 113.390, 21
1348, 671.450, 121.890, 21
1349, 671.450, 130.390, 21
1350, 671.450, 138.890, 21
1351, 671.450, 147.390, 14
1352, 671.450, 155.890, 14
1353, 671.450, 164.390, 14
1354, 671.450, 172.890, 14
1355, 671.450, 181.390, 14
1356, 671.450, 189.890, 14
1357, 671.450, 198.390, 14
1358, 671.450, 206.890, 14
1359, 671.450, 215.390, 14
1360, 671.450, 223.890, 8
1361, 671.450, 232.390, 8
1362, 671.450, 240.890, 8
1363, 671.450, 249.390, 8
1364, 671.450, 257.890, 8
1365, 671.450, 266.390, 8
1366, 671.450, 274.890, 8
1367, 671.450, 283.390, 8
1368, 671.450, 291.890, 24
1369, 671.450, 300.390, 24
1370, 671.450, 308.890, 24
1371, 671.450, 317.390, 24
1372, 671.450, 325.890, 24
1373, 671.450, 334.390, 24
1374, 671.450, 342.890, 24
1375, 671.450, 351.390, 24
1376, 671.450, 359.890, 24
1377, 671.450, 368.390, 24
1378, 671.450, 376.890, 12
1379, 671.450, 385.390, 12
1380, 671.450, 393.890, 12
1381, 671.450, 402.390, 12
1382, 671.450, 410.890, 12
1383, 671.450, 419.390, 12
1384, 671.450, 427.890, 12
1385, 671.450, 436.390, 11
1386, 671.450, 444.890, 11
1387, 671.450, 453.390, 11
1388, 671.450, 461.890, 11
1389, 671.450, 470.390, 11
1390, 671.450, 478.890, 11
1391, 671.450, 487.390, 11
1392, 671.450, 495.890, 11
1393, 671.450, 504.390, 11
1394, 671.450, 512.890, 15
1395, 671.450, 521.390, 15
1396, 671.450, 529.890, 15
1397, 671.450, 538.390, 15
1398, 671.450, 546.890, 15
1399, 671.450, 555.390, 15
1400, 671.450, 563.890, 15
1401, 671.450, 572.390, 15
1402, 671.450, 580.890, 15
1403, 671.450, 589.390, 15
1404, 671.450, 597.890, 15
1405, 692.320, 62.390, 18
1406, 692.320, 70.890, 18
1407, 692.320, 79.390, 18
1408, 692.320, 87.890, 18
1409, 692.320, 96.390, 18
1410, 692.320, 104.890, 18
1411, 692.320, 113.390, 18
1412, 692.320, 121.890, 18
1413, 692.320, 130.390, 18
1414, 692.320, 138.890, 14
1415, 692.320, 147.390, 14
1416, 692.320, 155.890, 14
1417, 692.320, 164.390, 14
1418, 692.320, 172.890, 14
1419, 692.320, 181.390, 14
1420, 692.320, 189.890, 14
1421, 692.320, 198.390, 14
1422, 692.320, 206.890, 14
1423, 692.320, 215.390, 14
1424, 692.320, 223.890, 8
1425, 692.320, 232.390, 8
1426, 692.320, 240.890, 8
1427, 692.320, 249.390, 8
1428, 692.320, 257.890, 8
1429, 692.320, 266.390, 8
1430, 692.320, 274.890, 8
1431, 692.320, 283.390, 8
1432, 692.320, 291.890, 24
1433, 692.320, 300.390, 24
1434, 692.320, 308.890, 24
1435, 692.320, 317.390, 24
1436, 692.320, 325.890, 24
1437, 692.320, 334.390, 24
1438, 692.320, 342.890, 24
1439, 692.320, 351.390, 24
1440, 692.320, 359.890, 24
1441, 692.320, 368.390, 24
1442, 692.320, 376.890, 12
1443, 692.320, 385.390, 12
1444, 692.320, 393.890, 12
1445, 692.320, 402.390, 12
1446, 692.320, 410.890, 12
1447, 692.320, 419.390, 12
1448, 692.320, 427.890, 12
1449, 692.320, 436.390, 11
1450, 692.320, 444.890, 11
1451, 692.320, 453.390, 11
1452, 692.320, 461.890, 11
1453, 692.320, 470.390, 11
1454, 692.320, 478.890, 11
1455, 692.320, 487.390, 11
1456, 692.320, 495.890, 11
1457, 692.320, 504.390, 11
1458, 692.320, 512.890, 15
1459, 692.320, 521.390, 15
1460, 692.320, 529.890, 15
1461, 692.320, 538.390, 15
1462, 692.320, 546.890, 15
1463, 692.320, 555.390, 15
1464, 692.320, 563.890, 15
1465, 692.320, 572.390, 15
1466, 692.320, 580.890, 15
1467, 692.320, 589.390, 15
1468, 692.320, 597.890, 15
1469, 713.190, 62.390, 18
1470, 713.190, 70.890, 18
1471, 713.190, 79.390, 18
1472, 713.190, 87.890, 18
1473, 713.190, 96.390, 18
1474, 713.190, 104.890, 18
1475, 713.190, 113.390, 18
1476, 713.190, 121.890, 18
1477, 713.190, 130.390, 18
1478, 713.190, 138.890, 14
1479, 713.190, 147.390, 14
1480, 713.190, 155.890, 14
1481, 713.190, 164.390, 14
1482, 713.190, 172.890, 14
1483, 713.190, 181.390, 14
1484, 713.190, 189.890, 14
1485, 713.190, 198.390, 14
1486, 713.190, 206.890, 14
1487, 713.190, 215.390, 14
1488, 713.190, 223.890, 8
1489, 713.190, 232.390, 8
1490, 713.190, 240.890, 8
1491, 713.190, 249.390, 8
1492, 713.190, 257.890, 8
1493, 713.190, 266.390, 8
1494, 713.190, 274.890, 8
1495, 713.190, 283.390, 8
1496, 713.190, 291.890, 24
1497, 713.190, 300.390, 24
1498, 713.190, 308.890, 24
1499, 713.190, 317.390, 24
1500, 713.190, 325.890, 24
1501, 713.190, 334.390, 24
1502, 713.190, 342.890, 24
1503, 713.190, 351.390, 24
1504, 713.190, 359.890, 24
1505, 713.190, 368.390, 24
1506, 713.190, 376.890, 12
1507, 713.190, 385.390, 12
1508, 713.190, 393.890, 12
1509, 713.190, 402.390, 12
1510, 713.190, 410.890, 12
1511, 713.190, 419.390, 12
1512, 713.190, 427.890, 12
1513, 713.190, 436.390, 11
1514, 713.190, 444.890, 11
1515, 713.190, 453.390, 11
1516, 713.190, 461.890, 11
1517, 713.190, 470.390, 11
1518, 713.190, 478.890, 11
1519, 713.190, 487.390, 11
1520, 713.190, 495.890, 11
1521, 713.190, 504.390, 11
1522, 713.190, 512.890, 15
1523, 713.190, 521.390, 15
1524, 713.190, 529.890, 15
1525, 713.190, 538.390, 15
1526, 713.190, 546.890, 15
1527, 713.190, 555.390, 15
1528, 713.190, 563.890, 15
1529, 713.190, 572.390, 15
1530, 713.190, 580.890, 15
1531, 734.060, 62.390, 18
1532, 734.060, 70.890, 18
1533, 734.060, 79.390, 18
1534, 734.060, 87.890, 18
1535, 734.060, 96.390, 18
1536, 734.060, 104.890, 18
1537, 734.060, 113.390, 18
1538, 734.060, 121.890, 18
1539, 734.060, 130.390, 18
1540, 734.060, 138.890, 14
1541, 734.060, 147.390, 14
1542, 734.060, 155.890, 14
1543, 734.060, 164.390, 14
1544, 734.060, 172.890, 14
1545, 734.060, 181.390, 14
1546, 734.060, 189.890, 14
1547, 734.060, 198.390, 14
1548, 734.060, 206.890, 14
1549, 734.060, 215.390, 14
1550, 734.060, 223.890, 2
1551, 734.060, 232.390, 2
1552, 734.060, 240.890, 2
1553, 734.060, 249.390, 2
1554, 734.060, 257.890, 2
1555, 734.060, 266.390, 2
1556, 734.060, 274.890, 2
1557, 734.060, 283.390, 2
1558, 734.060, 291.890, 24
1559, 734.060, 300.390, 24
1560, 734.060, 308.890, 24
1561, 734.060, 317.390, 24
1562, 734.060, 325.890, 24
1563, 734.060, 334.390, 24
1564, 734.060, 342.890, 24
1565, 734.060, 351.390, 24
1566, 734.060, 359.890, 24
1567, 734.060, 368.390, 24
1568, 734.060, 376.890, 12
1569, 734.060, 385.390, 12
1570, 734.060, 393.890, 12
1571, 734.060, 402.390, 12
1572, 734.060, 410.890, 12
1573, 734.060, 419.390, 12
1574, 734.060, 427.890, 12
1575, 734.060, 436.390, 11
1576, 734.060, 444.890, 11
1577, 734.060, 453.390, 11
1578, 734.060, 461.890, 11
1579, 734.060, 470.390, 11
1580, 734.060, 478.890, 11
1581, 734.060, 487.390, 11
1582, 734.060, 495.890, 11
1583, 734.060, 504.390, 11
1584, 734.060, 512.890, 15
1585, 734.060, 521.390, 15
1586, 734.060, 529.890, 15
1587, 734.060, 538.390, 15
1588, 734.060, 546.890, 15
1589, 734.060, 555.390, 15
1590, 734.060, 563.890, 15
1591, 734.060, 572.390, 15
1592, 754.930, 53.890, 18
1593, 754.930, 62.390, 18
1594, 754.930, 70.890, 18
1595, 754.930, 79.390, 18
1596, 754.930, 87.890, 18
1597, 754.930, 96.390, 18
1598, 754.930, 104.890, 18
1599, 754.930, 113.390, 18
1600, 754.930, 121.890, 18
1601, 754.930, 130.390, 18
1602, 754.930, 138.890, 14
1603, 754.930, 147.390, 14
1604, 754.930, 155.890, 14
1605, 754.930, 164.390, 14
1606, 754.930, 172.890, 14
1607, 754.930, 181.390, 14
1608, 754.930, 189.890, 14
1609, 754.930, 198.390, 14
1610, 754.930, 206.890, 14
1611, 754.930, 215.390, 14
1612, 754.930, 223.890, 2
1613, 754.930, 232.390, 2
1614, 754.930, 240.890, 2
1615, 754.930, 249.390, 2
1616, 754.930, 257.890, 2
1617, 754.930, 266.390, 2
1618, 754.930, 274.890, 2
1619, 754.930, 283.390, 2
1620, 754.930, 291.890, 2
1621, 754.930, 300.390, 24
1622, 754.930, 308.890, 24
1623, 754.930, 317.390, 24
1624, 754.930, 325.890, 24
1625, 754.930, 334.390, 24
1626, 754.930, 342.890, 24
1627, 754.930, 351.390, 24
1628, 754.930, 359.890, 24
1629, 754.930, 368.390, 24
1630, 754.930, 376.890, 12
1631, 754.930, 385.390, 12
1632, 754.930, 393.890, 12
1633, 754.930, 402.390, 12
1634, 754.930, 410.890, 12
1635, 754.930, 419.390, 12
1636, 754.930, 427.890, 12
1637, 754.930, 436.390, 11
1638, 754.930, 444.890, 11
1639, 754.930, 453.390, 11
1640, 754.930, 461.890, 11
1641, 754.930, 470.390, 11
1642, 754.930, 478.890, 11
1643, 754.930, 487.390, 11
1644, 754.930, 495.890, 11
1645, 754.930, 504.390, 11
1646, 754.930, 512.890, 11
1647, 754.930, 521.390, 11
1648, 754.930, 529.890, 15
1649, 754.930, 538.390, 15
1650, 754.930, 546.890, 15
1651, 754.930, 555.390, 15
1652, 775.800, 53.890, 18
1653, 775.800, 62.390, 18
1654, 775.800, 70.890, 18
1655, 775.800, 79.390, 18
1656, 775.800, 87.890, 18
1657, 775.800, 96.390, 18
1658, 775.800, 104.890, 18
1659, 775.800, 113.390, 18
1660, 775.800, 121.890, 18
1661, 775.800, 130.390, 18
1662, 775.800, 138.890, 14
1663, 775.800, 147.390, 14
1664, 775.800, 155.890, 14
1665, 775.800, 164.390, 14
1666, 775.800, 172.890, 14
1667, 775.800, 181.390, 14
1668, 775.800, 189.890, 14
1669, 775.800, 198.390, 14
1670, 775.800, 206.890, 14
1671, 775.800, 215.390, 14
1672, 775.800, 223.890, 2
1673, 775.800, 232.390, 2
1674, 775.800, 240.890, 2
1675, 775.800, 249.390, 2
1676, 775.800, 257.890, 2
1677, 775.800, 266.390, 2
1678, 775.800, 274.890, 2
1679, 775.800, 283.390, 2
1680, 775.800, 291.890, 2
1681, 775.800, 300.390, 24
1682, 775.800, 308.890, 24
1683, 775.800, 317.390, 24
1684, 775.800, 325.890, 24
1685, 775.800, 334.390, 24
1686, 775.800, 342.890, 24
1687, 775.800, 351.390, 24
1688, 775.800, 359.890, 24
1689, 775.800, 368.390, 24
1690, 775.800, 376.890, 12
1691, 775.800, 385.390, 12
1692, 775.800, 393.890, 12
1693, 775.800, 402.390, 12
1694, 775.800, 410.890, 12
1695, 775.800, 419.390, 12
1696, 775.800, 427.890, 12
1697, 775.800, 436.390, 12
1698, 775.800, 444.890, 11
1699, 775.800, 453.390, 11
1700, 775.800, 461.890, 11
1701, 775.800, 470.390, 11
1702, 775.800, 478.890, 11
1703, 775.800, 487.390, 11
1704, 775.800, 495.890, 11
1705, 775.800, 504.390, 11
1706, 775.800, 512.890, 11
1707, 775.800, 521.390, 11
1708, 775.800, 529.890, 15
1709, 775.800, 538.390, 15
1710, 775.800, 546.890, 15
1711, 796.670, 53.890, 18
1712, 796.670, 62.390, 18
1713, 796.670, 70.890, 18
1714, 796.670, 79.390, 18
1715, 796.670, 87.890, 18
1716, 796.670, 96.390, 18
1717, 796.670, 104.890, 18
1718, 796.670, 113.390, 18
1719, 796.670, 121.890, 18
1720, 796.670, 130.390, 18
1721, 796.670, 138.890, 14
1722, 796.670, 147.390, 14
1723, 796.670, 155.890, 14
1724, 796.670, 164.390, 14
1725, 796.670, 172.890, 14
1726, 796.670, 181.390, 14
1727, 796.670, 189.890, 14
1728, 796.670, 198.390, 14
1729, 796.670, 206.890, 14
1730, 796.670, 215.390, 14
1731, 796.670, 223.890, 2
1732, 796.670, 232.390, 2
1733, 796.670, 240.890, 2
1734, 796.670, 249.390, 2
1735, 796.670, 257.890, 2
1736, 796.670, 266.390, 2
1737, 796.670, 274.890, 2
1738, 796.670, 283.390, 2
1739, 796.670, 291.890, 2
1740, 796.670, 300.390, 24
1741, 796.670, 308.890, 24
1742, 796.670, 317.390, 24
1743, 796.670, 325.890, 24
1744, 796.670, 334.390, 24
1745, 796.670, 342.890, 24
1746, 796.670, 351.390, 24
1747, 796.670, 359.890, 24
1748, 796.670, 368.390, 24
1749, 796.670, 376.890, 12
1750, 796.670, 385.390, 12
1751, 796.670, 393.890, 12
1752, 796.670, 402.390, 12
1753, 796.670, 410.890, 12
1754, 796.670, 419.390, 12
1755, 796.670, 427.890, 12
1756, 796.670, 436.390, 12
1757, 796.670, 444.890, 11
1758, 796.670, 453.390, 11
1759, 796.670, 461.890, 11
1760, 796.670, 470.390, 11
1761, 796.670, 478.890, 11
1762, 796.670, 487.390, 11
1763, 796.670, 495.890, 11
1764, 796.670, 504.390, 11
1765, 796.670, 512.890, 11
1766, 796.670, 521.390, 11
1767, 796.670, 529.890, 15
1768, 796.670, 538.390, 15
1769, 817.540, 53.890, 18
1770, 817.540, 62.390, 18
1771, 817.540, 70.890, 18
1772, 817.540, 79.390, 18
1773, 817.540, 87.890, 18
1774, 817.540, 96.390, 18
1775, 817.540, 104.890, 18
1776, 817.540, 113.390, 18
1777, 817.540, 121.890, 18
1778, 817.540, 130.390, 18
1779, 817.540, 138.890, 14
1780, 817.540, 147.390, 14
1781, 817.540, 155.890, 14
1782, 817.540, 164.390, 14
1783, 817.540, 172.890, 14
1784, 817.540, 181.390, 14
1785, 817.540, 189.890, 14
1786, 817.540, 198.390, 14
1787, 817.540, 206.890, 14
1788, 817.540, 215.390, 14
1789, 817.540, 223.890, 2
1790, 817.540, 232.390, 2
1791, 817.540, 240.890, 2
1792, 817.540, 249.390, 2
1793, 817.540, 257.890, 2
1794, 817.540, 266.390, 2
1795, 817.540, 274.890, 2
1796, 817.540, 283.390, 2
1797, 817.540, 291.890, 2
1798, 817.540, 300.390, 24
1799, 817.540, 308.890, 24
1800, 817.540, 317.390, 24
1801, 817.540, 325.890, 24
1802, 817.540, 334.390, 24
1803, 817.540, 342.890, 24
1804, 817.540, 351.390, 24
1805, 817.540, 359.890, 24
1806, 817.540, 368.390, 24
1807, 817.540, 376.890, 12
1808, 817.540, 385.390, 12
1809, 817.540, 393.890, 12
1810, 817.540, 402.390, 12
1811, 817.540, 410.890, 12
1812, 817.540, 419.390, 12
1813, 817.540, 427.890, 12
1814, 817.540, 436.390, 12
1815, 817.540, 444.890, 11
1816, 817.540, 453.390, 11
1817, 817.540, 461.890, 11
1818, 817.540, 470.390, 11
1819, 817.540, 478.890, 11
1820, 817.540, 487.390, 11
1821, 817.540, 495.890, 11
1822, 817.540, 504.390, 11
1823, 817.540, 512.890, 11
1824, 817.540, 521.390, 11
1825, 838.410, 53.890, 18
1826, 838.410, 62.390, 18
1827, 838.410, 70.890, 18
1828, 838.410, 79.390, 18
1829, 838.410, 87.890, 18
1830, 838.410, 96.390, 18
1831, 838.410, 104.890, 18
1832, 838.410, 113.390, 18
1833, 838.410, 121.890, 18
1834, 838.410, 130.390, 18
1835, 838.410, 138.890, 14
1836, 838.410, 147.390, 14
1837, 838.410, 155.890, 14
1838, 838.410, 164.390, 14
1839, 838.410, 172.890, 14
1840, 838.410, 181.390, 14
1841, 838.410, 189.890, 14
1842, 838.410, 198.390, 14
1843, 838.410, 206.890, 14
1844, 838.410, 215.390, 14
1845, 838.410, 223.890, 2
1846, 838.410, 232.390, 2
1847, 838.410, 240.890, 2
1848, 838.410, 249.390, 2
1849, 838.410, 257.890, 2
1850, 838.410, 266.390, 2
1851, 838.410, 274.890, 2
1852, 838.410, 283.390, 2
1853, 838.410, 291.890, 2
1854, 838.410, 300.390, 24
1855, 838.410, 308.890, 24
1856, 838.410, 317.390, 24
1857, 838.410, 325.890, 24
1858, 838.410, 334.390, 24
1859, 838.410, 342.890, 24
1860, 838.410, 351.390, 24
1861, 838.410, 359.890, 24
1862, 838.410, 368.390, 24
1863, 838.410, 376.890, 12
1864, 838.410, 385.390, 12
1865, 838.410, 393.890, 12
1866, 838.410, 402.390, 12
1867, 838.410, 410.890, 12
1868, 838.410, 419.390, 12
1869, 838.410, 427.890, 12
1870, 838.410, 436.390, 12
1871, 838.410, 444.890, 11
1872, 838.410, 453.390, 11
1873, 838.410, 461.890, 11
1874, 838.410, 470.390, 11
1875, 838.410, 478.890, 11
1876, 838.410, 487.390, 11
1877, 838.410, 495.890, 11
1878, 838.410, 504.390, 11
1879, 838.410, 512.890, 11
1880, 859.280, 53.890, 18
1881, 859.280, 62.390, 18
1882, 859.280, 70.890, 18
1883, 859.280, 79.390, 18
1884, 859.280, 87.890, 18
1885, 859.280, 96.390, 18
1886, 859.280, 104.890, 18
1887, 859.280, 113.390, 18
1888, 859.280, 121.890, 18
1889, 859.280, 130.390, 18
1890, 859.280, 138.890, 14
1891, 859.280, 147.390, 14
1892, 859.280, 155.890, 14
1893, 859.280, 164.390, 14
1894, 859.280, 172.890, 14
1895, 859.280, 181.390, 14
1896, 859.280, 189.890, 14
1897, 859.280, 198.390, 14
1898, 859.280, 206.890, 14
1899, 859.280, 215.390, 14
1900, 859.280, 223.890, 2
1901, 859.280, 232.390, 2
1902, 859.280, 240.890, 2
1903, 859.280, 249.390, 2
1904, 859.280, 257.890, 2
1905, 859.280, 266.390, 2
1906, 859.280, 274.890, 2
1907, 859.280, 283.390, 2
1908, 859.280, 291.890, 2
1909, 859.280, 300.390, 24
1910, 859.280, 308.890, 24
1911, 859.280, 317.390, 24
1912, 859.280, 325.890, 24
1913, 859.280, 334.390, 24
1914, 859.280, 342.890, 24
1915, 859.280, 351.390, 24
1916, 859.280, 359.890, 24
1917, 859.280, 368.390, 24
1918, 859.280, 376.890, 12
1919, 859.280, 385.390, 12
1920, 859.280, 393.890, 12
1921, 859.280, 402.390, 12
1922, 859.280, 410.890, 12
1923, 859.280, 419.390, 12
1924, 859.280, 427.890, 12
1925, 859.280, 436.390, 12
1926, 859.280, 444.890, 11
1927, 859.280, 453.390, 11
1928, 859.280, 461.890, 11
1929, 859.280, 470.390, 11
1930, 859.280, 478.890, 11
1931, 859.280, 487.390, 11
1932, 859.280, 495.890, 11
1933, 880.150, 53.890, 18
1934, 880.150, 62.390, 18
1935, 880.150, 70.890, 18
1936, 880.150, 79.390, 18
1937, 880.150, 87.890, 18
1938, 880.150, 96.390, 18
1939, 880.150, 104.890, 18
1940, 880.150, 113.390, 18
1941, 880.150, 121.890, 18
1942, 880.150, 130.390, 18
1943, 880.150, 138.890, 14
1944, 880.150, 147.390, 14
1945, 880.150, 155.890, 14
1946, 880.150, 164.390, 14
1947, 880.150, 172.890, 14
1948, 880.150, 181.390, 14
1949, 880.150, 189.890, 14
1950, 880.150, 198.390, 14
1951, 880.150, 206.890, 14
1952, 880.150, 215.390, 14
1953, 880.150, 223.890, 2
1954, 880.150, 232.390, 2
1955, 880.150, 240.890, 2
1956, 880.150, 249.390, 2
1957, 880.150, 257.890, 2
1958, 880.150, 266.390, 2
1959, 880.150, 274.890, 2
1960, 880.150, 283.390, 2
1961, 880.150, 291.890, 2
1962, 880.150, 300.390, 24
1963, 880.150, 308.890, 24
1964, 880.150, 317.390, 24
1965, 880.150, 325.890, 24
1966, 880.150, 334.390, 24
1967, 880.150, 342.890, 24
1968, 880.150, 351.390, 24
1969, 880.150, 359.890, 24
1970, 880.150, 368.390, 24
1971, 880.150, 376.890, 12
1972, 880.150, 385.390, 12
1973, 880.150, 393.890, 12
1974, 880.150, 402.390, 12
1975, 880.150, 410.890, 12
1976, 880.150, 419.390, 12
1977, 880.150, 427.890, 12
1978, 880.150, 436.390, 12
1979, 880.150, 444.890, 11
1980, 880.150, 453.390, 11
1981, 880.150, 461.890, 11
1982, 880.150, 470.390, 11
1983, 880.150, 478.890, 11
1984, 880.150, 487.390, 11
1985, 901.020, 53.890, 16
1986, 901.020, 62.390, 16
1987, 901.020, 70.890, 16
1988, 901.020, 79.390, 18
1989, 901.020, 87.890, 18
1990, 901.020, 96.390, 18
1991, 901.020, 104.890, 18
1992, 901.020, 113.390, 18
1993, 901.020, 121.890, 18
1994, 901.020, 130.390, 18
1995, 901.020, 138.890, 5
1996, 901.020, 147.390, 5
1997, 901.020, 155.890, 5
1998, 901.020, 164.390, 5
1999, 901.020, 172.890, 5
2000, 901.020, 181.390, 5
2001, 901.020, 189.890, 5
2002, 901.020, 198.390, 5
2003, 901.020, 206.890, 5
2004, 901.020, 215.390, 5
2005, 901.020, 223.890, 5
2006, 901.020, 232.390, 2
2007, 901.020, 240.890, 2
2008, 901.020, 249.390, 2
2009, 901.020, 257.890, 2
2010, 901.020, 266.390, 2
2011, 901.020, 274.890, 2
2012, 901.020, 283.390, 2
2013, 901.020, 291.890, 2
2014, 901.020, 300.390, 24
2015, 901.020, 308.890, 24
2016, 901.020, 317.390, 24
2017, 901.020, 325.890, 24
2018, 901.020, 334.390, 24
2019, 901.020, 342.890, 24
2020, 901.020, 351.390, 23
2021, 901.020, 359.890, 23
2022, 901.020, 368.390, 23
2023, 901.020, 376.890, 23
2024, 901.020, 385.390, 23
2025, 901.020, 393.890, 12
2026, 901.020, 402.390, 12
2027, 901.020, 410.890, 12
2028, 901.020, 419.390, 12
2029, 901.020, 427.890, 12
2030, 901.020, 436.390, 12
2031, 901.020, 444.890, 11
2032, 901.020, 453.390, 11
2033, 901.020, 461.890, 11
2034, 901.020, 470.390, 11
2035, 901.020, 478.890, 11
2036, 921.890, 53.890, 16
2037, 921.890, 62.390, 16
2038, 921.890, 70.890, 16
2039, 921.890, 79.390, 16
2040, 921.890, 87.890, 16
2041, 921.890, 96.390, 16
2042, 921.890, 104.890, 16
2043, 921.890, 113.390, 16
2044, 921.890, 121.890, 16
2045, 921.890, 130.390, 5
2046, 921.890, 138.890, 5
2047, 921.890, 147.390, 5
2048, 921.890, 155.890, 5
2049, 921.890, 164.390, 5
2050, 921.890, 172.890, 5
2051, 921.890, 181.390, 5
2052, 921.890, 189.890, 5
2053, 921.890, 198.390, 5
2054, 921.890, 206.890, 5
2055, 921.890, 215.390, 5
2056, 921.890, 223.890, 5
2057, 921.890, 232.390, 2
2058, 921.890, 240.890, 2
2059, 921.890, 249.390, 2
2060, 921.890, 257.890, 2
2061, 921.890, 266.390, 2
2062, 921.890, 274.890, 2
2063, 921.890, 283.390, 2
2064, 921.890, 291.890, 2
2065, 921.890, 300.390, 23
2066, 921.890, 308.890, 23
2067, 921.890, 317.390, 23
2068, 921.890, 325.890, 23
2069, 921.890, 334.390, 23
2070, 921.890, 342.890, 23
2071, 921.890, 351.390, 23
2072, 921.890, 359.890, 23
2073, 921.890, 368.390, 23
2074, 921.890, 376.890, 23
2075, 921.890, 385.390, 23
2076, 921.890, 393.890, 12
2077, 921.890, 402.390, 12
2078, 921.890, 410.890, 12
2079, 921.890, 419.390, 12
2080, 921.890, 427.890, 12
2081, 921.890, 436.390, 12
2082, 921.890, 444.890, 11
2083, 921.890, 453.390, 11
2084, 921.890, 461.890, 11
2085, 942.760, 45.390, 16
2086, 942.760, 53.890, 16
2087, 942.760, 62.390, 16
2088, 942.760, 70.890, 16
2089, 942.760, 79.390, 16
2090, 942.760, 87.890, 16
2091, 942.760, 96.390, 16
2092, 942.760, 104.890, 16
2093, 942.760, 113.390, 16
2094, 942.760, 121.890, 16
2095, 942.760, 130.390, 5
2096, 942.760, 138.890, 5
2097, 942.760, 147.390, 5
2098, 942.760, 155.890, 5
2099, 942.760, 164.390, 5
2100, 942.760, 172.890, 5
2101, 942.760, 181.390, 5
2102, 942.760, 189.890, 5
2103, 942.760, 198.390, 5
2104, 942.760, 206.890, 5
2105, 942.760, 215.390, 5
2106, 942.760, 223.890, 5
2107, 942.760, 232.390, 2
2108, 942.760, 240.890, 2
2109, 942.760, 249.390, 2
2110, 942.760, 257.890, 2
2111, 942.760, 266.390, 2
2112, 942.760, 274.890, 2
2113, 942.760, 283.390, 2
2114, 942.760, 291.890, 2
2115, 942.760, 300.390, 23
2116, 942.760, 308.890, 23
2117, 942.760, 317.390, 23
2118, 942.760, 325.890, 23
2119, 942.760, 334.390, 23
2120, 942.760, 342.890, 23
2121, 942.760, 351.390, 23
2122, 942.760, 359.890, 23
2123, 942.760, 368.390, 23
2124, 942.760, 376.890, 23
2125, 942.760, 385.390, 23
2126, 942.760, 393.890, 23
2127, 942.760, 402.390, 12
2128, 942.760, 410.890, 12
2129, 942.760, 419.390, 12
2130, 942.760, 427.890, 12
2131, 942.760, 436.390, 12
2132, 942.760, 444.890, 11
2133, 942.760, 453.390, 11
2134, 963.630, 45.390, 16
2135, 963.630, 53.890, 16
2136, 963.630, 62.390, 16
2137, 963.630, 70.890, 16
2138, 963.630, 79.390, 16
2139, 963.630, 87.890, 16
2140, 963.630, 96.390, 16
2141, 963.630, 104.890, 16
2142, 963.630, 113.390, 16
2143, 963.630, 121.890, 16
2144, 963.630, 130.390, 5
2145, 963.630, 138.890, 5
2146, 963.630, 147.390, 5
2147, 963.630, 155.890, 5
2148, 963.630, 164.390, 5
2149, 963.630, 172.890, 5
2150, 963.630, 181.390, 5
2151, 963.630, 189.890, 5
2152, 963.630, 198.390, 5
2153, 963.630, 206.890, 5
2154, 963.630, 215.390, 5
2155, 963.630, 223.890, 5
2156, 963.630, 232.390, 5
2157, 963.630, 240.890, 2
2158, 963.630, 249.390, 2
2159, 963.630, 257.890, 2
2160, 963.630, 266.390, 2
2161, 963.630, 274.890, 2
2162, 963.630, 283.390, 2
2163, 963.630, 291.890, 2
2164, 963.630, 300.390, 23
2165, 963.630, 308.890, 23
2166, 963.630, 317.390, 23
2167, 963.630, 325.890, 23
2168, 963.630, 334.390, 23
2169, 963.630, 342.890, 23
2170, 963.630, 351.390, 23
2171, 963.630, 359.890, 23
2172, 963.630, 368.390, 23
2173, 963.630, 376.890, 23
2174, 963.630, 385.390, 23
2175, 963.630, 393.890, 23
2176, 963.630, 402.390, 23
2177, 963.630, 410.890, 12
2178, 963.630, 419.390, 12
2179, 963.630, 427.890, 12
2180, 963.630, 436.390, 12
2181, 984.500, 45.390, 16
2182, 984.500, 53.890, 16
2183, 984.500, 62.390, 16
2184, 984.500, 70.890, 16
2185, 984.500, 79.390, 16
2186, 984.500, 87.890, 16
2187, 984.500, 96.390, 16
2188, 984.500, 104.890, 16
2189, 984.500, 113.390, 16
2190, 984.500, 121.890, 16
2191, 984.500, 130.390, 5
2192, 984.500, 138.890, 5
2193, 984.500, 147.390, 5
2194, 984.500, 155.890, 5
2195, 984.500, 164.390, 5
2196, 984.500, 172.890, 5
2197, 984.500, 181.390, 5
2198, 984.500, 189.890, 5
2199, 984.500, 198.390, 5
2200, 984.500, 206.890, 5
2201, 984.500, 215.390, 5
2202, 984.500, 223.890, 5
2203, 984.500, 232.390, 5
2204, 984.500, 240.890, 2
2205, 984.500, 249.390, 2
2206, 984.500, 257.890, 2
2207, 984.500, 266.390, 2
2208, 984.500, 274.890, 2
2209, 984.500, 283.390, 2
2210, 984.500, 291.890, 2
2211, 984.500, 300.390, 23
2212, 984.500, 308.890, 23
2213, 984.500, 317.390, 23
2214, 984.500, 325.890, 23
2215, 984.500, 334.390, 23
2216, 984.500, 342.890, 23
2217, 984.500, 351.390, 23
2218, 984.500, 359.890, 23
2219, 984.500, 368.390, 23
2220, 984.500, 376.890, 23
2221, 984.500, 385.390, 23
2222, 984.500, 393.890, 23
2223, 984.500, 402.390, 23
2224, 984.500, 410.890, 12
2225, 984.500, 419.390, 12
2226, 984.500, 427.890, 12
2227, 1005.370, 45.390, 16
2228, 1005.370, 53.890, 16
2229, 1005.370, 62.390, 16
2230, 1005.370, 70.890, 16
2231, 1005.370, 79.390, 16
2232, 1005.370, 87.890, 16
2233, 1005.370, 96.390, 16
2234, 1005.370, 104.890, 16
2235, 1005.370, 113.390, 16
2236, 1005.370, 121.890, 16
2237, 1005.370, 130.390, 5
2238, 1005.370, 138.890, 5
2239, 1005.370, 147.390, 5
2240, 1005.370, 155.890, 5
2241, 1005.370, 164.390, 5
2242, 1005.370, 172.890, 5
2243, 1005.370, 181.390, 5
2244, 1005.370, 189.890, 5
2245, 1005.370, 198.390, 5
2246, 1005.370, 206.890, 5
2247, 1005.370, 215.390, 5
2248, 1005.370, 223.890, 5
2249, 1005.370, 232.390, 5
2250, 1005.370, 240.890, 7
2251, 1005.370, 249.390, 7
2252, 1005.370, 257.890, 7
2253, 1005.370, 266.390, 7
2254, 1005.370, 274.890, 7
2255, 1005.370, 283.390, 7
2256, 1005.370, 291.890, 7
2257, 1005.370, 300.390, 23
2258, 1005.370, 308.890, 23
2259, 1005.370, 317.390, 23
2260, 1005.370, 325.890, 23
2261, 1005.370, 334.390, 23
2262, 1005.370, 342.890, 23
2263, 1005.370, 351.390, 23
2264, 1005.370, 359.890, 23
2265, 1005.370, 368.390, 23
2266, 1005.370, 376.890, 23
2267, 1005.370, 385.390, 23
2268, 1005.370, 393.890, 23
2269, 1005.370, 402.390, 23
2270, 1005.370, 410.890, 12
2271, 1005.370, 419.390, 12
2272, 1026.240, 45.390, 16
2273, 1026.240, 53.890, 16
2274, 1026.240, 62.390, 16
2275, 1026.240, 70.890, 16
2276, 1026.240, 79.390, 16
2277, 1026.240, 87.890, 16
2278, 1026.240, 96.390, 16
2279, 1026.240, 104.890, 16
2280, 1026.240, 113.390, 16
2281, 1026.240, 121.890, 16
2282, 1026.240, 130.390, 5
2283, 1026.240, 138.890, 5
2284, 1026.240, 147.390, 5
2285, 1026.240, 155.890, 5
2286, 1026.240, 164.390, 5
2287, 1026.240, 172.890, 5
2288, 1026.240, 181.390, 5
2289, 1026.240, 189.890, 5
2290, 1026.240, 198.390, 5
2291, 1026.240, 206.890, 5
2292, 1026.240, 215.390, 5
2293, 1026.240, 223.890, 5
2294, 1026.240, 232.390, 5
2295, 1026.240, 240.890, 7
2296, 1026.240, 249.390, 7
2297, 1026.240, 257.890, 7
2298, 1026.240, 266.390, 7
2299, 1026.240, 274.890, 7
2300, 1026.240, 283.390, 7
2301, 1026.240, 291.890, 7
2302, 1026.240, 300.390, 7
2303, 1026.240, 308.890, 7
2304, 1026.240, 317.390, 7
2305, 1026.240, 325.890, 23
2306, 1026.240, 334.390, 23
2307, 1026.240, 342.890, 23
2308, 1026.240, 351.390, 23
2309, 1026.240, 359.890, 23
2310, 1026.240, 368.390, 23
2311, 1026.240, 376.890, 23
2312, 1026.240, 385.390, 23
2313, 1026.240, 393.890, 23
2314, 1026.240, 402.390, 23
2315, 1047.110, 45.390, 16
2316, 1047.110, 53.890, 16
2317, 1047.110, 62.390, 16
2318, 1047.110, 70.890, 16
2319, 1047.110, 79.390, 16
2320, 1047.110, 87.890, 16
2321, 1047.110, 96.390, 16
2322, 1047.110, 104.890, 16
2323, 1047.110, 113.390, 16
2324, 1047.110, 121.890, 16
2325, 1047.110, 130.390, 5
2326, 1047.110, 138.890, 5
2327, 1047.110, 147.390, 5
2328, 1047.110, 155.890, 5
2329, 1047.110, 164.390, 5
2330, 1047.110, 172.890, 5
2331, 1047.110, 181.390, 5
2332, 1047.110, 189.890, 5
2333, 1047.110, 198.390, 5
2334, 1047.110, 206.890, 5
2335, 1047.110, 215.390, 17
2336, 1047.110, 223.890, 17
2337, 1047.110, 232.390, 17
2338, 1047.110, 240.890, 7
2339, 1047.110, 249.390, 7
2340, 1047.110, 257.890, 7
2341, 1047.110, 266.390, 7
2342, 1047.110, 274.890, 7
2343, 1047.110, 283.390, 7
2344, 1047.110, 291.890, 7
2345, 1047.110, 300.390, 7
2346, 1047.110, 308.890, 7
2347, 1047.110, 317.390, 7
2348, 1047.110, 325.890, 23
2349, 1047.110, 334.390, 23
2350, 1047.110, 342.890, 23
2351, 1047.110, 351.390, 23
2352, 1047.110, 359.890, 23
2353, 1047.110, 368.390, 23
2354, 1047.110, 376.890, 23
2355, 1047.110, 385.390, 23
2356, 1047.110, 393.890, 23
2357, 1067.980, 45.390, 16
2358, 1067.980, 53.890, 16
2359, 1067.980, 62.390, 16
2360, 1067.980, 70.890, 16
2361, 1067.980, 79.390, 16
2362, 1067.980, 87.890, 16
2363, 1067.980, 96.390, 16
2364, 1067.980, 104.890, 16
2365, 1067.980, 113.390, 16
2366, 1067.980, 121.890, 16
2367, 1067.980, 130.390, 5
2368, 1067.980, 138.890, 5
2369, 1067.980, 147.390, 5
2370, 1067.980, 155.890, 5
2371, 1067.980, 164.390, 5
2372, 1067.980, 172.890, 5
2373, 1067.980, 181.390, 17
2374, 1067.980, 189.890, 17
2375, 1067.980, 198.390, 17
2376, 1067.980, 206.890, 17
2377, 1067.980, 215.390, 17
2378, 1067.980, 223.890, 17
2379, 1067.980, 232.390, 17
2380, 1067.980, 240.890, 7
2381, 1067.980, 249.390, 7
2382, 1067.980, 257.890, 7
2383, 1067.980, 266.390, 7
2384, 1067.980, 274.890, 7
2385, 1067.980, 283.390, 7
2386, 1067.980, 291.890, 7
2387, 1067.980, 300.390, 7
2388, 1067.980, 308.890, 7
2389, 1067.980, 317.390, 7
2390, 1067.980, 325.890, 23
2391, 1067.980, 334.390, 23
2392, 1067.980, 342.890, 23
2393, 1067.980, 351.390, 23
2394, 1067.980, 359.890, 23
2395, 1067.980, 368.390, 23
2396, 1067.980, 376.890, 23
2397, 1088.850, 45.390, 16
2398, 1088.850, 53.890, 16
2399, 1088.850, 62.390, 16
2400, 1088.850, 70.890, 16
2401, 1088.850, 79.390, 16
2402, 1088.850, 87.890, 16
2403, 1088.850, 96.390, 16
2404, 1088.850, 104.890, 16
2405, 1088.850, 113.390, 16
2406, 1088.850, 121.890, 16
2407, 1088.850, 130.390, 5
2408, 1088.850, 138.890, 5
2409, 1088.850, 147.390, 5
2410, 1088.850, 155.890, 5
2411, 1088.850, 164.390, 5
2412, 1088.850, 172.890, 5
2413, 1088.850, 181.390, 17
2414, 1088.850, 189.890, 17
2415, 1088.850, 198.390, 17
2416, 1088.850, 206.890, 17
2417, 1088.850, 215.390, 17
2418, 1088.850, 223.890, 17
2419, 1088.850, 232.390, 17
2420, 1088.850, 240.890, 7
2421, 1088.850, 249.390, 7
2422, 1088.850, 257.890, 7
2423, 1088.850, 266.390, 7
2424, 1088.850, 274.890, 7
2425, 1088.850, 283.390, 7
2426, 1088.850, 291.890, 7
2427, 1088.850, 300.390, 7
2428, 1088.850, 308.890, 7
2429, 1088.850, 317.390, 7
2430, 1088.850, 325.890, 23
2431, 1088.850, 334.390, 23
2432, 1088.850, 342.890, 23
2433, 1088.850, 351.390, 23
2434, 1088.850, 359.890, 23
2435, 1088.850, 368.390, 23
2436, 1109.720, 45.390, 16
2437, 1109.720, 53.890, 16
2438, 1109.720, 62.390, 16
2439, 1109.720, 70.890, 16
2440, 1109.720, 79.390, 16
2441, 1109.720, 87.890, 16
2442, 1109.720, 96.390, 16
2443, 1109.720, 104.890, 16
2444, 1109.720, 113.390, 16
2445, 1109.720, 121.890, 20
2446, 1109.720, 130.390, 20
2447, 1109.720, 138.890, 20
2448, 1109.720, 147.390, 20
2449, 1109.720, 155.890, 20
2450, 1109.720, 164.390, 20
2451, 1109.720, 172.890, 20
2452, 1109.720, 181.390, 17
2453, 1109.720, 189.890, 17
2454, 1109.720, 198.390, 17
2455, 1109.720, 206.890, 17
2456, 1109.720, 215.390, 17
2457, 1109.720, 223.890, 17
2458, 1109.720, 232.390, 17
2459, 1109.720, 240.890, 7
2460, 1109.720, 249.390, 7
2461, 1109.720, 257.890, 7
2462, 1109.720, 266.390, 7
2463, 1109.720, 274.890, 7
2464, 1109.720, 283.390, 7
2465, 1109.720, 291.890, 7
2466, 1109.720, 300.390, 7
2467, 1109.720, 308.890, 7
2468, 1109.720, 317.390, 7
2469, 1109.720, 325.890, 23
2470, 1109.720, 334.390, 23
2471, 1109.720, 342.890, 23
2472, 1109.720, 351.390, 23
2473, 1109.720, 359.890, 23
2474, 1130.590, 36.890, 9
2475, 1130.590, 45.390, 16
2476, 1130.590, 53.890, 16
2477, 1130.590, 62.390, 16
2478, 1130.590, 70.890, 16
2479, 1130.590, 79.390, 16
2480, 1130.590, 87.890, 16
2481, 1130.590, 96.390, 16
2482, 1130.590, 104.890, 16
2483, 1130.590, 113.390, 20
2484, 1130.590, 121.890, 20
2485, 1130.590, 130.390, 20
2486, 1130.590, 138.890, 20
2487, 1130.590, 147.390, 20
2488, 1130.590, 155.890, 20
2489, 1130.590, 164.390, 20
2490, 1130.590, 172.890, 20
2491, 1130.590, 181.390, 17
2492, 1130.590, 189.890, 17
2493, 1130.590, 198.390, 17
2494, 1130.590, 206.890, 17
2495, 1130.590, 215.390, 17
2496, 1130.590, 223.890, 17
2497, 1130.590, 232.390, 17
2498, 1130.590, 240.890, 7
2499, 1130.590, 249.390, 7
2500, 1130.590, 257.890, 7
2501, 1130.590, 266.390, 7
2502, 1130.590, 274.890, 7
2503, 1130.590, 283.390, 7
2504, 1130.590, 291.890, 7
2505, 1130.590, 300.390, 7
2506, 1130.590, 308.890, 7
2507, 1130.590, 317.390, 7
2508, 1130.590, 325.890, 23
2509, 1130.590, 334.390, 23
2510, 1130.590, 342.890, 23
2511, 1151.460, 36.890, 9
2512, 1151.460, 45.390, 9
2513, 1151.460, 53.890, 9
2514, 1151.460, 62.390, 9
2515, 1151.460, 70.890, 9
2516, 1151.460, 79.390, 9
2517, 1151.460, 87.890, 9
2518, 1151.460, 96.390, 9
2519, 1151.460, 104.890, 9
2520, 1151.460, 113.390, 20
2521, 1151.460, 121.890, 20
2522, 1151.460, 130.390, 20
2523, 1151.460, 138.890, 20
2524, 1151.460, 147.390, 20
2525, 1151.460, 155.890, 20
2526, 1151.460, 164.390, 20
2527, 1151.460, 172.890, 20
2528, 1151.460, 181.390, 17
2529, 1151.460, 189.890, 17
2530, 1151.460, 198.390, 17
2531, 1151.460, 206.890, 17
2532, 1151.460, 215.390, 17
2533, 1151.460, 223.890, 17
2534, 1151.460, 232.390, 17
2535, 1151.460, 240.890, 7
2536, 1151.460, 249.390, 7
2537, 1151.460, 257.890, 7
2538, 1151.460, 266.390, 7
2539, 1151.460, 274.890, 7
2540, 1151.460, 283.390, 7
2541, 1151.460, 291.890, 7
2542, 1151.460, 300.390, 7
2543, 1151.460, 308.890, 7
2544, 1151.460, 317.390, 7
2545, 1151.460, 325.890, 23
2546, 1151.460, 334.390, 23
2547, 1172.330, 36.890, 9
2548, 1172.330, 45.390, 9
2549, 1172.330, 53.890, 9
2550, 1172.330, 62.390, 9
2551, 1172.330, 70.890, 9
2552, 1172.330, 79.390, 9
2553, 1172.330, 87.890, 9
2554, 1172.330, 96.390, 9
2555, 1172.330, 104.890, 9
2556, 1172.330, 113.390, 20
2557, 1172.330, 121.890, 20
2558, 1172.330, 130.390, 20
2559, 1172.330, 138.890, 20
2560, 1172.330, 147.390, 20
2561, 1172.330, 155.890, 20
2562, 1172.330, 164.390, 20
2563, 1172.330, 172.890, 20
2564, 1172.330, 181.390, 17
2565, 1172.330, 189.890, 17
2566, 1172.330, 198.390, 17
2567, 1172.330, 206.890, 17
2568, 1172.330, 215.390, 17
2569, 1172.330, 223.890, 17
2570, 1172.330, 232.390, 17
2571, 1172.330, 240.890, 7
2572, 1172.330, 249.390, 7
2573, 1172.330, 257.890, 7
2574, 1172.330, 266.390, 7
2575, 1172.330, 274.890, 7
2576, 1172.330, 283.390, 7
2577, 1172.330, 291.890, 7
2578, 1172.330, 300.390, 7
2579, 1172.330, 308.890, 7
2580, 1172.330, 317.390, 7
2581, 1193.200, 36.890, 9
2582, 1193.200, 45.390, 9
2583, 1193.200, 53.890, 9
2584, 1193.200, 62.390, 9
2585, 1193.200, 70.890, 9
2586, 1193.200, 79.390, 9
2587, 1193.200, 87.890, 9
2588, 1193.200, 96.390, 9
2589, 1193.200, 104.890, 9
2590, 1193.200, 113.390, 20
2591, 1193.200, 121.890, 20
2592, 1193.200, 130.390, 20
2593, 1193.200, 138.890, 20
2594, 1193.200, 147.390, 20
2595, 1193.200, 155.890, 20
2596, 1193.200, 164.390, 20
2597, 1193.200, 172.890, 20
2598, 1193.200, 181.390, 17
2599, 1193.200, 189.890, 17
2600, 1193.200, 198.390, 17
2601, 1193.200, 206.890, 17
2602, 1193.200, 215.390, 17
2603, 1193.200, 223.890, 17
2604, 1193.200, 232.390, 17
2605, 1193.200, 240.890, 17
2606, 1193.200, 249.390, 17
2607, 1193.200, 257.890, 7
2608, 1193.200, 266.390, 7
2609, 1193.200, 274.890, 7
2610, 1193.200, 283.390, 7
2611, 1193.200, 291.890, 7
2612, 1193.200, 300.390, 7
2613, 1193.200, 308.890, 7
2614, 1214.070, 36.890, 9
2615, 1214.070, 45.390, 9
2616, 1214.070, 53.890, 9
2617, 1214.070, 62.390, 9
2618, 1214.070, 70.890, 9
2619, 1214.070, 79.390, 9
2620, 1214.070, 87.890, 9
2621, 1214.070, 96.390, 9
2622, 1214.070, 104.890, 9
2623, 1214.070, 113.390, 20
2624, 1214.070, 121.890, 20
2625, 1214.070, 130.390, 20
2626, 1214.070, 138.890, 20
2627, 1214.070, 147.390, 20
2628, 1214.070, 155.890, 20
2629, 1214.070, 164.390, 20
2630, 1214.070, 172.890, 20
2631, 1214.070, 181.390, 17
2632, 1214.070, 189.890, 17
2633, 1214.070, 198.390, 17
2634, 1214.070, 206.890, 17
2635, 1214.070, 215.390, 17
2636, 1214.070, 223.890, 17
2637, 1214.070, 232.390, 17
2638, 1214.070, 240.890, 17
2639, 1214.070, 249.390, 17
2640, 1214.070, 257.890, 7
2641, 1214.070, 266.390, 7
2642, 1214.070, 274.890, 7
2643, 1214.070, 283.390, 7
2644, 1214.070, 291.890, 7
2645, 1214.070, 300.390, 7
2646, 1234.940, 36.890, 9
2647, 1234.940, 45.390, 9
2648, 1234.940, 53.890, 9
2649, 1234.940, 62.390, 9
2650, 1234.940, 70.890, 9
2651, 1234.940, 79.390, 9
2652, 1234.940, 87.890, 9
2653, 1234.940, 96.390, 9
2654, 1234.940, 104.890, 9
2655, 1234.940, 113.390, 20
2656, 1234.940, 121.890, 20
2657, 1234.940, 130.390, 20
2658, 1234.940, 138.890, 20
2659, 1234.940, 147.390, 20
2660, 1234.940, 155.890, 20
2661, 1234.940, 164.390, 20
2662, 1234.940, 172.890, 20
2663, 1234.940, 181.390, 17
2664, 1234.940, 189.890, 17
2665, 1234.940, 198.390, 17
2666, 1234.940, 206.890, 17
2667, 1234.940, 215.390, 17
2668, 1234.940, 223.890, 17
2669, 1234.940, 232.390, 17
2670, 1234.940, 240.890, 17
2671, 1234.940, 249.390, 17
2672, 1234.940, 257.890, 7
2673, 1234.940, 266.390, 7
2674, 1234.940, 274.890, 7
2675, 1234.940, 283.390, 7
2676, 1255.810, 36.890, 9
2677, 1255.810, 45.390, 9
2678, 1255.810, 53.890, 9
2679, 1255.810, 62.390, 9
2680, 1255.810, 70.890, 9
2681, 1255.810, 79.390, 9
2682, 1255.810, 87.890, 9
2683, 1255.810, 96.390, 9
2684, 1255.810, 104.890, 9
2685, 1255.810, 113.390, 20
2686, 1255.810, 121.890, 20
2687, 1255.810, 130.390, 20
2688, 1255.810, 138.890, 20
2689, 1255.810, 147.390, 20
2690, 1255.810, 155.890, 20
2691, 1255.810, 164.390, 20
2692, 1255.810, 172.890, 20
2693, 1255.810, 181.390, 17
2694, 1255.810, 189.890, 17
2695, 1255.810, 198.390, 17
2696, 1255.810, 206.890, 17
2697, 1255.810, 215.390, 17
2698, 1255.810, 223.890, 17
2699, 1255.810, 232.390, 17
2700, 1255.810, 240.890, 17
2701, 1255.810, 249.390, 17
2702, 1255.810, 257.890, 7
2703, 1255.810, 266.390, 7
2704, 1255.810, 274.890, 7
2705, 1276.680, 36.890, 9
2706, 1276.680, 45.390, 9
2707, 1276.680, 53.890, 9
2708, 1276.680, 62.390, 9
2709, 1276.680, 70.890, 9
2710, 1276.680, 79.390, 9
2711, 1276.680, 87.890, 9
2712, 1276.680, 96.390, 9
2713, 1276.680, 104.890, 9
2714, 1276.680, 113.390, 20
2715, 1276.680, 121.890, 20
2716, 1276.680, 130.390, 20
2717, 1276.680, 138.890, 20
2718, 1276.680, 147.390, 20
2719, 1276.680, 155.890, 20
2720, 1276.680, 164.390, 20
2721, 1276.680, 172.890, 20
2722, 1276.680, 181.390, 17
2723, 1276.680, 189.890, 17
2724, 1276.680, 198.390, 17
2725, 1276.680, 206.890, 17
2726, 1276.680, 215.390, 17
2727, 1276.680, 223.890, 17
2728, 1276.680, 232.390, 17
2729, 1276.680, 240.890, 17
2730, 1276.680, 249.390, 17
2731, 1276.680, 257.890, 7
2732, 1276.680, 266.390, 7
2733, 1297.550, 36.890, 9
2734, 1297.550, 45.390, 9
2735, 1297.550, 53.890, 9
2736, 1297.550, 62.390, 9
2737, 1297.550, 70.890, 9
2738, 1297.550, 79.390, 9
2739, 1297.550, 87.890, 9
2740, 1297.550, 96.390, 9
2741, 1297.550, 104.890, 9
2742, 1297.550, 113.390, 20
2743, 1297.550, 121.890, 20
2744, 1297.550, 130.390, 20
2745, 1297.550, 138.890, 20
2746, 1297.550, 147.390, 20
2747, 1297.550, 155.890, 20
2748, 1297.550, 164.390, 20
2749, 1297.550, 172.890, 20
2750, 1297.550, 181.390, 17
2751, 1297.550, 189.890, 17
2752, 1297.550, 198.390, 17
2753, 1297.550, 206.890, 17
2754, 1297.550, 215.390, 17
2755, 1297.550, 223.890, 17
2756, 1297.550, 232.390, 17
2757, 1297.550, 240.890, 17
2758, 1297.550, 249.390, 17
2759, 1318.420, 28.390, 9
2760, 1318.420, 36.890, 9
2761, 1318.420, 45.390, 9
2762, 1318.420, 53.890, 9
2763, 1318.420, 62.390, 9
2764, 1318.420, 70.890, 9
2765, 1318.420, 79.390, 9
2766, 1318.420, 87.890, 9
2767, 1318.420, 96.390, 9
2768, 1318.420, 104.890, 20
2769, 1318.420, 113.390, 20
2770, 1318.420, 121.890, 20
2771, 1318.420, 130.390, 20
2772, 1318.420, 138.890, 20
2773, 1318.420, 147.390, 20
2774, 1318.420, 155.890, 20
2775, 1318.420, 164.390, 20
2776, 1318.420, 172.890, 20
2777, 1318.420, 181.390, 17
2778, 1318.420, 189.890, 17
2779, 1318.420, 198.390, 17
2780, 1318.420, 206.890, 17
2781, 1318.420, 215.390, 17
2782, 1318.420, 223.890, 17
2783, 1318.420, 232.390, 17
2784, 1339.290, 36.890, 9
2785, 1339.290, 45.390, 9
2786, 1339.290, 53.890, 9
2787, 1339.290, 62.390, 9
2788, 1339.290, 70.890, 9
2789, 1339.290, 79.390, 9
2790, 1339.290, 87.890, 9
2791, 1339.290, 96.390, 9
2792, 1339.290, 104.890, 20
2793, 1339.290, 113.390, 20
2794, 1339.290, 121.890, 20
2795, 1339.290, 130.390, 20
2796, 1339.290, 138.890, 20
2797, 1339.290, 147.390, 20
2798, 1339.290, 155.890, 20
2799, 1339.290, 164.390, 20
2800, 1339.290, 172.890, 20
2801, 1339.290, 181.390, 17
2802, 1339.290, 189.890, 17
2803, 1339.290, 198.390, 17
2804, 1360.160, 45.390, 9
2805, 1360.160, 53.890, 9
2806, 1360.160, 62.390, 9
2807, 1360.160, 70.890, 9
2808, 1360.160, 79.390, 9
2809, 1360.160, 87.890, 9
2810, 1360.160, 96.390, 9
2811, 1360.160, 104.890, 20
2812, 1360.160, 113.390, 20
2813, 1360.160, 121.890, 20
2814, 1360.160, 130.390, 20
2815, 1360.160, 138.890, 20
2816, 1360.160, 147.390, 20
2817, 1360.160, 155.890, 20
2818, 1360.160, 164.390, 20
2819, 1381.030, 53.890, 9
2820, 1381.030, 62.390, 9
2821, 1381.030, 70.890, 9
2822, 1381.030, 79.390, 9
2823, 1381.030, 87.890, 9
2824, 1381.030, 96.390, 9
2825, 1381.030, 104.890, 20
2826, 1381.030, 113.390, 20
2827, 1381.030, 121.890, 20
2828, 1381.030, 130.390, 20
2829, 1401.900, 62.390, 9
2830, 1401.900, 70.890, 9
2831, 1401.900, 79.390, 9
2832, 1401.900, 87.890, 9
2833, 1401.900, 96.390, 9
2834, 1422.770, 70.890, 9
