1, 161.690, 8.950, 10
2, 182.560, 8.950, 10
3, 203.430, 8.950, 10
4, 224.300, 8.950, 10
5, 245.170, 8.950, 10
6, 266.040, 8.950, 10
7, 286.910, 8.950, 10
8, 307.780, 8.950, 10
9, 328.650, 8.950, 10
10, 349.520, 8.950, 13
11, 370.390, 8.950, 13
12, 391.260, 8.950, 13
13, 412.130, 8.950, 13
14, 433.000, 8.950, 13
15, 453.870, 8.950, 13
16, 161.690, 17.450, 10
17, 182.560, 17.450, 10
18, 203.430, 17.450, 10
19, 224.300, 17.450, 10
20, 245.170, 17.450, 10
21, 266.040, 17.450, 10
22, 286.910, 17.450, 10
23, 307.780, 17.450, 10
24, 328.650, 17.450, 10
25, 349.520, 17.450, 13
26, 370.390, 17.450, 13
27, 391.260, 17.450, 13
28, 412.130, 17.450, 13
29, 433.000, 17.450, 13
30, 453.870, 17.450, 13
31, 474.740, 17.450, 13
32, 495.610, 17.450, 13
33, 516.480, 17.450, 13
34, 537.350, 17.450, 13
35, 558.220, 17.450, 13
36, 579.090, 17.450, 13
37, 161.690, 25.950, 10
38, 182.560, 25.950, 10
39, 203.430, 25.950, 10
40, 224.300, 25.950, 10
41, 245.170, 25.950, 10
42, 266.040, 25.950, 10
43, 286.910, 25.950, 10
44, 307.780, 25.950, 10
45, 328.650, 25.950, 10
46, 349.520, 25.950, 13
47, 370.390, 25.950, 13
48, 391.260, 25.950, 13
49, 412.130, 25.950, 13
50, 433.000, 25.950, 13
51, 453.870, 25.950, 13
52, 474.740, 25.950, 13
53, 495.610, 25.950, 13
54, 516.480, 25.950, 13
55, 537.350, 25.950, 13
56, 558.220, 25.950, 13
57, 579.090, 25.950, 13
58, 599.960, 25.950, 7
59, 620.830, 25.950, 7
60, 161.690, 34.450, 10
61, 182.560, 34.450, 10
62, 203.430, 34.450, 10
63, 224.300, 34.450, 10
64, 245.170, 34.450, 10
65, 266.040, 34.450, 10
66, 286.910, 34.450, 10
67, 307.780, 34.450, 10
68, 328.650, 34.450, 10
69, 349.520, 34.450, 13
70, 370.390, 34.450, 13
71, 391.260, 34.450, 13
72, 412.130, 34.450, 13
73, 433.000, 34.450, 13
74, 453.870, 34.450, 13
75, 474.740, 34.450, 13
76, 495.610, 34.450, 13
77, 516.480, 34.450, 13
78, 537.350, 34.450, 13
79, 558.220, 34.450, 13
80, 579.090, 34.450, 13
81, 599.960, 34.450, 7
82, 620.830, 34.450, 7
83, 641.700, 34.450, 7
84, 662.570, 34.450, 7
85, 683.440, 34.450, 7
86, 161.690, 42.950, 10
87, 182.560, 42.950, 10
88, 203.430, 42.950, 10
89, 224.300, 42.950, 10
90, 245.170, 42.950, 10
91, 266.040, 42.950, 10
92, 286.910, 42.950, 10
93, 307.780, 42.950, 10
94, 328.650, 42.950, 10
95, 349.520, 42.950, 13
96, 370.390, 42.950, 13
97, 391.260, 42.950, 13
98, 412.130, 42.950, 13
99, 433.000, 42.950, 13
100, 453.870, 42.950, 13
101, 474.740, 42.950, 13
102, 495.610, 42.950, 13
103, 516.480, 42.950, 13
104, 537.350, 42.950, 13
105, 558.220, 42.950, 13
106, 579.090, 42.950, 13
107, 599.960, 42.950, 7
108, 620.830, 42.950, 7
109, 641.700, 42.950, 7
110, 662.570, 42.950, 7
111, 683.440, 42.950, 7
112, 704.310, 42.950, 7
113, 725.180, 42.950, 7
114, 161.690, 51.450, 10
115, 182.560, 51.450, 10
116, 203.430, 51.450, 10
117, 224.300, 51.450, 10
118, 245.170, 51.450, 10
119, 266.040, 51.450, 10
120, 286.910, 51.450, 10
121, 307.780, 51.450, 10
122, 328.650, 51.450, 10
123, 349.520, 51.450, 10
124, 370.390, 51.450, 13
125, 391.260, 51.450, 13
126, 412.130, 51.450, 13
127, 433.000, 51.450, 13
128, 453.870, 51.450, 13
129, 474.740, 51.450, 13
130, 495.610, 51.450, 13
131, 516.480, 51.450, 13
132, 537.350, 51.450, 13
133, 558.220, 51.450, 13
134, 579.090, 51.450, 13
135, 599.960, 51.450, 7
136, 620.830, 51.450, 7
137, 641.700, 51.450, 7
138, 662.570, 51.450, 7
139, 683.440, 51.450, 7
140, 704.310, 51.450, 7
141, 725.180, 51.450, 7
142, 746.050, 51.450, 7
143, 766.920, 51.450, 4
144, 787.790, 51.450, 4
145, 161.690, 59.950, 10
146, 182.560, 59.950, 10
147, 203.430, 59.950, 10
148, 224.300, 59.950, 10
149, 245.170, 59.950, 10
150, 266.040, 59.950, 10
151, 286.910, 59.950, 10
152, 307.780, 59.950, 10
153, 328.650, 59.950, 10
154, 349.520, 59.950, 10
155, 370.390, 59.950, 13
156, 391.260, 59.950, 13
157, 412.130, 59.950, 13
158, 433.000, 59.950, 13
159, 453.870, 59.950, 13
160, 474.740, 59.950, 13
161, 495.610, 59.950, 13
162, 516.480, 59.950, 13
163, 537.350, 59.950, 13
164, 558.220, 59.950, 13
165, 579.090, 59.950, 13
166, 599.960, 59.950, 7
167, 620.830, 59.950, 7
168, 641.700, 59.950, 7
169, 662.570, 59.950, 7
170, 683.440, 59.950, 7
171, 704.310, 59.950, 7
172, 725.180, 59.950, 7
173, 746.050, 59.950, 7
174, 766.920, 59.950, 4
175, 787.790, 59.950, 4
176, 808.660, 59.950, 4
177, 829.530, 59.950, 4
178, 850.400, 59.950, 4
179, 140.820, 68.450, 10
180, 161.690, 68.450, 10
181, 182.560, 68.450, 10
182, 203.430, 68.450, 10
183, 224.300, 68.450, 10
184, 245.170, 68.450, 10
185, 266.040, 68.450, 10
186, 286.910, 68.450, 10
187, 307.780, 68.450, 10
188, 328.650, 68.450, 10
189, 349.520, 68.450, 10
190, 370.390, 68.450, 13
191, 391.260, 68.450, 13
192, 412.130, 68.450, 13
193, 433.000, 68.450, 13
194, 453.870, 68.450, 13
195, 474.740, 68.450, 13
196, 495.610, 68.450, 13
197, 516.480, 68.450, 13
198, 537.350, 68.450, 13
199, 558.220, 68.450, 13
200, 579.090, 68.450, 13
201, 599.960, 68.450, 7
202, 620.830, 68.450, 7
203, 641.700, 68.450, 7
204, 662.570, 68.450, 7
205, 683.440, 68.450, 7
206, 704.310, 68.450, 7
207, 725.180, 68.450, 7
208, 746.050, 68.450, 7
209, 766.920, 68.450, 4
210, 787.790, 68.450, 4
211, 808.660, 68.450, 4
212, 829.530, 68.450, 4
213, 850.400, 68.450, 4
214, 871.270, 68.450, 4
215, 892.140, 68.450, 4
216, 913.010, 68.450, 4
217, 140.820, 76.950, 10
218, 161.690, 76.950, 10
219, 182.560, 76.950, 10
220, 203.430, 76.950, 10
221, 224.300, 76.950, 10
222, 245.170, 76.950, 10
223, 266.040, 76.950, 10
224, 286.910, 76.950, 10
225, 307.780, 76.950, 10
226, 328.650, 76.950, 10
227, 349.520, 76.950, 10
228, 370.390, 76.950, 13
229, 391.260, 76.950, 13
230, 412.130, 76.950, 13
231, 433.000, 76.950, 13
232, 453.870, 76.950, 13
233, 474.740, 76.950, 13
234, 495.610, 76.950, 13
235, 516.480, 76.950, 13
236, 537.350, 76.950, 13
237, 558.220, 76.950, 13
238, 579.090, 76.950, 13
239, 599.960, 76.950, 7
240, 620.830, 76.950, 7
241, 641.700, 76.950, 7
242, 662.570, 76.950, 7
243, 683.440, 76.950, 7
244, 704.310, 76.950, 7
245, 725.180, 76.950, 7
246, 746.050, 76.950, 7
247, 766.920, 76.950, 4
248, 787.790, 76.950, 4
249, 808.660, 76.950, 4
250, 829.530, 76.950, 4
251, 850.400, 76.950, 4
252, 871.270, 76.950, 4
253, 892.140, 76.950, 4
254, 913.010, 76.950, 4
255, 933.880, 76.950, 4
256, 954.750, 76.950, 4
257, 975.620, 76.950, 4
258, 140.820, 85.450, 10
259, 161.690, 85.450, 10
260, 182.560, 85.450, 10
261, 203.430, 85.450, 10
262, 224.300, 85.450, 10
263, 245.170, 85.450, 10
264, 266.040, 85.450, 10
265, 286.910, 85.450, 10
266, 307.780, 85.450, 10
267, 328.650, 85.450, 10
268, 349.520, 85.450, 10
269, 370.390, 85.450, 13
270, 391.260, 85.450, 13
271, 412.130, 85.450, 13
272, 433.000, 85.450, 13
273, 453.870, 85.450, 13
274, 474.740, 85.450, 13
275, 495.610, 85.450, 13
276, 516.480, 85.450, 13
277, 537.350, 85.450, 13
278, 558.220, 85.450, 13
279, 579.090, 85.450, 13
280, 599.960, 85.450, 7
281, 620.830, 85.450, 7
282, 641.700, 85.450, 7
283, 662.570, 85.450, 7
284, 683.440, 85.450, 7
285, 704.310, 85.450, 7
286, 725.180, 85.450, 7
287, 746.050, 85.450, 7
288, 766.920, 85.450, 4
289, 787.790, 85.450, 4
290, 808.660, 85.450, 4
291, 829.530, 85.450, 4
292, 850.400, 85.450, 4
293, 871.270, 85.450, 4
294, 892.140, 85.450, 4
295, 913.010, 85.450, 4
296, 933.880, 85.450, 4
297, 954.750, 85.450, 4
298, 119.950, 93.950, 2
299, 140.820, 93.950, 10
300, 161.690, 93.950, 10
301, 182.560, 93.950, 10
302, 203.430, 93.950, 10
303, 224.300, 93.950, 10
304, 245.170, 93.950, 10
305, 266.040, 93.950, 10
306, 286.910, 93.950, 10
307, 307.780, 93.950, 10
308, 328.650, 93.950, 10
309, 349.520, 93.950, 10
310, 370.390, 93.950, 3
311, 391.260, 93.950, 3
312, 412.130, 93.950, 3
313, 433.000, 93.950, 3
314, 453.870, 93.950, 3
315, 474.740, 93.950, 3
316, 495.610, 93.950, 3
317, 516.480, 93.950, 3
318, 537.350, 93.950, 3
319, 558.220, 93.950, 3
320, 579.090, 93.950, 7
321, 599.960, 93.950, 7
322, 620.830, 93.950, 7
323, 641.700, 93.950, 7
324, 662.570, 93.950, 7
325, 683.440, 93.950, 7
326, 704.310, 93.950, 7
327, 725.180, 93.950, 7
328, 746.050, 93.950, 7
329, 766.920, 93.950, 4
330, 787.790, 93.950, 4
331, 808.660, 93.950, 4
332, 829.530, 93.950, 4
333, 850.400, 93.950, 4
334, 871.270, 93.950, 4
335, 892.140, 93.950, 4
336, 913.010, 93.950, 4
337, 933.880, 93.950, 4
338, 954.750, 93.950, 4
339, 119.950, 102.450, 2
340, 140.820, 102.450, 2
341, 161.690, 102.450, 2
342, 182.560, 102.450, 2
343, 203.430, 102.450, 2
344, 224.300, 102.450, 2
345, 245.170, 102.450, 2
346, 266.040, 102.450, 2
347, 286.910, 102.450, 2
348, 307.780, 102.450, 2
349, 328.650, 102.450, 2
350, 349.520, 102.450, 2
351, 370.390, 102.450, 3
352, 391.260, 102.450, 3
353, 412.130, 102.450, 3
354, 433.000, 102.450, 3
355, 453.870, 102.450, 3
356, 474.740, 102.450, 3
357, 495.610, 102.450, 3
358, 516.480, 102.450, 3
359, 537.350, 102.450, 3
360, 558.220, 102.450, 3
361, 579.090, 102.450, 3
362, 599.960, 102.450, 7
363, 620.830, 102.450, 7
364, 641.700, 102.450, 7
365, 662.570, 102.450, 7
366, 683.440, 102.450, 7
367, 704.310, 102.450, 7
368, 725.180, 102.450, 7
369, 746.050, 102.450, 7
370, 766.920, 102.450, 4
371, 787.790, 102.450, 4
372, 808.660, 102.450, 4
373, 829.530, 102.450, 4
374, 850.400, 102.450, 4
375, 871.270, 102.450, 4
376, 892.140, 102.450, 4
377, 913.010, 102.450, 4
378, 933.880, 102.450, 4
379, 954.750, 102.450, 4
380, 119.950, 110.950, 2
381, 140.820, 110.950, 2
382, 161.690, 110.950, 2
383, 182.560, 110.950, 2
384, 203.430, 110.950, 2
385, 224.300, 110.950, 2
386, 245.170, 110.950, 2
387, 266.040, 110.950, 2
388, 286.910, 110.950, 2
389, 307.780, 110.950, 2
390, 328.650, 110.950, 2
391, 349.520, 110.950, 2
392, 370.390, 110.950, 3
393, 391.260, 110.950, 3
394, 412.130, 110.950, 3
395, 433.000, 110.950, 3
396, 453.870, 110.950, 3
397, 474.740, 110.950, 3
398, 495.610, 110.950, 3
399, 516.480, 110.950, 3
400, 537.350, 110.950, 3
401, 558.220, 110.950, 3
402, 579.090, 110.950, 3
403, 599.960, 110.950, 7
404, 620.830, 110.950, 7
405, 641.700, 110.950, 7
406, 662.570, 110.950, 7
407, 683.440, 110.950, 7
408, 704.310, 110.950, 7
409, 725.180, 110.950, 7
410, 746.050, 110.950, 7
411, 766.920, 110.950, 4
412, 787.790, 110.950, 4
413, 808.660, 110.950, 4
414, 829.530, 110.950, 4
415, 850.400, 110.950, 4
416, 871.270, 110.950, 4
417, 892.140, 110.950, 4
418, 913.010, 110.950, 4
419, 933.880, 110.950, 4
420, 119.950, 119.450, 2
421, 140.820, 119.450, 2
422, 161.690, 119.450, 2
423, 182.560, 119.450, 2
424, 203.430, 119.450, 2
425, 224.300, 119.450, 2
426, 245.170, 119.450, 2
427, 266.040, 119.450, 2
428, 286.910, 119.450, 2
429, 307.780, 119.450, 2
430, 328.650, 119.450, 2
431, 349.520, 119.450, 2
432, 370.390, 119.450, 3
433, 391.260, 119.450, 3
434, 412.130, 119.450, 3
435, 433.000, 119.450, 3
436, 453.870, 119.450, 3
437, 474.740, 119.450, 3
438, 495.610, 119.450, 3
439, 516.480, 119.450, 3
440, 537.350, 119.450, 3
441, 558.220, 119.450, 3
442, 579.090, 119.450, 3
443, 599.960, 119.450, 7
444, 620.830, 119.450, 7
445, 641.700, 119.450, 7
446, 662.570, 119.450, 7
447, 683.440, 119.450, 7
448, 704.310, 119.450, 7
449, 725.180, 119.450, 7
450, 746.050, 119.450, 7
451, 766.920, 119.450, 4
452, 787.790, 119.450, 4
453, 808.660, 119.450, 4
454, 829.530, 119.450, 4
455, 850.400, 119.450, 4
456, 871.270, 119.450, 4
457, 892.140, 119.450, 4
458, 913.010, 119.450, 4
459, 933.880, 119.450, 4
460, 119.950, 127.950, 2
461, 140.820, 127.950, 2
462, 161.690, 127.950, 2
463, 182.560, 127.950, 2
464, 203.430, 127.950, 2
465, 224.300, 127.950, 2
466, 245.170, 127.950, 2
467, 266.040, 127.950, 2
468, 286.910, 127.950, 2
469, 307.780, 127.950, 2
470, 328.650, 127.950, 2
471, 349.520, 127.950, 2
472, 370.390, 127.950, 3
473, 391.260, 127.950, 3
474, 412.130, 127.950, 3
475, 433.000, 127.950, 3
476, 453.870, 127.950, 3
477, 474.740, 127.950, 3
478, 495.610, 127.950, 3
479, 516.480, 127.950, 3
480, 537.350, 127.950, 3
481, 558.220, 127.950, 3
482, 579.090, 127.950, 3
483, 599.960, 127.950, 7
484, 620.830, 127.950, 7
485, 641.700, 127.950, 7
486, 662.570, 127.950, 7
487, 683.440, 127.950, 7
488, 704.310, 127.950, 7
489, 725.180, 127.950, 7
490, 746.050, 127.950, 7
491, 766.920, 127.950, 4
492, 787.790, 127.950, 4
493, 808.660, 127.950, 4
494, 829.530, 127.950, 4
495, 850.400, 127.950, 4
496, 871.270, 127.950, 4
497, 892.140, 127.950, 4
498, 913.010, 127.950, 4
499, 933.880, 127.950, 4
500, 119.950, 136.450, 2
501, 140.820, 136.450, 2
502, 161.690, 136.450, 2
503, 182.560, 136.450, 2
504, 203.430, 136.450, 2
505, 224.300, 136.450, 2
506, 245.170, 136.450, 2
507, 266.040, 136.450, 2
508, 286.910, 136.450, 2
509, 307.780, 136.450, 2
510, 328.650, 136.450, 2
511, 349.520, 136.450, 2
512, 370.390, 136.450, 3
513, 391.260, 136.450, 3
514, 412.130, 136.450, 3
515, 433.000, 136.450, 3
516, 453.870, 136.450, 3
517, 474.740, 136.450, 3
518, 495.610, 136.450, 3
519, 516.480, 136.450, 3
520, 537.350, 136.450, 3
521, 558.220, 136.450, 3
522, 579.090, 136.450, 3
523, 599.960, 136.450, 7
524, 620.830, 136.450, 7
525, 641.700, 136.450, 7
526, 662.570, 136.450, 7
527, 683.440, 136.450, 7
528, 704.310, 136.450, 7
529, 725.180, 136.450, 7
530, 746.050, 136.450, 7
531, 766.920, 136.450, 4
532, 787.790, 136.450, 4
533, 808.660, 136.450, 4
534, 829.530, 136.450, 4
535, 850.400, 136.450, 4
536, 871.270, 136.450, 4
537, 892.140, 136.450, 4
538, 913.010, 136.450, 4
539, 933.880, 136.450, 4
540, 119.950, 144.950, 2
541, 140.820, 144.950, 2
542, 161.690, 144.950, 2
543, 182.560, 144.950, 2
544, 203.430, 144.950, 2
545, 224.300, 144.950, 2
546, 245.170, 144.950, 2
547, 266.040, 144.950, 2
548, 286.910, 144.950, 2
549, 307.780, 144.950, 2
550, 328.650, 144.950, 2
551, 349.520, 144.950, 2
552, 370.390, 144.950, 3
553, 391.260, 144.950, 3
554, 412.130, 144.950, 3
555, 433.000, 144.950, 3
556, 453.870, 144.950, 3
557, 474.740, 144.950, 3
558, 495.610, 144.950, 3
559, 516.480, 144.950, 3
560, 537.350, 144.950, 3
561, 558.220, 144.950, 3
562, 579.090, 144.950, 3
563, 599.960, 144.950, 3
564, 620.830, 144.950, 6
565, 641.700, 144.950, 6
566, 662.570, 144.950, 7
567, 683.440, 144.950, 7
568, 704.310, 144.950, 7
569, 725.180, 144.950, 7
570, 746.050, 144.950, 7
571, 766.920, 144.950, 4
572, 787.790, 144.950, 4
573, 808.660, 144.950, 4
574, 829.530, 144.950, 4
575, 850.400, 144.950, 4
576, 871.270, 144.950, 4
577, 892.140, 144.950, 4
578, 913.010, 144.950, 4
579, 119.950, 153.450, 2
580, 140.820, 153.450, 2
581, 161.690, 153.450, 2
582, 182.560, 153.450, 2
583, 203.430, 153.450, 2
584, 224.300, 153.450, 2
585, 245.170, 153.450, 2
586, 266.040, 153.450, 2
587, 286.910, 153.450, 2
588, 307.780, 153.450, 2
589, 328.650, 153.450, 2
590, 349.520, 153.450, 2
591, 370.390, 153.450, 3
592, 391.260, 153.450, 3
593, 412.130, 153.450, 3
594, 433.000, 153.450, 3
595, 453.870, 153.450, 3
596, 474.740, 153.450, 3
597, 495.610, 153.450, 3
598, 516.480, 153.450, 3
599, 537.350, 153.450, 3
600, 558.220, 153.450, 3
601, 579.090, 153.450, 3
602, 599.960, 153.450, 3
603, 620.830, 153.450, 6
604, 641.700, 153.450, 6
605, 662.570, 153.450, 6
606, 683.440, 153.450, 6
607, 704.310, 153.450, 6
608, 725.180, 153.450, 6
609, 746.050, 153.450, 7
610, 766.920, 153.450, 4
611, 787.790, 153.450, 4
612, 808.660, 153.450, 4
613, 829.530, 153.450, 4
614, 850.400, 153.450, 4
615, 871.270, 153.450, 4
616, 892.140, 153.450, 4
617, 913.010, 153.450, 4
618, 119.950, 161.950, 2
619, 140.820, 161.950, 2
620, 161.690, 161.950, 2
621, 182.560, 161.950, 2
622, 203.430, 161.950, 2
623, 224.300, 161.950, 2
624, 245.170, 161.950, 2
625, 266.040, 161.950, 2
626, 286.910, 161.950, 2
627, 307.780, 161.950, 2
628, 328.650, 161.950, 2
629, 349.520, 161.950, 2
630, 370.390, 161.950, 3
631, 391.260, 161.950, 3
632, 412.130, 161.950, 3
633, 433.000, 161.950, 3
634, 453.870, 161.950, 3
635, 474.740, 161.950, 3
636, 495.610, 161.950, 3
637, 516.480, 161.950, 3
638, 537.350, 161.950, 3
639, 558.220, 161.950, 3
640, 579.090, 161.950, 6
641, 599.960, 161.950, 6
642, 620.830, 161.950, 6
643, 641.700, 161.950, 6
644, 662.570, 161.950, 6
645, 683.440, 161.950, 6
646, 704.310, 161.950, 6
647, 725.180, 161.950, 6
648, 746.050, 161.950, 8
649, 766.920, 161.950, 8
650, 787.790, 161.950, 8
651, 808.660, 161.950, 8
652, 829.530, 161.950, 8
653, 850.400, 161.950, 8
654, 871.270, 161.950, 8
655, 892.140, 161.950, 8
656, 913.010, 161.950, 4
657, 119.950, 170.450, 2
658, 140.820, 170.450, 2
659, 161.690, 170.450, 2
660, 182.560, 170.450, 2
661, 203.430, 170.450, 2
662, 224.300, 170.450, 2
663, 245.170, 170.450, 2
664, 266.040, 170.450, 2
665, 286.910, 170.450, 2
666, 307.780, 170.450, 2
667, 328.650, 170.450, 2
668, 349.520, 170.450, 2
669, 370.390, 170.450, 3
670, 391.260, 170.450, 3
671, 412.130, 170.450, 3
672, 433.000, 170.450, 3
673, 453.870, 170.450, 3
674, 474.740, 170.450, 3
675, 495.610, 170.450, 3
676, 516.480, 170.450, 3
677, 537.350, 170.450, 3
678, 558.220, 170.450, 3
679, 579.090, 170.450, 6
680, 599.960, 170.450, 6
681, 620.830, 170.450, 6
682, 641.700, 170.450, 6
683, 662.570, 170.450, 6
684, 683.440, 170.450, 6
685, 704.310, 170.450, 6
686, 725.180, 170.450, 6
687, 746.050, 170.450, 8
688, 766.920, 170.450, 8
689, 787.790, 170.450, 8
690, 808.660, 170.450, 8
691, 829.530, 170.450, 8
692, 850.400, 170.450, 8
693, 871.270, 170.450, 8
694, 892.140, 170.450, 8
695, 119.950, 178.950, 5
696, 140.820, 178.950, 5
697, 161.690, 178.950, 5
698, 182.560, 178.950, 5
699, 203.430, 178.950, 5
700, 224.300, 178.950, 5
701, 245.170, 178.950, 5
702, 266.040, 178.950, 5
703, 286.910, 178.950, 5
704, 307.780, 178.950, 5
705, 328.650, 178.950, 5
706, 349.520, 178.950, 5
707, 370.390, 178.950, 11
708, 391.260, 178.950, 11
709, 412.130, 178.950, 11
710, 433.000, 178.950, 11
711, 453.870, 178.950, 11
712, 474.740, 178.950, 11
713, 495.610, 178.950, 11
714, 516.480, 178.950, 11
715, 537.350, 178.950, 11
716, 558.220, 178.950, 11
717, 579.090, 178.950, 6
718, 599.960, 178.950, 6
719, 620.830, 178.950, 6
720, 641.700, 178.950, 6
721, 662.570, 178.950, 6
722, 683.440, 178.950, 6
723, 704.310, 178.950, 6
724, 725.180, 178.950, 6
725, 746.050, 178.950, 8
726, 766.920, 178.950, 8
727, 787.790, 178.950, 8
728, 808.660, 178.950, 8
729, 829.530, 178.950, 8
730, 850.400, 178.950, 8
731, 871.270, 178.950, 8
732, 892.140, 178.950, 8
733, 119.950, 187.450, 5
734, 140.820, 187.450, 5
735, 161.690, 187.450, 5
736, 182.560, 187.450, 5
737, 203.430, 187.450, 5
738, 224.300, 187.450, 5
739, 245.170, 187.450, 5
740, 266.040, 187.450, 5
741, 286.910, 187.450, 5
742, 307.780, 187.450, 5
743, 328.650, 187.450, 5
744, 349.520, 187.450, 5
745, 370.390, 187.450, 11
746, 391.260, 187.450, 11
747, 412.130, 187.450, 11
748, 433.000, 187.450, 11
749, 453.870, 187.450, 11
750, 474.740, 187.450, 11
751, 495.610, 187.450, 11
752, 516.480, 187.450, 11
753, 537.350, 187.450, 11
754, 558.220, 187.450, 11
755, 579.090, 187.450, 6
756, 599.960, 187.450, 6
757, 620.830, 187.450, 6
758, 641.700, 187.450, 6
759, 662.570, 187.450, 6
760, 683.440, 187.450, 6
761, 704.310, 187.450, 6
762, 725.180, 187.450, 6
763, 746.050, 187.450, 8
764, 766.920, 187.450, 8
765, 787.790, 187.450, 8
766, 808.660, 187.450, 8
767, 829.530, 187.450, 8
768, 850.400, 187.450, 8
769, 871.270, 187.450, 8
770, 892.140, 187.450, 8
771, 99.080, 195.950, 5
772, 119.950, 195.950, 5
773, 140.820, 195.950, 5
774, 161.690, 195.950, 5
775, 182.560, 195.950, 5
776, 203.430, 195.950, 5
777, 224.300, 195.950, 5
778, 245.170, 195.950, 5
779, 266.040, 195.950, 5
780, 286.910, 195.950, 5
781, 307.780, 195.950, 5
782, 328.650, 195.950, 5
783, 349.520, 195.950, 5
784, 370.390, 195.950, 11
785, 391.260, 195.950, 11
786, 412.130, 195.950, 11
787, 433.000, 195.950, 11
788, 453.870, 195.950, 11
789, 474.740, 195.950, 11
790, 495.610, 195.950, 11
791, 516.480, 195.950, 11
792, 537.350, 195.950, 11
793, 558.220, 195.950, 11
794, 579.090, 195.950, 6
795, 599.960, 195.950, 6
796, 620.830, 195.950, 6
797, 641.700, 195.950, 6
798, 662.570, 195.950, 6
799, 683.440, 195.950, 6
800, 704.310, 195.950, 6
801, 725.180, 195.950, 6
802, 746.050, 195.950, 8
803, 766.920, 195.950, 8
804, 787.790, 195.950, 8
805, 808.660, 195.950, 8
806, 829.530, 195.950, 8
807, 850.400, 195.950, 8
808, 871.270, 195.950, 8
809, 892.140, 195.950, 8
810, 99.080, 204.450, 5
811, 119.950, 204.450, 5
812, 140.820, 204.450, 5
813, 161.690, 204.450, 5
814, 182.560, 204.450, 5
815, 203.430, 204.450, 5
816, 224.300, 204.450, 5
817, 245.170, 204.450, 5
818, 266.040, 204.450, 5
819, 286.910, 204.450, 5
820, 307.780, 204.450, 5
821, 328.650, 204.450, 5
822, 349.520, 204.450, 5
823, 370.390, 204.450, 11
824, 391.260, 204.450, 11
825, 412.130, 204.450, 11
826, 433.000, 204.450, 11
827, 453.870, 204.450, 11
828, 474.740, 204.450, 11
829, 495.610, 204.450, 11
830, 516.480, 204.450, 11
831, 537.350, 204.450, 11
832, 558.220, 204.450, 11
833, 579.090, 204.450, 6
834, 599.960, 204.450, 6
835, 620.830, 204.450, 6
836, 641.700, 204.450, 6
837, 662.570, 204.450, 6
838, 683.440, 204.450, 6
839, 704.310, 204.450, 6
840, 725.180, 204.450, 6
841, 746.050, 204.450, 8
842, 766.920, 204.450, 8
843, 787.790, 204.450, 8
844, 808.660, 204.450, 8
845, 829.530, 204.450, 8
846, 850.400, 204.450, 8
847, 871.270, 204.450, 8
848, 119.950, 212.950, 5
849, 140.820, 212.950, 5
850, 161.690, 212.950, 5
851, 182.560, 212.950, 5
852, 203.430, 212.950, 5
853, 224.300, 212.950, 5
854, 245.170, 212.950, 5
855, 266.040, 212.950, 5
856, 286.910, 212.950, 5
857, 307.780, 212.950, 5
858, 328.650, 212.950, 5
859, 349.520, 212.950, 5
860, 370.390, 212.950, 11
861, 391.260, 212.950, 11
862, 412.130, 212.950, 11
863, 433.000, 212.950, 11
864, 453.870, 212.950, 11
865, 474.740, 212.950, 11
866, 495.610, 212.950, 11
867, 516.480, 212.950, 11
868, 537.350, 212.950, 11
869, 558.220, 212.950, 11
870, 579.090, 212.950, 6
871, 599.960, 212.950, 6
872, 620.830, 212.950, 6
873, 641.700, 212.950, 6
874, 662.570, 212.950, 6
875, 683.440, 212.950, 6
876, 704.310, 212.950, 6
877, 725.180, 212.950, 8
878, 746.050, 212.950, 8
879, 766.920, 212.950, 8
880, 787.790, 212.950, 8
881, 808.660, 212.950, 8
882, 829.530, 212.950, 8
883, 850.400, 212.950, 8
884, 871.270, 212.950, 8
885, 119.950, 221.450, 5
886, 140.820, 221.450, 5
887, 161.690, 221.450, 5
888, 182.560, 221.450, 5
889, 203.430, 221.450, 5
890, 224.300, 221.450, 5
891, 245.170, 221.450, 5
892, 266.040, 221.450, 5
893, 286.910, 221.450, 5
894, 307.780, 221.450, 5
895, 328.650, 221.450, 5
896, 349.520, 221.450, 5
897, 370.390, 221.450, 11
898, 391.260, 221.450, 11
899, 412.130, 221.450, 11
900, 433.000, 221.450, 11
901, 453.870, 221.450, 11
902, 474.740, 221.450, 11
903, 495.610, 221.450, 11
904, 516.480, 221.450, 11
905, 537.350, 221.450, 11
906, 558.220, 221.450, 11
907, 579.090, 221.450, 6
908, 599.960, 221.450, 6
909, 620.830, 221.450, 6
910, 641.700, 221.450, 6
911, 662.570, 221.450, 6
912, 683.440, 221.450, 6
913, 704.310, 221.450, 6
914, 725.180, 221.450, 8
915, 746.050, 221.450, 8
916, 766.920, 221.450, 8
917, 787.790, 221.450, 8
918, 808.660, 221.450, 8
919, 829.530, 221.450, 8
920, 850.400, 221.450, 8
921, 871.270, 221.450, 8
922, 119.950, 229.950, 5
923, 140.820, 229.950, 5
924, 161.690, 229.950, 5
925, 182.560, 229.950, 5
926, 203.430, 229.950, 5
927, 224.300, 229.950, 5
928, 245.170, 229.950, 5
929, 266.040, 229.950, 5
930, 286.910, 229.950, 5
931, 307.780, 229.950, 5
932, 328.650, 229.950, 5
933, 349.520, 229.950, 5
934, 370.390, 229.950, 11
935, 391.260, 229.950, 11
936, 412.130, 229.950, 11
937, 433.000, 229.950, 11
938, 453.870, 229.950, 11
939, 474.740, 229.950, 11
940, 495.610, 229.950, 11
941, 516.480, 229.950, 11
942, 537.350, 229.950, 11
943, 558.220, 229.950, 11
944, 579.090, 229.950, 6
945, 599.960, 229.950, 6
946, 620.830, 229.950, 6
947, 641.700, 229.950, 6
948, 662.570, 229.950, 6
949, 683.440, 229.950, 6
950, 704.310, 229.950, 6
951, 725.180, 229.950, 8
952, 746.050, 229.950, 8
953, 766.920, 229.950, 8
954, 787.790, 229.950, 8
955, 808.660, 229.950, 8
956, 829.530, 229.950, 8
957, 850.400, 229.950, 8
958, 871.270, 229.950, 8
959, 119.950, 238.450, 5
960, 140.820, 238.450, 5
961, 161.690, 238.450, 5
962, 182.560, 238.450, 5
963, 203.430, 238.450, 5
964, 224.300, 238.450, 5
965, 245.170, 238.450, 5
966, 266.040, 238.450, 5
967, 286.910, 238.450, 5
968, 307.780, 238.450, 5
969, 328.650, 238.450, 5
970, 349.520, 238.450, 5
971, 370.390, 238.450, 11
972, 391.260, 238.450, 11
973, 412.130, 238.450, 11
974, 433.000, 238.450, 11
975, 453.870, 238.450, 11
976, 474.740, 238.450, 11
977, 495.610, 238.450, 11
978, 516.480, 238.450, 11
979, 537.350, 238.450, 11
980, 558.220, 238.450, 11
981, 579.090, 238.450, 6
982, 599.960, 238.450, 6
983, 620.830, 238.450, 6
984, 641.700, 238.450, 6
985, 662.570, 238.450, 6
986, 683.440, 238.450, 6
987, 704.310, 238.450, 6
988, 725.180, 238.450, 8
989, 746.050, 238.450, 8
990, 766.920, 238.450, 8
991, 787.790, 238.450, 8
992, 808.660, 238.450, 8
993, 829.530, 238.450, 8
994, 850.400, 238.450, 8
995, 140.820, 246.950, 5
996, 161.690, 246.950, 5
997, 182.560, 246.950, 5
998, 203.430, 246.950, 5
999, 224.300, 246.950, 5
1000, 245.170, 246.950, 5
1001, 266.040, 246.950, 5
1002, 286.910, 246.950, 5
1003, 307.780, 246.950, 5
1004, 328.650, 246.950, 5
1005, 349.520, 246.950, 5
1006, 370.390, 246.950, 11
1007, 391.260, 246.950, 11
1008, 412.130, 246.950, 11
1009, 433.000, 246.950, 11
1010, 453.870, 246.950, 11
1011, 474.740, 246.950, 11
1012, 495.610, 246.950, 11
1013, 516.480, 246.950, 11
1014, 537.350, 246.950, 11
1015, 558.220, 246.950, 11
1016, 579.090, 246.950, 6
1017, 599.960, 246.950, 6
1018, 620.830, 246.950, 6
1019, 641.700, 246.950, 6
1020, 662.570, 246.950, 6
1021, 683.440, 246.950, 6
1022, 704.310, 246.950, 6
1023, 725.180, 246.950, 8
1024, 746.050, 246.950, 8
1025, 766.920, 246.950, 8
1026, 787.790, 246.950, 8
1027, 808.660, 246.950, 8
1028, 829.530, 246.950, 8
1029, 850.400, 246.950, 8
1030, 140.820, 255.450, 1
1031, 161.690, 255.450, 1
1032, 182.560, 255.450, 1
1033, 203.430, 255.450, 1
1034, 224.300, 255.450, 1
1035, 245.170, 255.450, 1
1036, 266.040, 255.450, 1
1037, 286.910, 255.450, 1
1038, 307.780, 255.450, 1
1039, 328.650, 255.450, 1
1040, 349.520, 255.450, 1
1041, 370.390, 255.450, 11
1042, 391.260, 255.450, 11
1043, 412.130, 255.450, 11
1044, 433.000, 255.450, 11
1045, 453.870, 255.450, 11
1046, 474.740, 255.450, 11
1047, 495.610, 255.450, 11
1048, 516.480, 255.450, 11
1049, 537.350, 255.450, 11
1050, 558.220, 255.450, 11
1051, 579.090, 255.450, 6
1052, 599.960, 255.450, 6
1053, 620.830, 255.450, 6
1054, 641.700, 255.450, 6
1055, 662.570, 255.450, 6
1056, 683.440, 255.450, 6
1057, 704.310, 255.450, 8
1058, 725.180, 255.450, 8
1059, 746.050, 255.450, 8
1060, 766.920, 255.450, 8
1061, 787.790, 255.450, 8
1062, 808.660, 255.450, 8
1063, 829.530, 255.450, 8
1064, 850.400, 255.450, 8
1065, 140.820, 263.950, 1
1066, 161.690, 263.950, 1
1067, 182.560, 263.950, 1
1068, 203.430, 263.950, 1
1069, 224.300, 263.950, 1
1070, 245.170, 263.950, 1
1071, 266.040, 263.950, 1
1072, 286.910, 263.950, 1
1073, 307.780, 263.950, 1
1074, 328.650, 263.950, 1
1075, 349.520, 263.950, 1
1076, 370.390, 263.950, 1
1077, 391.260, 263.950, 11
1078, 412.130, 263.950, 11
1079, 433.000, 263.950, 11
1080, 453.870, 263.950, 11
1081, 474.740, 263.950, 11
1082, 495.610, 263.950, 11
1083, 516.480, 263.950, 11
1084, 537.350, 263.950, 11
1085, 558.220, 263.950, 11
1086, 579.090, 263.950, 6
1087, 599.960, 263.950, 6
1088, 620.830, 263.950, 6
1089, 641.700, 263.950, 6
1090, 662.570, 263.950, 6
1091, 683.440, 263.950, 6
1092, 704.310, 263.950, 8
1093, 725.180, 263.950, 8
1094, 746.050, 263.950, 8
1095, 766.920, 263.950, 8
1096, 787.790, 263.950, 8
1097, 808.660, 263.950, 8
1098, 829.530, 263.950, 8
1099, 140.820, 272.450, 1
1100, 161.690, 272.450, 1
1101, 182.560, 272.450, 1
1102, 203.430, 272.450, 1
1103, 224.300, 272.450, 1
1104, 245.170, 272.450, 1
1105, 266.040, 272.450, 1
1106, 286.910, 272.450, 1
1107, 307.780, 272.450, 1
1108, 328.650, 272.450, 1
1109, 349.520, 272.450, 1
1110, 370.390, 272.450, 12
1111, 391.260, 272.450, 12
1112, 412.130, 272.450, 12
1113, 433.000, 272.450, 12
1114, 453.870, 272.450, 12
1115, 474.740, 272.450, 12
1116, 495.610, 272.450, 12
1117, 516.480, 272.450, 12
1118, 537.350, 272.450, 12
1119, 558.220, 272.450, 12
1120, 579.090, 272.450, 6
1121, 599.960, 272.450, 6
1122, 620.830, 272.450, 6
1123, 641.700, 272.450, 6
1124, 662.570, 272.450, 6
1125, 683.440, 272.450, 6
1126, 704.310, 272.450, 8
1127, 725.180, 272.450, 8
1128, 746.050, 272.450, 8
1129, 766.920, 272.450, 8
1130, 787.790, 272.450, 8
1131, 808.660, 272.450, 8
1132, 829.530, 272.450, 8
1133, 140.820, 280.950, 1
1134, 161.690, 280.950, 1
1135, 182.560, 280.950, 1
1136, 203.430, 280.950, 1
1137, 224.300, 280.950, 1
1138, 245.170, 280.950, 1
1139, 266.040, 280.950, 1
1140, 286.910, 280.950, 1
1141, 307.780, 280.950, 1
1142, 328.650, 280.950, 1
1143, 349.520, 280.950, 1
1144, 370.390, 280.950, 12
1145, 391.260, 280.950, 12
1146, 412.130, 280.950, 12
1147, 433.000, 280.950, 12
1148, 453.870, 280.950, 12
1149, 474.740, 280.950, 12
1150, 495.610, 280.950, 12
1151, 516.480, 280.950, 12
1152, 537.350, 280.950, 12
1153, 558.220, 280.950, 12
1154, 579.090, 280.950, 12
1155, 599.960, 280.950, 9
1156, 620.830, 280.950, 9
1157, 641.700, 280.950, 9
1158, 662.570, 280.950, 9
1159, 683.440, 280.950, 9
1160, 704.310, 280.950, 9
1161, 725.180, 280.950, 9
1162, 746.050, 280.950, 9
1163, 766.920, 280.950, 9
1164, 787.790, 280.950, 9
1165, 808.660, 280.950, 8
1166, 829.530, 280.950, 8
1167, 161.690, 289.450, 1
1168, 182.560, 289.450, 1
1169, 203.430, 289.450, 1
1170, 224.300, 289.450, 1
1171, 245.170, 289.450, 1
1172, 266.040, 289.450, 1
1173, 286.910, 289.450, 1
1174, 307.780, 289.450, 1
1175, 328.650, 289.450, 1
1176, 349.520, 289.450, 1
1177, 370.390, 289.450, 12
1178, 391.260, 289.450, 12
1179, 412.130, 289.450, 12
1180, 433.000, 289.450, 12
1181, 453.870, 289.450, 12
1182, 474.740, 289.450, 12
1183, 495.610, 289.450, 12
1184, 516.480, 289.450, 12
1185, 537.350, 289.450, 12
1186, 558.220, 289.450, 12
1187, 579.090, 289.450, 12
1188, 599.960, 289.450, 9
1189, 620.830, 289.450, 9
1190, 641.700, 289.450, 9
1191, 662.570, 289.450, 9
1192, 683.440, 289.450, 9
1193, 704.310, 289.450, 9
1194, 725.180, 289.450, 9
1195, 746.050, 289.450, 9
1196, 766.920, 289.450, 9
1197, 787.790, 289.450, 9
1198, 808.660, 289.450, 9
1199, 161.690, 297.950, 1
1200, 182.560, 297.950, 1
1201, 203.430, 297.950, 1
1202, 224.300, 297.950, 1
1203, 245.170, 297.950, 1
1204, 266.040, 297.950, 1
1205, 286.910, 297.950, 1
1206, 307.780, 297.950, 1
1207, 328.650, 297.950, 1
1208, 349.520, 297.950, 1
1209, 370.390, 297.950, 12
1210, 391.260, 297.950, 12
1211, 412.130, 297.950, 12
1212, 433.000, 297.950, 12
1213, 453.870, 297.950, 12
1214, 474.740, 297.950, 12
1215, 495.610, 297.950, 12
1216, 516.480, 297.950, 12
1217, 537.350, 297.950, 12
1218, 558.220, 297.950, 12
1219, 579.090, 297.950, 12
1220, 599.960, 297.950, 9
1221, 620.830, 297.950, 9
1222, 641.700, 297.950, 9
1223, 662.570, 297.950, 9
1224, 683.440, 297.950, 9
1225, 704.310, 297.950, 9
1226, 725.180, 297.950, 9
1227, 746.050, 297.950, 9
1228, 766.920, 297.950, 9
1229, 787.790, 297.950, 9
1230, 808.660, 297.950, 9
1231, 161.690, 306.450, 1
1232, 182.560, 306.450, 1
1233, 203.430, 306.450, 1
1234, 224.300, 306.450, 1
1235, 245.170, 306.450, 1
1236, 266.040, 306.450, 1
1237, 286.910, 306.450, 1
1238, 307.780, 306.450, 1
1239, 328.650, 306.450, 1
1240, 349.520, 306.450, 1
1241, 370.390, 306.450, 12
1242, 391.260, 306.450, 12
1243, 412.130, 306.450, 12
1244, 433.000, 306.450, 12
1245, 453.870, 306.450, 12
1246, 474.740, 306.450, 12
1247, 495.610, 306.450, 12
1248, 516.480, 306.450, 12
1249, 537.350, 306.450, 12
1250, 558.220, 306.450, 12
1251, 579.090, 306.450, 12
1252, 599.960, 306.450, 9
1253, 620.830, 306.450, 9
1254, 641.700, 306.450, 9
1255, 662.570, 306.450, 9
1256, 683.440, 306.450, 9
1257, 704.310, 306.450, 9
1258, 725.180, 306.450, 9
1259, 746.050, 306.450, 9
1260, 766.920, 306.450, 9
1261, 787.790, 306.450, 9
1262, 808.660, 306.450, 9
1263, 161.690, 314.950, 1
1264, 182.560, 314.950, 1
1265, 203.430, 314.950, 1
1266, 224.300, 314.950, 1
1267, 245.170, 314.950, 1
1268, 266.040, 314.950, 1
1269, 286.910, 314.950, 1
1270, 307.780, 314.950, 1
1271, 328.650, 314.950, 1
1272, 349.520, 314.950, 1
1273, 370.390, 314.950, 12
1274, 391.260, 314.950, 12
1275, 412.130, 314.950, 12
1276, 433.000, 314.950, 12
1277, 453.870, 314.950, 12
1278, 474.740, 314.950, 12
1279, 495.610, 314.950, 12
1280, 516.480, 314.950, 12
1281, 537.350, 314.950, 12
1282, 558.220, 314.950, 12
1283, 579.090, 314.950, 12
1284, 599.960, 314.950, 9
1285, 620.830, 314.950, 9
1286, 641.700, 314.950, 9
1287, 662.570, 314.950, 9
1288, 683.440, 314.950, 9
1289, 704.310, 314.950, 9
1290, 725.180, 314.950, 9
1291, 746.050, 314.950, 9
1292, 766.920, 314.950, 9
1293, 787.790, 314.950, 9
1294, 808.660, 314.950, 9
1295, 161.690, 323.450, 1
1296, 182.560, 323.450, 1
1297, 203.430, 323.450, 1
1298, 224.300, 323.450, 1
1299, 245.170, 323.450, 1
1300, 266.040, 323.450, 1
1301, 286.910, 323.450, 1
1302, 307.780, 323.450, 1
1303, 328.650, 323.450, 1
1304, 349.520, 323.450, 1
1305, 370.390, 323.450, 12
1306, 391.260, 323.450, 12
1307, 412.130, 323.450, 12
1308, 433.000, 323.450, 12
1309, 453.870, 323.450, 12
1310, 474.740, 323.450, 12
1311, 495.610, 323.450, 12
1312, 516.480, 323.450, 12
1313, 537.350, 323.450, 12
1314, 558.220, 323.450, 12
1315, 579.090, 323.450, 12
1316, 599.960, 323.450, 9
1317, 620.830, 323.450, 9
1318, 641.700, 323.450, 9
1319, 662.570, 323.450, 9
1320, 683.440, 323.450, 9
1321, 704.310, 323.450, 9
1322, 725.180, 323.450, 9
1323, 746.050, 323.450, 9
1324, 766.920, 323.450, 9
1325, 787.790, 323.450, 9
1326, 203.430, 331.950, 1
1327, 224.300, 331.950, 1
1328, 245.170, 331.950, 1
1329, 266.040, 331.950, 1
1330, 286.910, 331.950, 1
1331, 307.780, 331.950, 1
1332, 328.650, 331.950, 1
1333, 349.520, 331.950, 1
1334, 370.390, 331.950, 12
1335, 391.260, 331.950, 12
1336, 412.130, 331.950, 12
1337, 433.000, 331.950, 12
1338, 453.870, 331.950, 12
1339, 474.740, 331.950, 12
1340, 495.610, 331.950, 12
1341, 516.480, 331.950, 12
1342, 537.350, 331.950, 12
1343, 558.220, 331.950, 12
1344, 579.090, 331.950, 12
1345, 599.960, 331.950, 9
1346, 620.830, 331.950, 9
1347, 641.700, 331.950, 9
1348, 662.570, 331.950, 9
1349, 683.440, 331.950, 9
1350, 704.310, 331.950, 9
1351, 725.180, 331.950, 9
1352, 746.050, 331.950, 9
1353, 766.920, 331.950, 9
1354, 787.790, 331.950, 9
1355, 245.170, 340.450, 1
1356, 266.040, 340.450, 1
1357, 286.910, 340.450, 1
1358, 307.780, 340.450, 1
1359, 328.650, 340.450, 1
1360, 349.520, 340.450, 1
1361, 370.390, 340.450, 12
1362, 391.260, 340.450, 12
1363, 412.130, 340.450, 12
1364, 433.000, 340.450, 12
1365, 453.870, 340.450, 12
1366, 474.740, 340.450, 12
1367, 495.610, 340.450, 12
1368, 516.480, 340.450, 12
1369, 537.350, 340.450, 12
1370, 558.220, 340.450, 12
1371, 579.090, 340.450, 12
1372, 599.960, 340.450, 9
1373, 620.830, 340.450, 9
1374, 641.700, 340.450, 9
1375, 662.570, 340.450, 9
1376, 683.440, 340.450, 9
1377, 704.310, 340.450, 9
1378, 725.180, 340.450, 9
1379, 746.050, 340.450, 9
1380, 766.920, 340.450, 9
1381, 787.790, 340.450, 9
1382, 433.000, 348.950, 12
1383, 453.870, 348.950, 12
1384, 474.740, 348.950, 12
1385, 495.610, 348.950, 12
1386, 516.480, 348.950, 12
1387, 537.350, 348.950, 12
1388, 558.220, 348.950, 12
1389, 579.090, 348.950, 12
1390, 599.960, 348.950, 9
1391, 620.830, 348.950, 9
1392, 641.700, 348.950, 9
1393, 662.570, 348.950, 9
1394, 683.440, 348.950, 9
1395, 704.310, 348.950, 9
1396, 725.180, 348.950, 9
1397, 746.050, 348.950, 9
1398, 766.920, 348.950, 9
1399, 537.350, 357.450, 12
1400, 558.220, 357.450, 12
1401, 579.090, 357.450, 12
1402, 599.960, 357.450, 9
1403, 620.830, 357.450, 9
1404, 641.700, 357.450, 9
1405, 662.570, 357.450, 9
1406, 683.440, 357.450, 9
1407, 704.310, 357.450, 9
1408, 725.180, 357.450, 9
1409, 746.050, 357.450, 9
1410, 766.920, 357.450, 9
1411, 641.700, 365.950, 9
1412, 662.570, 365.950, 9
1413, 683.440, 365.950, 9
1414, 704.310, 365.950, 9
1415, 725.180, 365.950, 9
1416, 746.050, 365.950, 9
1417, 766.920, 365.950, 9
