1, 715.010, 90.160, 10
2, 735.880, 90.160, 10
3, 756.750, 90.160, 10
4, 777.620, 90.160, 10
5, 798.490, 90.160, 10
6, 819.360, 90.160, 5
7, 840.230, 90.160, 5
8, 861.100, 90.160, 5
9, 881.970, 90.160, 5
10, 902.840, 90.160, 5
11, 527.180, 98.660, 12
12, 548.050, 98.660, 12
13, 568.920, 98.660, 12
14, 589.790, 98.660, 12
15, 610.660, 98.660, 10
16, 631.530, 98.660, 10
17, 652.400, 98.660, 10
18, 673.270, 98.660, 10
19, 694.140, 98.660, 10
20, 715.010, 98.660, 10
21, 735.880, 98.660, 10
22, 756.750, 98.660, 10
23, 777.620, 98.660, 10
24, 798.490, 98.660, 10
25, 819.360, 98.660, 5
26, 840.230, 98.660, 5
27, 861.100, 98.660, 5
28, 881.970, 98.660, 5
29, 902.840, 98.660, 5
30, 923.710, 98.660, 5
31, 422.830, 107.160, 12
32, 443.700, 107.160, 12
33, 464.570, 107.160, 12
34, 485.440, 107.160, 12
35, 506.310, 107.160, 12
36, 527.180, 107.160, 12
37, 548.050, 107.160, 12
38, 568.920, 107.160, 12
39, 589.790, 107.160, 12
40, 610.660, 107.160, 10
41, 631.530, 107.160, 10
42, 652.400, 107.160, 10
43, 673.270, 107.160, 10
44, 694.140, 107.160, 10
45, 715.010, 107.160, 10
46, 735.880, 107.160, 10
47, 756.750, 107.160, 10
48, 777.620, 107.160, 10
49, 798.490, 107.160, 10
50, 819.360, 107.160, 5
51, 840.230, 107.160, 5
52, 861.100, 107.160, 5
53, 881.970, 107.160, 5
54, 902.840, 107.160, 5
55, 923.710, 107.160, 5
56, 944.580, 107.160, 5
57, 318.480, 115.660, 9
58, 339.350, 115.660, 9
59, 360.220, 115.660, 9
60, 381.090, 115.660, 9
61, 401.960, 115.660, 9
62, 422.830, 115.660, 12
63, 443.700, 115.660, 12
64, 464.570, 115.660, 12
65, 485.440, 115.660, 12
66, 506.310, 115.660, 12
67, 527.180, 115.660, 12
68, 548.050, 115.660, 12
69, 568.920, 115.660, 12
70, 589.790, 115.660, 12
71, 610.660, 115.660, 10
72, 631.530, 115.660, 10
73, 652.400, 115.660, 10
74, 673.270, 115.660, 10
75, 694.140, 115.660, 10
76, 715.010, 115.660, 10
77, 735.880, 115.660, 10
78, 756.750, 115.660, 10
79, 777.620, 115.660, 10
80, 798.490, 115.660, 10
81, 819.360, 115.660, 5
82, 840.230, 115.660, 5
83, 861.100, 115.660, 5
84, 881.970, 115.660, 5
85, 902.840, 115.660, 5
86, 923.710, 115.660, 5
87, 944.580, 115.660, 5
88, 965.450, 115.660, 5
89, 214.130, 124.160, 9
90, 235.000, 124.160, 9
91, 255.870, 124.160, 9
92, 276.740, 124.160, 9
93, 297.610, 124.160, 9
94, 318.480, 124.160, 9
95, 339.350, 124.160, 9
96, 360.220, 124.160, 9
97, 381.090, 124.160, 9
98, 401.960, 124.160, 9
99, 422.830, 124.160, 12
100, 443.700, 124.160, 12
101, 464.570, 124.160, 12
102, 485.440, 124.160, 12
103, 506.310, 124.160, 12
104, 527.180, 124.160, 12
105, 548.050, 124.160, 12
106, 568.920, 124.160, 12
107, 589.790, 124.160, 12
108, 610.660, 124.160, 10
109, 631.530, 124.160, 10
110, 652.400, 124.160, 10
111, 673.270, 124.160, 10
112, 694.140, 124.160, 10
113, 715.010, 124.160, 10
114, 735.880, 124.160, 10
115, 756.750, 124.160, 10
116, 777.620, 124.160, 10
117, 798.490, 124.160, 10
118, 819.360, 124.160, 10
119, 840.230, 124.160, 5
120, 861.100, 124.160, 5
121, 881.970, 124.160, 5
122, 902.840, 124.160, 5
123, 923.710, 124.160, 5
124, 944.580, 124.160, 5
125, 965.450, 124.160, 5
126, 986.320, 124.160, 5
127, 214.130, 132.660, 9
128, 235.000, 132.660, 9
129, 255.870, 132.660, 9
130, 276.740, 132.660, 9
131, 297.610, 132.660, 9
132, 318.480, 132.660, 9
133, 339.350, 132.660, 9
134, 360.220, 132.660, 9
135, 381.090, 132.660, 9
136, 401.960, 132.660, 9
137, 422.830, 132.660, 12
138, 443.700, 132.660, 12
139, 464.570, 132.660, 12
140, 485.440, 132.660, 12
141, 506.310, 132.660, 12
142, 527.180, 132.660, 12
143, 548.050, 132.660, 12
144, 568.920, 132.660, 12
145, 589.790, 132.660, 12
146, 610.660, 132.660, 10
147, 631.530, 132.660, 10
148, 652.400, 132.660, 10
149, 673.270, 132.660, 10
150, 694.140, 132.660, 10
151, 715.010, 132.660, 10
152, 735.880, 132.660, 10
153, 756.750, 132.660, 10
154, 777.620, 132.660, 10
155, 798.490, 132.660, 10
156, 819.360, 132.660, 10
157, 840.230, 132.660, 5
158, 861.100, 132.660, 5
159, 881.970, 132.660, 5
160, 902.840, 132.660, 5
161, 923.710, 132.660, 5
162, 944.580, 132.660, 5
163, 965.450, 132.660, 5
164, 986.320, 132.660, 5
165, 1007.190, 132.660, 5
166, 214.130, 141.160, 9
167, 235.000, 141.160, 9
168, 255.870, 141.160, 9
169, 276.740, 141.160, 9
170, 297.610, 141.160, 9
171, 318.480, 141.160, 9
172, 339.350, 141.160, 9
173, 360.220, 141.160, 9
174, 381.090, 141.160, 9
175, 401.960, 141.160, 9
176, 422.830, 141.160, 12
177, 443.700, 141.160, 12
178, 464.570, 141.160, 12
179, 485.440, 141.160, 12
180, 506.310, 141.160, 12
181, 527.180, 141.160, 12
182, 548.050, 141.160, 12
183, 568.920, 141.160, 12
184, 589.790, 141.160, 12
185, 610.660, 141.160, 10
186, 631.530, 141.160, 10
187, 652.400, 141.160, 10
188, 673.270, 141.160, 10
189, 694.140, 141.160, 10
190, 715.010, 141.160, 10
191, 735.880, 141.160, 10
192, 756.750, 141.160, 10
193, 777.620, 141.160, 10
194, 798.490, 141.160, 10
195, 819.360, 141.160, 10
196, 840.230, 141.160, 5
197, 861.100, 141.160, 5
198, 881.970, 141.160, 5
199, 902.840, 141.160, 5
200, 923.710, 141.160, 5
201, 944.580, 141.160, 5
202, 965.450, 141.160, 5
203, 986.320, 141.160, 5
204, 1007.190, 141.160, 5
205, 1028.060, 141.160, 5
206, 214.130, 149.660, 9
207, 235.000, 149.660, 9
208, 255.870, 149.660, 9
209, 276.740, 149.660, 9
210, 297.610, 149.660, 9
211, 318.480, 149.660, 9
212, 339.350, 149.660, 9
213, 360.220, 149.660, 9
214, 381.090, 149.660, 9
215, 401.960, 149.660, 9
216, 422.830, 149.660, 12
217, 443.700, 149.660, 12
218, 464.570, 149.660, 12
219, 485.440, 149.660, 12
220, 506.310, 149.660, 12
221, 527.180, 149.660, 12
222, 548.050, 149.660, 12
223, 568.920, 149.660, 12
224, 589.790, 149.660, 12
225, 610.660, 149.660, 10
226, 631.530, 149.660, 10
227, 652.400, 149.660, 10
228, 673.270, 149.660, 10
229, 694.140, 149.660, 10
230, 715.010, 149.660, 10
231, 735.880, 149.660, 10
232, 756.750, 149.660, 10
233, 777.620, 149.660, 10
234, 798.490, 149.660, 10
235, 819.360, 149.660, 10
236, 840.230, 149.660, 5
237, 861.100, 149.660, 5
238, 881.970, 149.660, 5
239, 902.840, 149.660, 5
240, 923.710, 149.660, 5
241, 944.580, 149.660, 5
242, 965.450, 149.660, 5
243, 986.320, 149.660, 5
244, 1007.190, 149.660, 5
245, 1028.060, 149.660, 5
246, 1048.930, 149.660, 7
247, 193.260, 158.160, 9
248, 214.130, 158.160, 9
249, 235.000, 158.160, 9
250, 255.870, 158.160, 9
251, 276.740, 158.160, 9
252, 297.610, 158.160, 9
253, 318.480, 158.160, 9
254, 339.350, 158.160, 9
255, 360.220, 158.160, 9
256, 381.090, 158.160, 9
257, 401.960, 158.160, 9
258, 422.830, 158.160, 12
259, 443.700, 158.160, 12
260, 464.570, 158.160, 12
261, 485.440, 158.160, 12
262, 506.310, 158.160, 12
263, 527.180, 158.160, 12
264, 548.050, 158.160, 12
265, 568.920, 158.160, 12
266, 589.790, 158.160, 12
267, 610.660, 158.160, 10
268, 631.530, 158.160, 10
269, 652.400, 158.160, 10
270, 673.270, 158.160, 10
271, 694.140, 158.160, 10
272, 715.010, 158.160, 10
273, 735.880, 158.160, 10
274, 756.750, 158.160, 10
275, 777.620, 158.160, 10
276, 798.490, 158.160, 10
277, 819.360, 158.160, 10
278, 840.230, 158.160, 5
279, 861.100, 158.160, 5
280, 881.970, 158.160, 5
281, 902.840, 158.160, 5
282, 923.710, 158.160, 5
283, 944.580, 158.160, 5
284, 965.450, 158.160, 5
285, 986.320, 158.160, 5
286, 1007.190, 158.160, 5
287, 1028.060, 158.160, 5
288, 1048.930, 158.160, 7
289, 1069.800, 158.160, 7
290, 193.260, 166.660, 9
291, 214.130, 166.660, 9
292, 235.000, 166.660, 9
293, 255.870, 166.660, 9
294, 276.740, 166.660, 9
295, 297.610, 166.660, 9
296, 318.480, 166.660, 9
297, 339.350, 166.660, 9
298, 360.220, 166.660, 9
299, 381.090, 166.660, 9
300, 401.960, 166.660, 9
301, 422.830, 166.660, 12
302, 443.700, 166.660, 12
303, 464.570, 166.660, 12
304, 485.440, 166.660, 12
305, 506.310, 166.660, 12
306, 527.180, 166.660, 12
307, 548.050, 166.660, 12
308, 568.920, 166.660, 12
309, 589.790, 166.660, 12
310, 610.660, 166.660, 10
311, 631.530, 166.660, 10
312, 652.400, 166.660, 10
313, 673.270, 166.660, 10
314, 694.140, 166.660, 10
315, 715.010, 166.660, 10
316, 735.880, 166.660, 10
317, 756.750, 166.660, 10
318, 777.620, 166.660, 10
319, 798.490, 166.660, 10
320, 819.360, 166.660, 10
321, 840.230, 166.660, 5
322, 861.100, 166.660, 5
323, 881.970, 166.660, 5
324, 902.840, 166.660, 5
325, 923.710, 166.660, 5
326, 944.580, 166.660, 5
327, 965.450, 166.660, 5
328, 986.320, 166.660, 5
329, 1007.190, 166.660, 5
330, 1028.060, 166.660, 7
331, 1048.930, 166.660, 7
332, 1069.800, 166.660, 7
333, 1090.670, 166.660, 7
334, 193.260, 175.160, 9
335, 214.130, 175.160, 9
336, 235.000, 175.160, 9
337, 255.870, 175.160, 9
338, 276.740, 175.160, 9
339, 297.610, 175.160, 9
340, 318.480, 175.160, 9
341, 339.350, 175.160, 9
342, 360.220, 175.160, 9
343, 381.090, 175.160, 9
344, 401.960, 175.160, 12
345, 422.830, 175.160, 12
346, 443.700, 175.160, 12
347, 464.570, 175.160, 12
348, 485.440, 175.160, 12
349, 506.310, 175.160, 12
350, 527.180, 175.160, 12
351, 548.050, 175.160, 12
352, 568.920, 175.160, 12
353, 589.790, 175.160, 12
354, 610.660, 175.160, 10
355, 631.530, 175.160, 10
356, 652.400, 175.160, 10
357, 673.270, 175.160, 10
358, 694.140, 175.160, 10
359, 715.010, 175.160, 10
360, 735.880, 175.160, 10
361, 756.750, 175.160, 10
362, 777.620, 175.160, 2
363, 798.490, 175.160, 2
364, 819.360, 175.160, 2
365, 840.230, 175.160, 5
366, 861.100, 175.160, 5
367, 881.970, 175.160, 5
368, 902.840, 175.160, 5
369, 923.710, 175.160, 5
370, 944.580, 175.160, 5
371, 965.450, 175.160, 5
372, 986.320, 175.160, 5
373, 1007.190, 175.160, 5
374, 1028.060, 175.160, 7
375, 1048.930, 175.160, 7
376, 1069.800, 175.160, 7
377, 1090.670, 175.160, 7
378, 1111.540, 175.160, 7
379, 193.260, 183.660, 9
380, 214.130, 183.660, 9
381, 235.000, 183.660, 9
382, 255.870, 183.660, 9
383, 276.740, 183.660, 9
384, 297.610, 183.660, 9
385, 318.480, 183.660, 9
386, 339.350, 183.660, 9
387, 360.220, 183.660, 9
388, 381.090, 183.660, 9
389, 401.960, 183.660, 12
390, 422.830, 183.660, 12
391, 443.700, 183.660, 12
392, 464.570, 183.660, 12
393, 485.440, 183.660, 12
394, 506.310, 183.660, 12
395, 527.180, 183.660, 12
396, 548.050, 183.660, 12
397, 568.920, 183.660, 12
398, 589.790, 183.660, 12
399, 610.660, 183.660, 2
400, 631.530, 183.660, 2
401, 652.400, 183.660, 2
402, 673.270, 183.660, 2
403, 694.140, 183.660, 2
404, 715.010, 183.660, 2
405, 735.880, 183.660, 2
406, 756.750, 183.660, 2
407, 777.620, 183.660, 2
408, 798.490, 183.660, 2
409, 819.360, 183.660, 2
410, 840.230, 183.660, 5
411, 861.100, 183.660, 5
412, 881.970, 183.660, 5
413, 902.840, 183.660, 5
414, 923.710, 183.660, 5
415, 944.580, 183.660, 5
416, 965.450, 183.660, 5
417, 986.320, 183.660, 5
418, 1007.190, 183.660, 5
419, 1028.060, 183.660, 7
420, 1048.930, 183.660, 7
421, 1069.800, 183.660, 7
422, 1090.670, 183.660, 7
423, 1111.540, 183.660, 7
424, 1132.410, 183.660, 7
425, 1153.280, 183.660, 7
426, 172.390, 192.160, 9
427, 193.260, 192.160, 9
428, 214.130, 192.160, 9
429, 235.000, 192.160, 9
430, 255.870, 192.160, 9
431, 276.740, 192.160, 9
432, 297.610, 192.160, 9
433, 318.480, 192.160, 9
434, 339.350, 192.160, 9
435, 360.220, 192.160, 9
436, 381.090, 192.160, 9
437, 401.960, 192.160, 12
438, 422.830, 192.160, 12
439, 443.700, 192.160, 12
440, 464.570, 192.160, 12
441, 485.440, 192.160, 12
442, 506.310, 192.160, 12
443, 527.180, 192.160, 12
444, 548.050, 192.160, 12
445, 568.920, 192.160, 12
446, 589.790, 192.160, 12
447, 610.660, 192.160, 2
448, 631.530, 192.160, 2
449, 652.400, 192.160, 2
450, 673.270, 192.160, 2
451, 694.140, 192.160, 2
452, 715.010, 192.160, 2
453, 735.880, 192.160, 2
454, 756.750, 192.160, 2
455, 777.620, 192.160, 2
456, 798.490, 192.160, 2
457, 819.360, 192.160, 2
458, 840.230, 192.160, 5
459, 861.100, 192.160, 5
460, 881.970, 192.160, 5
461, 902.840, 192.160, 5
462, 923.710, 192.160, 5
463, 944.580, 192.160, 5
464, 965.450, 192.160, 5
465, 986.320, 192.160, 5
466, 1007.190, 192.160, 5
467, 1028.060, 192.160, 7
468, 1048.930, 192.160, 7
469, 1069.800, 192.160, 7
470, 1090.670, 192.160, 7
471, 1111.540, 192.160, 7
472, 1132.410, 192.160, 7
473, 1153.280, 192.160, 7
474, 172.390, 200.660, 9
475, 193.260, 200.660, 9
476, 214.130, 200.660, 9
477, 235.000, 200.660, 9
478, 255.870, 200.660, 9
479, 276.740, 200.660, 9
480, 297.610, 200.660, 9
481, 318.480, 200.660, 9
482, 339.350, 200.660, 9
483, 360.220, 200.660, 9
484, 381.090, 200.660, 9
485, 401.960, 200.660, 12
486, 422.830, 200.660, 12
487, 443.700, 200.660, 12
488, 464.570, 200.660, 8
489, 485.440, 200.660, 8
490, 506.310, 200.660, 8
491, 527.180, 200.660, 8
492, 548.050, 200.660, 8
493, 568.920, 200.660, 8
494, 589.790, 200.660, 2
495, 610.660, 200.660, 2
496, 631.530, 200.660, 2
497, 652.400, 200.660, 2
498, 673.270, 200.660, 2
499, 694.140, 200.660, 2
500, 715.010, 200.660, 2
501, 735.880, 200.660, 2
502, 756.750, 200.660, 2
503, 777.620, 200.660, 2
504, 798.490, 200.660, 2
505, 819.360, 200.660, 2
506, 840.230, 200.660, 6
507, 861.100, 200.660, 6
508, 881.970, 200.660, 6
509, 902.840, 200.660, 6
510, 923.710, 200.660, 6
511, 944.580, 200.660, 6
512, 965.450, 200.660, 6
513, 986.320, 200.660, 6
514, 1007.190, 200.660, 6
515, 1028.060, 200.660, 7
516, 1048.930, 200.660, 7
517, 1069.800, 200.660, 7
518, 1090.670, 200.660, 7
519, 1111.540, 200.660, 7
520, 1132.410, 200.660, 7
521, 1153.280, 200.660, 7
522, 172.390, 209.160, 3
523, 193.260, 209.160, 3
524, 214.130, 209.160, 3
525, 235.000, 209.160, 3
526, 255.870, 209.160, 3
527, 276.740, 209.160, 3
528, 297.610, 209.160, 3
529, 318.480, 209.160, 3
530, 339.350, 209.160, 3
531, 360.220, 209.160, 3
532, 381.090, 209.160, 3
533, 401.960, 209.160, 3
534, 422.830, 209.160, 8
535, 443.700, 209.160, 8
536, 464.570, 209.160, 8
537, 485.440, 209.160, 8
538, 506.310, 209.160, 8
539, 527.180, 209.160, 8
540, 548.050, 209.160, 8
541, 568.920, 209.160, 8
542, 589.790, 209.160, 2
543, 610.660, 209.160, 2
544, 631.530, 209.160, 2
545, 652.400, 209.160, 2
546, 673.270, 209.160, 2
547, 694.140, 209.160, 2
548, 715.010, 209.160, 2
549, 735.880, 209.160, 2
550, 756.750, 209.160, 2
551, 777.620, 209.160, 2
552, 798.490, 209.160, 2
553, 819.360, 209.160, 2
554, 840.230, 209.160, 6
555, 861.100, 209.160, 6
556, 881.970, 209.160, 6
557, 902.840, 209.160, 6
558, 923.710, 209.160, 6
559, 944.580, 209.160, 6
560, 965.450, 209.160, 6
561, 986.320, 209.160, 6
562, 1007.190, 209.160, 6
563, 1028.060, 209.160, 6
564, 1048.930, 209.160, 7
565, 1069.800, 209.160, 7
566, 1090.670, 209.160, 7
567, 1111.540, 209.160, 7
568, 1132.410, 209.160, 7
569, 1153.280, 209.160, 7
570, 1174.150, 209.160, 7
571, 172.390, 217.660, 3
572, 193.260, 217.660, 3
573, 214.130, 217.660, 3
574, 235.000, 217.660, 3
575, 255.870, 217.660, 3
576, 276.740, 217.660, 3
577, 297.610, 217.660, 3
578, 318.480, 217.660, 3
579, 339.350, 217.660, 3
580, 360.220, 217.660, 3
581, 381.090, 217.660, 3
582, 401.960, 217.660, 3
583, 422.830, 217.660, 8
584, 443.700, 217.660, 8
585, 464.570, 217.660, 8
586, 485.440, 217.660, 8
587, 506.310, 217.660, 8
588, 527.180, 217.660, 8
589, 548.050, 217.660, 8
590, 568.920, 217.660, 8
591, 589.790, 217.660, 2
592, 610.660, 217.660, 2
593, 631.530, 217.660, 2
594, 652.400, 217.660, 2
595, 673.270, 217.660, 2
596, 694.140, 217.660, 2
597, 715.010, 217.660, 2
598, 735.880, 217.660, 2
599, 756.750, 217.660, 2
600, 777.620, 217.660, 2
601, 798.490, 217.660, 2
602, 819.360, 217.660, 2
603, 840.230, 217.660, 6
604, 861.100, 217.660, 6
605, 881.970, 217.660, 6
606, 902.840, 217.660, 6
607, 923.710, 217.660, 6
608, 944.580, 217.660, 6
609, 965.450, 217.660, 6
610, 986.320, 217.660, 6
611, 1007.190, 217.660, 6
612, 1028.060, 217.660, 6
613, 1048.930, 217.660, 7
614, 1069.800, 217.660, 7
615, 1090.670, 217.660, 7
616, 1111.540, 217.660, 7
617, 1132.410, 217.660, 7
618, 1153.280, 217.660, 7
619, 1174.150, 217.660, 7
620, 151.520, 226.160, 3
621, 172.390, 226.160, 3
622, 193.260, 226.160, 3
623, 214.130, 226.160, 3
624, 235.000, 226.160, 3
625, 255.870, 226.160, 3
626, 276.740, 226.160, 3
627, 297.610, 226.160, 3
628, 318.480, 226.160, 3
629, 339.350, 226.160, 3
630, 360.220, 226.160, 3
631, 381.090, 226.160, 3
632, 401.960, 226.160, 3
633, 422.830, 226.160, 8
634, 443.700, 226.160, 8
635, 464.570, 226.160, 8
636, 485.440, 226.160, 8
637, 506.310, 226.160, 8
638, 527.180, 226.160, 8
639, 548.050, 226.160, 8
640, 568.920, 226.160, 8
641, 589.790, 226.160, 2
642, 610.660, 226.160, 2
643, 631.530, 226.160, 2
644, 652.400, 226.160, 2
645, 673.270, 226.160, 2
646, 694.140, 226.160, 2
647, 715.010, 226.160, 2
648, 735.880, 226.160, 2
649, 756.750, 226.160, 2
650, 777.620, 226.160, 2
651, 798.490, 226.160, 2
652, 819.360, 226.160, 2
653, 840.230, 226.160, 6
654, 861.100, 226.160, 6
655, 881.970, 226.160, 6
656, 902.840, 226.160, 6
657, 923.710, 226.160, 6
658, 944.580, 226.160, 6
659, 965.450, 226.160, 6
660, 986.320, 226.160, 6
661, 1007.190, 226.160, 6
662, 1028.060, 226.160, 6
663, 1048.930, 226.160, 7
664, 1069.800, 226.160, 7
665, 1090.670, 226.160, 7
666, 1111.540, 226.160, 7
667, 1132.410, 226.160, 7
668, 1153.280, 226.160, 7
669, 1174.150, 226.160, 7
670, 1195.020, 226.160, 7
671, 151.520, 234.660, 3
672, 172.390, 234.660, 3
673, 193.260, 234.660, 3
674, 214.130, 234.660, 3
675, 235.000, 234.660, 3
676, 255.870, 234.660, 3
677, 276.740, 234.660, 3
678, 297.610, 234.660, 3
679, 318.480, 234.660, 3
680, 339.350, 234.660, 3
681, 360.220, 234.660, 3
682, 381.090, 234.660, 3
683, 401.960, 234.660, 3
684, 422.830, 234.660, 8
685, 443.700, 234.660, 8
686, 464.570, 234.660, 8
687, 485.440, 234.660, 8
688, 506.310, 234.660, 8
689, 527.180, 234.660, 8
690, 548.050, 234.660, 8
691, 568.920, 234.660, 8
692, 589.790, 234.660, 2
693, 610.660, 234.660, 2
694, 631.530, 234.660, 2
695, 652.400, 234.660, 2
696, 673.270, 234.660, 2
697, 694.140, 234.660, 2
698, 715.010, 234.660, 2
699, 735.880, 234.660, 2
700, 756.750, 234.660, 2
701, 777.620, 234.660, 2
702, 798.490, 234.660, 2
703, 819.360, 234.660, 2
704, 840.230, 234.660, 6
705, 861.100, 234.660, 6
706, 881.970, 234.660, 6
707, 902.840, 234.660, 6
708, 923.710, 234.660, 6
709, 944.580, 234.660, 6
710, 965.450, 234.660, 6
711, 986.320, 234.660, 6
712, 1007.190, 234.660, 6
713, 1028.060, 234.660, 6
714, 1048.930, 234.660, 7
715, 1069.800, 234.660, 7
716, 1090.670, 234.660, 7
717, 1111.540, 234.660, 7
718, 1132.410, 234.660, 7
719, 1153.280, 234.660, 7
720, 1174.150, 234.660, 7
721, 1195.020, 234.660, 7
722, 151.520, 243.160, 3
723, 172.390, 243.160, 3
724, 193.260, 243.160, 3
725, 214.130, 243.160, 3
726, 235.000, 243.160, 3
727, 255.870, 243.160, 3
728, 276.740, 243.160, 3
729, 297.610, 243.160, 3
730, 318.480, 243.160, 3
731, 339.350, 243.160, 3
732, 360.220, 243.160, 3
733, 381.090, 243.160, 3
734, 401.960, 243.160, 3
735, 422.830, 243.160, 8
736, 443.700, 243.160, 8
737, 464.570, 243.160, 8
738, 485.440, 243.160, 8
739, 506.310, 243.160, 8
740, 527.180, 243.160, 8
741, 548.050, 243.160, 8
742, 568.920, 243.160, 8
743, 589.790, 243.160, 2
744, 610.660, 243.160, 2
745, 631.530, 243.160, 2
746, 652.400, 243.160, 2
747, 673.270, 243.160, 2
748, 694.140, 243.160, 2
749, 715.010, 243.160, 2
750, 735.880, 243.160, 2
751, 756.750, 243.160, 2
752, 777.620, 243.160, 2
753, 798.490, 243.160, 2
754, 819.360, 243.160, 2
755, 840.230, 243.160, 6
756, 861.100, 243.160, 6
757, 881.970, 243.160, 6
758, 902.840, 243.160, 6
759, 923.710, 243.160, 6
760, 944.580, 243.160, 6
761, 965.450, 243.160, 6
762, 986.320, 243.160, 6
763, 1007.190, 243.160, 6
764, 1028.060, 243.160, 6
765, 1048.930, 243.160, 7
766, 1069.800, 243.160, 7
767, 1090.670, 243.160, 7
768, 1111.540, 243.160, 7
769, 1132.410, 243.160, 7
770, 1153.280, 243.160, 7
771, 1174.150, 243.160, 7
772, 1195.020, 243.160, 7
773, 151.520, 251.660, 3
774, 172.390, 251.660, 3
775, 193.260, 251.660, 3
776, 214.130, 251.660, 3
777, 235.000, 251.660, 3
778, 255.870, 251.660, 3
779, 276.740, 251.660, 3
780, 297.610, 251.660, 3
781, 318.480, 251.660, 3
782, 339.350, 251.660, 3
783, 360.220, 251.660, 3
784, 381.090, 251.660, 3
785, 401.960, 251.660, 3
786, 422.830, 251.660, 8
787, 443.700, 251.660, 8
788, 464.570, 251.660, 8
789, 485.440, 251.660, 8
790, 506.310, 251.660, 8
791, 527.180, 251.660, 8
792, 548.050, 251.660, 8
793, 568.920, 251.660, 8
794, 589.790, 251.660, 2
795, 610.660, 251.660, 2
796, 631.530, 251.660, 2
797, 652.400, 251.660, 2
798, 673.270, 251.660, 2
799, 694.140, 251.660, 2
800, 715.010, 251.660, 2
801, 735.880, 251.660, 2
802, 756.750, 251.660, 2
803, 777.620, 251.660, 2
804, 798.490, 251.660, 2
805, 819.360, 251.660, 2
806, 840.230, 251.660, 6
807, 861.100, 251.660, 6
808, 881.970, 251.660, 6
809, 902.840, 251.660, 6
810, 923.710, 251.660, 6
811, 944.580, 251.660, 6
812, 965.450, 251.660, 6
813, 986.320, 251.660, 6
814, 1007.190, 251.660, 6
815, 1028.060, 251.660, 6
816, 1048.930, 251.660, 7
817, 1069.800, 251.660, 7
818, 1090.670, 251.660, 7
819, 1111.540, 251.660, 7
820, 1132.410, 251.660, 7
821, 1153.280, 251.660, 7
822, 1174.150, 251.660, 7
823, 1195.020, 251.660, 7
824, 1215.890, 251.660, 7
825, 130.650, 260.160, 3
826, 151.520, 260.160, 3
827, 172.390, 260.160, 3
828, 193.260, 260.160, 3
829, 214.130, 260.160, 3
830, 235.000, 260.160, 3
831, 255.870, 260.160, 3
832, 276.740, 260.160, 3
833, 297.610, 260.160, 3
834, 318.480, 260.160, 3
835, 339.350, 260.160, 3
836, 360.220, 260.160, 3
837, 381.090, 260.160, 3
838, 401.960, 260.160, 3
839, 422.830, 260.160, 8
840, 443.700, 260.160, 8
841, 464.570, 260.160, 8
842, 485.440, 260.160, 8
843, 506.310, 260.160, 8
844, 527.180, 260.160, 8
845, 548.050, 260.160, 8
846, 568.920, 260.160, 8
847, 589.790, 260.160, 8
848, 610.660, 260.160, 11
849, 631.530, 260.160, 11
850, 652.400, 260.160, 11
851, 673.270, 260.160, 11
852, 694.140, 260.160, 11
853, 715.010, 260.160, 11
854, 735.880, 260.160, 11
855, 756.750, 260.160, 11
856, 777.620, 260.160, 11
857, 798.490, 260.160, 11
858, 819.360, 260.160, 11
859, 840.230, 260.160, 6
860, 861.100, 260.160, 6
861, 881.970, 260.160, 6
862, 902.840, 260.160, 6
863, 923.710, 260.160, 6
864, 944.580, 260.160, 6
865, 965.450, 260.160, 6
866, 986.320, 260.160, 6
867, 1007.190, 260.160, 6
868, 1028.060, 260.160, 6
869, 1048.930, 260.160, 7
870, 1069.800, 260.160, 7
871, 1090.670, 260.160, 7
872, 1111.540, 260.160, 7
873, 1132.410, 260.160, 7
874, 1153.280, 260.160, 7
875, 1174.150, 260.160, 7
876, 1195.020, 260.160, 7
877, 1215.890, 260.160, 7
878, 214.130, 268.660, 3
879, 235.000, 268.660, 3
880, 255.870, 268.660, 3
881, 276.740, 268.660, 3
882, 297.610, 268.660, 3
883, 318.480, 268.660, 3
884, 339.350, 268.660, 3
885, 360.220, 268.660, 3
886, 381.090, 268.660, 3
887, 401.960, 268.660, 3
888, 422.830, 268.660, 8
889, 443.700, 268.660, 8
890, 464.570, 268.660, 8
891, 485.440, 268.660, 8
892, 506.310, 268.660, 8
893, 527.180, 268.660, 8
894, 548.050, 268.660, 8
895, 568.920, 268.660, 8
896, 589.790, 268.660, 8
897, 610.660, 268.660, 11
898, 631.530, 268.660, 11
899, 652.400, 268.660, 11
900, 673.270, 268.660, 11
901, 694.140, 268.660, 11
902, 715.010, 268.660, 11
903, 735.880, 268.660, 11
904, 756.750, 268.660, 11
905, 777.620, 268.660, 11
906, 798.490, 268.660, 11
907, 819.360, 268.660, 11
908, 840.230, 268.660, 6
909, 861.100, 268.660, 6
910, 881.970, 268.660, 6
911, 902.840, 268.660, 6
912, 923.710, 268.660, 6
913, 944.580, 268.660, 6
914, 965.450, 268.660, 6
915, 986.320, 268.660, 6
916, 1007.190, 268.660, 6
917, 1028.060, 268.660, 6
918, 1048.930, 268.660, 7
919, 1069.800, 268.660, 7
920, 1090.670, 268.660, 7
921, 1111.540, 268.660, 7
922, 1132.410, 268.660, 7
923, 1153.280, 268.660, 7
924, 1174.150, 268.660, 7
925, 1195.020, 268.660, 7
926, 1215.890, 268.660, 7
927, 1236.760, 268.660, 7
928, 276.740, 277.160, 3
929, 297.610, 277.160, 3
930, 318.480, 277.160, 3
931, 339.350, 277.160, 3
932, 360.220, 277.160, 3
933, 381.090, 277.160, 3
934, 401.960, 277.160, 8
935, 422.830, 277.160, 8
936, 443.700, 277.160, 8
937, 464.570, 277.160, 8
938, 485.440, 277.160, 8
939, 506.310, 277.160, 8
940, 527.180, 277.160, 8
941, 548.050, 277.160, 8
942, 568.920, 277.160, 8
943, 589.790, 277.160, 8
944, 610.660, 277.160, 11
945, 631.530, 277.160, 11
946, 652.400, 277.160, 11
947, 673.270, 277.160, 11
948, 694.140, 277.160, 11
949, 715.010, 277.160, 11
950, 735.880, 277.160, 11
951, 756.750, 277.160, 11
952, 777.620, 277.160, 11
953, 798.490, 277.160, 11
954, 819.360, 277.160, 11
955, 840.230, 277.160, 6
956, 861.100, 277.160, 6
957, 881.970, 277.160, 6
958, 902.840, 277.160, 6
959, 923.710, 277.160, 6
960, 944.580, 277.160, 6
961, 965.450, 277.160, 6
962, 986.320, 277.160, 6
963, 1007.190, 277.160, 6
964, 1028.060, 277.160, 6
965, 1048.930, 277.160, 7
966, 1069.800, 277.160, 7
967, 1090.670, 277.160, 7
968, 1111.540, 277.160, 7
969, 1132.410, 277.160, 7
970, 1153.280, 277.160, 7
971, 1174.150, 277.160, 7
972, 1195.020, 277.160, 7
973, 1215.890, 277.160, 7
974, 1236.760, 277.160, 7
975, 339.350, 285.660, 3
976, 360.220, 285.660, 3
977, 381.090, 285.660, 3
978, 401.960, 285.660, 8
979, 422.830, 285.660, 8
980, 443.700, 285.660, 8
981, 464.570, 285.660, 8
982, 485.440, 285.660, 8
983, 506.310, 285.660, 8
984, 527.180, 285.660, 8
985, 548.050, 285.660, 8
986, 568.920, 285.660, 8
987, 589.790, 285.660, 11
988, 610.660, 285.660, 11
989, 631.530, 285.660, 11
990, 652.400, 285.660, 11
991, 673.270, 285.660, 11
992, 694.140, 285.660, 11
993, 715.010, 285.660, 11
994, 735.880, 285.660, 11
995, 756.750, 285.660, 11
996, 777.620, 285.660, 11
997, 798.490, 285.660, 11
998, 819.360, 285.660, 11
999, 840.230, 285.660, 6
1000, 861.100, 285.660, 6
1001, 881.970, 285.660, 6
1002, 902.840, 285.660, 6
1003, 923.710, 285.660, 6
1004, 944.580, 285.660, 6
1005, 965.450, 285.660, 6
1006, 986.320, 285.660, 6
1007, 1007.190, 285.660, 6
1008, 1028.060, 285.660, 6
1009, 1048.930, 285.660, 4
1010, 1069.800, 285.660, 4
1011, 1090.670, 285.660, 4
1012, 1111.540, 285.660, 4
1013, 1132.410, 285.660, 4
1014, 1153.280, 285.660, 4
1015, 1174.150, 285.660, 4
1016, 1195.020, 285.660, 4
1017, 1215.890, 285.660, 4
1018, 1236.760, 285.660, 4
1019, 401.960, 294.160, 8
1020, 422.830, 294.160, 8
1021, 443.700, 294.160, 8
1022, 464.570, 294.160, 8
1023, 485.440, 294.160, 8
1024, 506.310, 294.160, 8
1025, 527.180, 294.160, 8
1026, 548.050, 294.160, 8
1027, 568.920, 294.160, 8
1028, 589.790, 294.160, 11
1029, 610.660, 294.160, 11
1030, 631.530, 294.160, 11
1031, 652.400, 294.160, 11
1032, 673.270, 294.160, 11
1033, 694.140, 294.160, 11
1034, 715.010, 294.160, 11
1035, 735.880, 294.160, 11
1036, 756.750, 294.160, 11
1037, 777.620, 294.160, 11
1038, 798.490, 294.160, 11
1039, 819.360, 294.160, 11
1040, 840.230, 294.160, 1
1041, 861.100, 294.160, 1
1042, 881.970, 294.160, 1
1043, 902.840, 294.160, 1
1044, 923.710, 294.160, 1
1045, 944.580, 294.160, 1
1046, 965.450, 294.160, 1
1047, 986.320, 294.160, 1
1048, 1007.190, 294.160, 1
1049, 1028.060, 294.160, 1
1050, 1048.930, 294.160, 4
1051, 1069.800, 294.160, 4
1052, 1090.670, 294.160, 4
1053, 1111.540, 294.160, 4
1054, 1132.410, 294.160, 4
1055, 1153.280, 294.160, 4
1056, 1174.150, 294.160, 4
1057, 1195.020, 294.160, 4
1058, 1215.890, 294.160, 4
1059, 1236.760, 294.160, 4
1060, 1257.630, 294.160, 4
1061, 464.570, 302.660, 8
1062, 485.440, 302.660, 8
1063, 506.310, 302.660, 8
1064, 527.180, 302.660, 8
1065, 548.050, 302.660, 8
1066, 568.920, 302.660, 8
1067, 589.790, 302.660, 11
1068, 610.660, 302.660, 11
1069, 631.530, 302.660, 11
1070, 652.400, 302.660, 11
1071, 673.270, 302.660, 11
1072, 694.140, 302.660, 11
1073, 715.010, 302.660, 11
1074, 735.880, 302.660, 11
1075, 756.750, 302.660, 11
1076, 777.620, 302.660, 11
1077, 798.490, 302.660, 11
1078, 819.360, 302.660, 11
1079, 840.230, 302.660, 1
1080, 861.100, 302.660, 1
1081, 881.970, 302.660, 1
1082, 902.840, 302.660, 1
1083, 923.710, 302.660, 1
1084, 944.580, 302.660, 1
1085, 965.450, 302.660, 1
1086, 986.320, 302.660, 1
1087, 1007.190, 302.660, 1
1088, 1028.060, 302.660, 1
1089, 1048.930, 302.660, 4
1090, 1069.800, 302.660, 4
1091, 1090.670, 302.660, 4
1092, 1111.540, 302.660, 4
1093, 1132.410, 302.660, 4
1094, 1153.280, 302.660, 4
1095, 1174.150, 302.660, 4
1096, 1195.020, 302.660, 4
1097, 1215.890, 302.660, 4
1098, 1236.760, 302.660, 4
1099, 1257.630, 302.660, 4
1100, 527.180, 311.160, 8
1101, 548.050, 311.160, 8
1102, 568.920, 311.160, 8
1103, 589.790, 311.160, 11
1104, 610.660, 311.160, 11
1105, 631.530, 311.160, 11
1106, 652.400, 311.160, 11
1107, 673.270, 311.160, 11
1108, 694.140, 311.160, 11
1109, 715.010, 311.160, 11
1110, 735.880, 311.160, 11
1111, 756.750, 311.160, 11
1112, 777.620, 311.160, 11
1113, 798.490, 311.160, 11
1114, 819.360, 311.160, 11
1115, 840.230, 311.160, 1
1116, 861.100, 311.160, 1
1117, 881.970, 311.160, 1
1118, 902.840, 311.160, 1
1119, 923.710, 311.160, 1
1120, 944.580, 311.160, 1
1121, 965.450, 311.160, 1
1122, 986.320, 311.160, 1
1123, 1007.190, 311.160, 1
1124, 1028.060, 311.160, 1
1125, 1048.930, 311.160, 4
1126, 1069.800, 311.160, 4
1127, 1090.670, 311.160, 4
1128, 1111.540, 311.160, 4
1129, 1132.410, 311.160, 4
1130, 1153.280, 311.160, 4
1131, 1174.150, 311.160, 4
1132, 1195.020, 311.160, 4
1133, 1215.890, 311.160, 4
1134, 1236.760, 311.160, 4
1135, 1257.630, 311.160, 4
1136, 1278.500, 311.160, 4
1137, 589.790, 319.660, 11
1138, 610.660, 319.660, 11
1139, 631.530, 319.660, 11
1140, 652.400, 319.660, 11
1141, 673.270, 319.660, 11
1142, 694.140, 319.660, 11
1143, 715.010, 319.660, 11
1144, 735.880, 319.660, 11
1145, 756.750, 319.660, 11
1146, 777.620, 319.660, 11
1147, 798.490, 319.660, 11
1148, 819.360, 319.660, 11
1149, 840.230, 319.660, 1
1150, 861.100, 319.660, 1
1151, 881.970, 319.660, 1
1152, 902.840, 319.660, 1
1153, 923.710, 319.660, 1
1154, 944.580, 319.660, 1
1155, 965.450, 319.660, 1
1156, 986.320, 319.660, 1
1157, 1007.190, 319.660, 1
1158, 1028.060, 319.660, 1
1159, 1048.930, 319.660, 1
1160, 1069.800, 319.660, 1
1161, 1090.670, 319.660, 4
1162, 1111.540, 319.660, 4
1163, 1132.410, 319.660, 4
1164, 1153.280, 319.660, 4
1165, 1174.150, 319.660, 4
1166, 1195.020, 319.660, 4
1167, 1215.890, 319.660, 4
1168, 1236.760, 319.660, 4
1169, 1257.630, 319.660, 4
1170, 1278.500, 319.660, 4
1171, 652.400, 328.160, 11
1172, 673.270, 328.160, 11
1173, 694.140, 328.160, 11
1174, 715.010, 328.160, 11
1175, 735.880, 328.160, 11
1176, 756.750, 328.160, 11
1177, 777.620, 328.160, 11
1178, 798.490, 328.160, 11
1179, 819.360, 328.160, 11
1180, 840.230, 328.160, 1
1181, 861.100, 328.160, 1
1182, 881.970, 328.160, 1
1183, 902.840, 328.160, 1
1184, 923.710, 328.160, 1
1185, 944.580, 328.160, 1
1186, 965.450, 328.160, 1
1187, 986.320, 328.160, 1
1188, 1007.190, 328.160, 1
1189, 1028.060, 328.160, 1
1190, 1048.930, 328.160, 1
1191, 1069.800, 328.160, 1
1192, 1090.670, 328.160, 4
1193, 1111.540, 328.160, 4
1194, 1132.410, 328.160, 4
1195, 1153.280, 328.160, 4
1196, 1174.150, 328.160, 4
1197, 1195.020, 328.160, 4
1198, 1215.890, 328.160, 4
1199, 1236.760, 328.160, 4
1200, 1257.630, 328.160, 4
1201, 1278.500, 328.160, 4
1202, 715.010, 336.660, 11
1203, 735.880, 336.660, 11
1204, 756.750, 336.660, 11
1205, 777.620, 336.660, 11
1206, 798.490, 336.660, 11
1207, 819.360, 336.660, 1
1208, 840.230, 336.660, 1
1209, 861.100, 336.660, 1
1210, 881.970, 336.660, 1
1211, 902.840, 336.660, 1
1212, 923.710, 336.660, 1
1213, 944.580, 336.660, 1
1214, 965.450, 336.660, 1
1215, 986.320, 336.660, 1
1216, 1007.190, 336.660, 1
1217, 1028.060, 336.660, 1
1218, 1048.930, 336.660, 1
1219, 1069.800, 336.660, 1
1220, 1090.670, 336.660, 4
1221, 1111.540, 336.660, 4
1222, 1132.410, 336.660, 4
1223, 1153.280, 336.660, 4
1224, 1174.150, 336.660, 4
1225, 1195.020, 336.660, 4
1226, 1215.890, 336.660, 4
1227, 1236.760, 336.660, 4
1228, 1257.630, 336.660, 4
1229, 1278.500, 336.660, 4
1230, 1299.370, 336.660, 4
1231, 777.620, 345.160, 11
1232, 798.490, 345.160, 11
1233, 819.360, 345.160, 1
1234, 840.230, 345.160, 1
1235, 861.100, 345.160, 1
1236, 881.970, 345.160, 1
1237, 902.840, 345.160, 1
1238, 923.710, 345.160, 1
1239, 944.580, 345.160, 1
1240, 965.450, 345.160, 1
1241, 986.320, 345.160, 1
1242, 1007.190, 345.160, 1
1243, 1028.060, 345.160, 1
1244, 1048.930, 345.160, 1
1245, 1069.800, 345.160, 1
1246, 1090.670, 345.160, 4
1247, 1111.540, 345.160, 4
1248, 1132.410, 345.160, 4
1249, 1153.280, 345.160, 4
1250, 1174.150, 345.160, 4
1251, 1195.020, 345.160, 4
1252, 1215.890, 345.160, 4
1253, 1236.760, 345.160, 4
1254, 1257.630, 345.160, 4
1255, 1278.500, 345.160, 4
1256, 1299.370, 345.160, 4
1257, 819.360, 353.660, 1
1258, 840.230, 353.660, 1
1259, 861.100, 353.660, 1
1260, 881.970, 353.660, 1
1261, 902.840, 353.660, 1
1262, 923.710, 353.660, 1
1263, 944.580, 353.660, 1
1264, 965.450, 353.660, 1
1265, 986.320, 353.660, 1
1266, 1007.190, 353.660, 1
1267, 1028.060, 353.660, 1
1268, 1048.930, 353.660, 1
1269, 1069.800, 353.660, 1
1270, 1090.670, 353.660, 4
1271, 1111.540, 353.660, 4
1272, 1132.410, 353.660, 4
1273, 1153.280, 353.660, 4
1274, 1174.150, 353.660, 4
1275, 1195.020, 353.660, 4
1276, 1215.890, 353.660, 4
1277, 1236.760, 353.660, 4
1278, 1257.630, 353.660, 4
1279, 1278.500, 353.660, 4
1280, 1299.370, 353.660, 4
1281, 1320.240, 353.660, 4
1282, 1341.110, 353.660, 4
1283, 881.970, 362.160, 1
1284, 902.840, 362.160, 1
1285, 923.710, 362.160, 1
1286, 944.580, 362.160, 1
1287, 965.450, 362.160, 1
1288, 986.320, 362.160, 1
1289, 1007.190, 362.160, 1
1290, 1028.060, 362.160, 1
1291, 1048.930, 362.160, 1
1292, 1069.800, 362.160, 1
1293, 1090.670, 362.160, 4
1294, 1111.540, 362.160, 4
1295, 1132.410, 362.160, 4
1296, 1153.280, 362.160, 4
1297, 1174.150, 362.160, 4
1298, 1195.020, 362.160, 4
1299, 1215.890, 362.160, 4
1300, 1236.760, 362.160, 4
1301, 1257.630, 362.160, 4
1302, 1278.500, 362.160, 4
1303, 944.580, 370.660, 1
1304, 965.450, 370.660, 1
1305, 986.320, 370.660, 1
1306, 1007.190, 370.660, 1
1307, 1028.060, 370.660, 1
1308, 1048.930, 370.660, 1
