1, 171.610, 249.470, 21
2, 171.610, 257.970, 21
3, 171.610, 266.470, 21
4, 171.610, 274.970, 21
5, 171.610, 283.470, 21
6, 171.610, 291.970, 21
7, 171.610, 300.470, 21
8, 171.610, 308.970, 21
9, 171.610, 317.470, 19
10, 171.610, 325.970, 19
11, 171.610, 334.470, 19
12, 171.610, 342.970, 19
13, 171.610, 351.470, 19
14, 171.610, 359.970, 19
15, 171.610, 368.470, 19
16, 171.610, 376.970, 19
17, 171.610, 385.470, 19
18, 171.610, 393.970, 19
19, 171.610, 402.470, 19
20, 171.610, 410.970, 19
21, 171.610, 419.470, 19
22, 171.610, 427.970, 19
23, 192.480, 223.970, 21
24, 192.480, 232.470, 21
25, 192.480, 240.970, 21
26, 192.480, 249.470, 21
27, 192.480, 257.970, 21
28, 192.480, 266.470, 21
29, 192.480, 274.970, 21
30, 192.480, 283.470, 21
31, 192.480, 291.970, 21
32, 192.480, 300.470, 21
33, 192.480, 308.970, 21
34, 192.480, 317.470, 19
35, 192.480, 325.970, 19
36, 192.480, 334.470, 19
37, 192.480, 342.970, 19
38, 192.480, 351.470, 19
39, 192.480, 359.970, 19
40, 192.480, 368.470, 19
41, 192.480, 376.970, 19
42, 192.480, 385.470, 19
43, 192.480, 393.970, 19
44, 192.480, 402.470, 19
45, 192.480, 410.970, 19
46, 192.480, 419.470, 19
47, 192.480, 427.970, 19
48, 213.350, 206.970, 21
49, 213.350, 215.470, 21
50, 213.350, 223.970, 21
51, 213.350, 232.470, 21
52, 213.350, 240.970, 21
53, 213.350, 249.470, 21
54, 213.350, 257.970, 21
55, 213.350, 266.470, 21
56, 213.350, 274.970, 21
57, 213.350, 283.470, 21
58, 213.350, 291.970, 21
59, 213.350, 300.470, 21
60, 213.350, 308.970, 21
61, 213.350, 317.470, 19
62, 213.350, 325.970, 19
63, 213.350, 334.470, 19
64, 213.350, 342.970, 19
65, 213.350, 351.470, 19
66, 213.350, 359.970, 19
67, 213.350, 368.470, 19
68, 213.350, 376.970, 19
69, 213.350, 385.470, 19
70, 213.350, 393.970, 19
71, 213.350, 402.470, 19
72, 213.350, 410.970, 19
73, 213.350, 419.470, 19
74, 213.350, 427.970, 19
75, 234.220, 181.470, 21
76, 234.220, 189.970, 21
77, 234.220, 198.470, 21
78, 234.220, 206.970, 21
79, 234.220, 215.470, 21
80, 234.220, 223.970, 21
81, 234.220, 232.470, 21
82, 234.220, 240.970, 21
83, 234.220, 249.470, 21
84, 234.220, 257.970, 21
85, 234.220, 266.470, 21
86, 234.220, 274.970, 21
87, 234.220, 283.470, 21
88, 234.220, 291.970, 21
89, 234.220, 300.470, 21
90, 234.220, 308.970, 21
91, 234.220, 317.470, 19
92, 234.220, 325.970, 19
93, 234.220, 334.470, 19
94, 234.220, 342.970, 19
95, 234.220, 351.470, 19
96, 234.220, 359.970, 19
97, 234.220, 368.470, 19
98, 234.220, 376.970, 19
99, 234.220, 385.470, 19
100, 234.220, 393.970, 19
101, 234.220, 402.470, 19
102, 234.220, 410.970, 19
103, 234.220, 419.470, 19
104, 234.220, 427.970, 19
105, 234.220, 436.470, 19
106, 255.090, 164.470, 7
107, 255.090, 172.970, 7
108, 255.090, 181.470, 21
109, 255.090, 189.970, 21
110, 255.090, 198.470, 21
111, 255.090, 206.970, 21
112, 255.090, 215.470, 21
113, 255.090, 223.970, 21
114, 255.090, 232.470, 21
115, 255.090, 240.970, 21
116, 255.090, 249.470, 21
117, 255.090, 257.970, 21
118, 255.090, 266.470, 21
119, 255.090, 274.970, 21
120, 255.090, 283.470, 21
121, 255.090, 291.970, 21
122, 255.090, 300.470, 21
123, 255.090, 308.970, 21
124, 255.090, 317.470, 19
125, 255.090, 325.970, 19
126, 255.090, 334.470, 19
127, 255.090, 342.970, 19
128, 255.090, 351.470, 19
129, 255.090, 359.970, 19
130, 255.090, 368.470, 19
131, 255.090, 376.970, 19
132, 255.090, 385.470, 19
133, 255.090, 393.970, 19
134, 255.090, 402.470, 19
135, 255.090, 410.970, 19
136, 255.090, 419.470, 19
137, 255.090, 427.970, 19
138, 255.090, 436.470, 19
139, 275.960, 138.970, 7
140, 275.960, 147.470, 7
141, 275.960, 155.970, 7
142, 275.960, 164.470, 7
143, 275.960, 172.970, 7
144, 275.960, 181.470, 21
145, 275.960, 189.970, 21
146, 275.960, 198.470, 21
147, 275.960, 206.970, 21
148, 275.960, 215.470, 21
149, 275.960, 223.970, 21
150, 275.960, 232.470, 21
151, 275.960, 240.970, 21
152, 275.960, 249.470, 21
153, 275.960, 257.970, 21
154, 275.960, 266.470, 21
155, 275.960, 274.970, 21
156, 275.960, 283.470, 21
157, 275.960, 291.970, 21
158, 275.960, 300.470, 21
159, 275.960, 308.970, 21
160, 275.960, 317.470, 19
161, 275.960, 325.970, 19
162, 275.960, 334.470, 19
163, 275.960, 342.970, 19
164, 275.960, 351.470, 19
165, 275.960, 359.970, 19
166, 275.960, 368.470, 19
167, 275.960, 376.970, 19
168, 275.960, 385.470, 19
169, 275.960, 393.970, 19
170, 275.960, 402.470, 19
171, 275.960, 410.970, 19
172, 275.960, 419.470, 19
173, 275.960, 427.970, 19
174, 275.960, 436.470, 19
175, 296.830, 121.970, 7
176, 296.830, 130.470, 7
177, 296.830, 138.970, 7
178, 296.830, 147.470, 7
179, 296.830, 155.970, 7
180, 296.830, 164.470, 7
181, 296.830, 172.970, 7
182, 296.830, 181.470, 7
183, 296.830, 189.970, 21
184, 296.830, 198.470, 21
185, 296.830, 206.970, 21
186, 296.830, 215.470, 21
187, 296.830, 223.970, 21
188, 296.830, 232.470, 21
189, 296.830, 240.970, 21
190, 296.830, 249.470, 21
191, 296.830, 257.970, 21
192, 296.830, 266.470, 21
193, 296.830, 274.970, 21
194, 296.830, 283.470, 21
195, 296.830, 291.970, 21
196, 296.830, 300.470, 21
197, 296.830, 308.970, 21
198, 296.830, 317.470, 19
199, 296.830, 325.970, 19
200, 296.830, 334.470, 19
201, 296.830, 342.970, 19
202, 296.830, 351.470, 19
203, 296.830, 359.970, 19
204, 296.830, 368.470, 19
205, 296.830, 376.970, 19
206, 296.830, 385.470, 19
207, 296.830, 393.970, 19
208, 296.830, 402.470, 19
209, 296.830, 410.970, 19
210, 296.830, 419.470, 19
211, 296.830, 427.970, 16
212, 296.830, 436.470, 16
213, 296.830, 444.970, 16
214, 317.700, 96.470, 7
215, 317.700, 104.970, 7
216, 317.700, 113.470, 7
217, 317.700, 121.970, 7
218, 317.700, 130.470, 7
219, 317.700, 138.970, 7
220, 317.700, 147.470, 7
221, 317.700, 155.970, 7
222, 317.700, 164.470, 7
223, 317.700, 172.970, 7
224, 317.700, 181.470, 7
225, 317.700, 189.970, 21
226, 317.700, 198.470, 21
227, 317.700, 206.970, 21
228, 317.700, 215.470, 21
229, 317.700, 223.970, 21
230, 317.700, 232.470, 21
231, 317.700, 240.970, 21
232, 317.700, 249.470, 21
233, 317.700, 257.970, 21
234, 317.700, 266.470, 21
235, 317.700, 274.970, 21
236, 317.700, 283.470, 21
237, 317.700, 291.970, 21
238, 317.700, 300.470, 21
239, 317.700, 308.970, 17
240, 317.700, 317.470, 17
241, 317.700, 325.970, 17
242, 317.700, 334.470, 19
243, 317.700, 342.970, 19
244, 317.700, 351.470, 19
245, 317.700, 359.970, 19
246, 317.700, 368.470, 19
247, 317.700, 376.970, 19
248, 317.700, 385.470, 19
249, 317.700, 393.970, 19
250, 317.700, 402.470, 19
251, 317.700, 410.970, 16
252, 317.700, 419.470, 16
253, 317.700, 427.970, 16
254, 317.700, 436.470, 16
255, 317.700, 444.970, 16
256, 338.570, 70.970, 7
257, 338.570, 79.470, 7
258, 338.570, 87.970, 7
259, 338.570, 96.470, 7
260, 338.570, 104.970, 7
261, 338.570, 113.470, 7
262, 338.570, 121.970, 7
263, 338.570, 130.470, 7
264, 338.570, 138.970, 7
265, 338.570, 147.470, 7
266, 338.570, 155.970, 7
267, 338.570, 164.470, 7
268, 338.570, 172.970, 7
269, 338.570, 181.470, 15
270, 338.570, 189.970, 15
271, 338.570, 198.470, 15
272, 338.570, 206.970, 15
273, 338.570, 215.470, 15
274, 338.570, 223.970, 15
275, 338.570, 232.470, 15
276, 338.570, 240.970, 15
277, 338.570, 249.470, 18
278, 338.570, 257.970, 18
279, 338.570, 266.470, 18
280, 338.570, 274.970, 18
281, 338.570, 283.470, 18
282, 338.570, 291.970, 18
283, 338.570, 300.470, 18
284, 338.570, 308.970, 17
285, 338.570, 317.470, 17
286, 338.570, 325.970, 17
287, 338.570, 334.470, 17
288, 338.570, 342.970, 17
289, 338.570, 351.470, 17
290, 338.570, 359.970, 17
291, 338.570, 368.470, 17
292, 338.570, 376.970, 17
293, 338.570, 385.470, 17
294, 338.570, 393.970, 16
295, 338.570, 402.470, 16
296, 338.570, 410.970, 16
297, 338.570, 419.470, 16
298, 338.570, 427.970, 16
299, 338.570, 436.470, 16
300, 338.570, 444.970, 16
301, 359.440, 70.970, 7
302, 359.440, 79.470, 7
303, 359.440, 87.970, 7
304, 359.440, 96.470, 7
305, 359.440, 104.970, 7
306, 359.440, 113.470, 7
307, 359.440, 121.970, 7
308, 359.440, 130.470, 7
309, 359.440, 138.970, 7
310, 359.440, 147.470, 7
311, 359.440, 155.970, 7
312, 359.440, 164.470, 7
313, 359.440, 172.970, 7
314, 359.440, 181.470, 15
315, 359.440, 189.970, 15
316, 359.440, 198.470, 15
317, 359.440, 206.970, 15
318, 359.440, 215.470, 15
319, 359.440, 223.970, 15
320, 359.440, 232.470, 15
321, 359.440, 240.970, 15
322, 359.440, 249.470, 18
323, 359.440, 257.970, 18
324, 359.440, 266.470, 18
325, 359.440, 274.970, 18
326, 359.440, 283.470, 18
327, 359.440, 291.970, 18
328, 359.440, 300.470, 18
329, 359.440, 308.970, 17
330, 359.440, 317.470, 17
331, 359.440, 325.970, 17
332, 359.440, 334.470, 17
333, 359.440, 342.970, 17
334, 359.440, 351.470, 17
335, 359.440, 359.970, 17
336, 359.440, 368.470, 17
337, 359.440, 376.970, 17
338, 359.440, 385.470, 17
339, 359.440, 393.970, 16
340, 359.440, 402.470, 16
341, 359.440, 410.970, 16
342, 359.440, 419.470, 16
343, 359.440, 427.970, 16
344, 359.440, 436.470, 16
345, 359.440, 444.970, 16
346, 359.440, 453.470, 16
347, 380.310, 70.970, 7
348, 380.310, 79.470, 7
349, 380.310, 87.970, 7
350, 380.310, 96.470, 7
351, 380.310, 104.970, 7
352, 380.310, 113.470, 7
353, 380.310, 121.970, 7
354, 380.310, 130.470, 7
355, 380.310, 138.970, 7
356, 380.310, 147.470, 7
357, 380.310, 155.970, 7
358, 380.310, 164.470, 7
359, 380.310, 172.970, 7
360, 380.310, 181.470, 15
361, 380.310, 189.970, 15
362, 380.310, 198.470, 15
363, 380.310, 206.970, 15
364, 380.310, 215.470, 15
365, 380.310, 223.970, 15
366, 380.310, 232.470, 15
367, 380.310, 240.970, 15
368, 380.310, 249.470, 18
369, 380.310, 257.970, 18
370, 380.310, 266.470, 18
371, 380.310, 274.970, 18
372, 380.310, 283.470, 18
373, 380.310, 291.970, 18
374, 380.310, 300.470, 18
375, 380.310, 308.970, 17
376, 380.310, 317.470, 17
377, 380.310, 325.970, 17
378, 380.310, 334.470, 17
379, 380.310, 342.970, 17
380, 380.310, 351.470, 17
381, 380.310, 359.970, 17
382, 380.310, 368.470, 17
383, 380.310, 376.970, 17
384, 380.310, 385.470, 17
385, 380.310, 393.970, 16
386, 380.310, 402.470, 16
387, 380.310, 410.970, 16
388, 380.310, 419.470, 16
389, 380.310, 427.970, 16
390, 380.310, 436.470, 16
391, 380.310, 444.970, 16
392, 380.310, 453.470, 16
393, 401.180, 70.970, 7
394, 401.180, 79.470, 7
395, 401.180, 87.970, 7
396, 401.180, 96.470, 7
397, 401.180, 104.970, 7
398, 401.180, 113.470, 7
399, 401.180, 121.970, 7
400, 401.180, 130.470, 7
401, 401.180, 138.970, 7
402, 401.180, 147.470, 7
403, 401.180, 155.970, 7
404, 401.180, 164.470, 7
405, 401.180, 172.970, 7
406, 401.180, 181.470, 15
407, 401.180, 189.970, 15
408, 401.180, 198.470, 15
409, 401.180, 206.970, 15
410, 401.180, 215.470, 15
411, 401.180, 223.970, 15
412, 401.180, 232.470, 15
413, 401.180, 240.970, 15
414, 401.180, 249.470, 18
415, 401.180, 257.970, 18
416, 401.180, 266.470, 18
417, 401.180, 274.970, 18
418, 401.180, 283.470, 18
419, 401.180, 291.970, 18
420, 401.180, 300.470, 18
421, 401.180, 308.970, 17
422, 401.180, 317.470, 17
423, 401.180, 325.970, 17
424, 401.180, 334.470, 17
425, 401.180, 342.970, 17
426, 401.180, 351.470, 17
427, 401.180, 359.970, 17
428, 401.180, 368.470, 17
429, 401.180, 376.970, 17
430, 401.180, 385.470, 17
431, 401.180, 393.970, 16
432, 401.180, 402.470, 16
433, 401.180, 410.970, 16
434, 401.180, 419.470, 16
435, 401.180, 427.970, 16
436, 401.180, 436.470, 16
437, 401.180, 444.970, 16
438, 401.180, 453.470, 16
439, 422.050, 70.970, 7
440, 422.050, 79.470, 7
441, 422.050, 87.970, 7
442, 422.050, 96.470, 7
443, 422.050, 104.970, 7
444, 422.050, 113.470, 7
445, 422.050, 121.970, 7
446, 422.050, 130.470, 7
447, 422.050, 138.970, 7
448, 422.050, 147.470, 7
449, 422.050, 155.970, 7
450, 422.050, 164.470, 7
451, 422.050, 172.970, 7
452, 422.050, 181.470, 15
453, 422.050, 189.970, 15
454, 422.050, 198.470, 15
455, 422.050, 206.970, 15
456, 422.050, 215.470, 15
457, 422.050, 223.970, 15
458, 422.050, 232.470, 15
459, 422.050, 240.970, 15
460, 422.050, 249.470, 18
461, 422.050, 257.970, 18
462, 422.050, 266.470, 18
463, 422.050, 274.970, 18
464, 422.050, 283.470, 18
465, 422.050, 291.970, 18
466, 422.050, 300.470, 18
467, 422.050, 308.970, 17
468, 422.050, 317.470, 17
469, 422.050, 325.970, 17
470, 422.050, 334.470, 17
471, 422.050, 342.970, 17
472, 422.050, 351.470, 17
473, 422.050, 359.970, 17
474, 422.050, 368.470, 17
475, 422.050, 376.970, 17
476, 422.050, 385.470, 17
477, 422.050, 393.970, 16
478, 422.050, 402.470, 16
479, 422.050, 410.970, 16
480, 422.050, 419.470, 16
481, 422.050, 427.970, 16
482, 422.050, 436.470, 16
483, 422.050, 444.970, 16
484, 422.050, 453.470, 16
485, 422.050, 461.970, 16
486, 442.920, 70.970, 7
487, 442.920, 79.470, 7
488, 442.920, 87.970, 7
489, 442.920, 96.470, 7
490, 442.920, 104.970, 7
491, 442.920, 113.470, 7
492, 442.920, 121.970, 7
493, 442.920, 130.470, 7
494, 442.920, 138.970, 7
495, 442.920, 147.470, 7
496, 442.920, 155.970, 7
497, 442.920, 164.470, 7
498, 442.920, 172.970, 7
499, 442.920, 181.470, 15
500, 442.920, 189.970, 15
501, 442.920, 198.470, 15
502, 442.920, 206.970, 15
503, 442.920, 215.470, 15
504, 442.920, 223.970, 15
505, 442.920, 232.470, 15
506, 442.920, 240.970, 15
507, 442.920, 249.470, 18
508, 442.920, 257.970, 18
509, 442.920, 266.470, 18
510, 442.920, 274.970, 18
511, 442.920, 283.470, 18
512, 442.920, 291.970, 18
513, 442.920, 300.470, 18
514, 442.920, 308.970, 18
515, 442.920, 317.470, 18
516, 442.920, 325.970, 17
517, 442.920, 334.470, 17
518, 442.920, 342.970, 17
519, 442.920, 351.470, 17
520, 442.920, 359.970, 17
521, 442.920, 368.470, 17
522, 442.920, 376.970, 17
523, 442.920, 385.470, 17
524, 442.920, 393.970, 16
525, 442.920, 402.470, 16
526, 442.920, 410.970, 16
527, 442.920, 419.470, 16
528, 442.920, 427.970, 16
529, 442.920, 436.470, 16
530, 442.920, 444.970, 16
531, 442.920, 453.470, 16
532, 442.920, 461.970, 16
533, 463.790, 70.970, 12
534, 463.790, 79.470, 12
535, 463.790, 87.970, 12
536, 463.790, 96.470, 12
537, 463.790, 104.970, 12
538, 463.790, 113.470, 12
539, 463.790, 121.970, 12
540, 463.790, 130.470, 12
541, 463.790, 138.970, 7
542, 463.790, 147.470, 7
543, 463.790, 155.970, 7
544, 463.790, 164.470, 7
545, 463.790, 172.970, 7
546, 463.790, 181.470, 15
547, 463.790, 189.970, 15
548, 463.790, 198.470, 15
549, 463.790, 206.970, 15
550, 463.790, 215.470, 15
551, 463.790, 223.970, 15
552, 463.790, 232.470, 15
553, 463.790, 240.970, 15
554, 463.790, 249.470, 18
555, 463.790, 257.970, 18
556, 463.790, 266.470, 18
557, 463.790, 274.970, 18
558, 463.790, 283.470, 18
559, 463.790, 291.970, 18
560, 463.790, 300.470, 18
561, 463.790, 308.970, 18
562, 463.790, 317.470, 18
563, 463.790, 325.970, 17
564, 463.790, 334.470, 17
565, 463.790, 342.970, 17
566, 463.790, 351.470, 17
567, 463.790, 359.970, 17
568, 463.790, 368.470, 17
569, 463.790, 376.970, 17
570, 463.790, 385.470, 17
571, 463.790, 393.970, 16
572, 463.790, 402.470, 16
573, 463.790, 410.970, 16
574, 463.790, 419.470, 16
575, 463.790, 427.970, 16
576, 463.790, 436.470, 16
577, 463.790, 444.970, 16
578, 463.790, 453.470, 16
579, 463.790, 461.970, 16
580, 484.660, 62.470, 12
581, 484.660, 70.970, 12
582, 484.660, 79.470, 12
583, 484.660, 87.970, 12
584, 484.660, 96.470, 12
585, 484.660, 104.970, 12
586, 484.660, 113.470, 12
587, 484.660, 121.970, 12
588, 484.660, 130.470, 12
589, 484.660, 138.970, 12
590, 484.660, 147.470, 12
591, 484.660, 155.970, 12
592, 484.660, 164.470, 12
593, 484.660, 172.970, 12
594, 484.660, 181.470, 15
595, 484.660, 189.970, 15
596, 484.660, 198.470, 15
597, 484.660, 206.970, 15
598, 484.660, 215.470, 15
599, 484.660, 223.970, 15
600, 484.660, 232.470, 15
601, 484.660, 240.970, 15
602, 484.660, 249.470, 18
603, 484.660, 257.970, 18
604, 484.660, 266.470, 18
605, 484.660, 274.970, 18
606, 484.660, 283.470, 18
607, 484.660, 291.970, 18
608, 484.660, 300.470, 18
609, 484.660, 308.970, 18
610, 484.660, 317.470, 18
611, 484.660, 325.970, 17
612, 484.660, 334.470, 17
613, 484.660, 342.970, 17
614, 484.660, 351.470, 17
615, 484.660, 359.970, 17
616, 484.660, 368.470, 17
617, 484.660, 376.970, 17
618, 484.660, 385.470, 17
619, 484.660, 393.970, 16
620, 484.660, 402.470, 16
621, 484.660, 410.970, 16
622, 484.660, 419.470, 16
623, 484.660, 427.970, 16
624, 484.660, 436.470, 16
625, 484.660, 444.970, 16
626, 484.660, 453.470, 16
627, 484.660, 461.970, 16
628, 484.660, 470.470, 16
629, 505.530, 62.470, 12
630, 505.530, 70.970, 12
631, 505.530, 79.470, 12
632, 505.530, 87.970, 12
633, 505.530, 96.470, 12
634, 505.530, 104.970, 12
635, 505.530, 113.470, 12
636, 505.530, 121.970, 12
637, 505.530, 130.470, 12
638, 505.530, 138.970, 12
639, 505.530, 147.470, 12
640, 505.530, 155.970, 12
641, 505.530, 164.470, 12
642, 505.530, 172.970, 12
643, 505.530, 181.470, 15
644, 505.530, 189.970, 15
645, 505.530, 198.470, 15
646, 505.530, 206.970, 15
647, 505.530, 215.470, 15
648, 505.530, 223.970, 15
649, 505.530, 232.470, 15
650, 505.530, 240.970, 15
651, 505.530, 249.470, 18
652, 505.530, 257.970, 18
653, 505.530, 266.470, 18
654, 505.530, 274.970, 18
655, 505.530, 283.470, 18
656, 505.530, 291.970, 18
657, 505.530, 300.470, 18
658, 505.530, 308.970, 18
659, 505.530, 317.470, 18
660, 505.530, 325.970, 17
661, 505.530, 334.470, 17
662, 505.530, 342.970, 17
663, 505.530, 351.470, 17
664, 505.530, 359.970, 17
665, 505.530, 368.470, 17
666, 505.530, 376.970, 17
667, 505.530, 385.470, 17
668, 505.530, 393.970, 16
669, 505.530, 402.470, 16
670, 505.530, 410.970, 16
671, 505.530, 419.470, 16
672, 505.530, 427.970, 16
673, 505.530, 436.470, 16
674, 505.530, 444.970, 16
675, 505.530, 453.470, 16
676, 505.530, 461.970, 16
677, 505.530, 470.470, 16
678, 526.400, 62.470, 12
679, 526.400, 70.970, 12
680, 526.400, 79.470, 12
681, 526.400, 87.970, 12
682, 526.400, 96.470, 12
683, 526.400, 104.970, 12
684, 526.400, 113.470, 12
685, 526.400, 121.970, 12
686, 526.400, 130.470, 12
687, 526.400, 138.970, 12
688, 526.400, 147.470, 12
689, 526.400, 155.970, 12
690, 526.400, 164.470, 12
691, 526.400, 172.970, 12
692, 526.400, 181.470, 15
693, 526.400, 189.970, 15
694, 526.400, 198.470, 15
695, 526.400, 206.970, 15
696, 526.400, 215.470, 15
697, 526.400, 223.970, 15
698, 526.400, 232.470, 15
699, 526.400, 240.970, 15
700, 526.400, 249.470, 18
701, 526.400, 257.970, 18
702, 526.400, 266.470, 18
703, 526.400, 274.970, 18
704, 526.400, 283.470, 18
705, 526.400, 291.970, 18
706, 526.400, 300.470, 18
707, 526.400, 308.970, 18
708, 526.400, 317.470, 18
709, 526.400, 325.970, 17
710, 526.400, 334.470, 17
711, 526.400, 342.970, 17
712, 526.400, 351.470, 17
713, 526.400, 359.970, 17
714, 526.400, 368.470, 17
715, 526.400, 376.970, 17
716, 526.400, 385.470, 17
717, 526.400, 393.970, 16
718, 526.400, 402.470, 16
719, 526.400, 410.970, 16
720, 526.400, 419.470, 16
721, 526.400, 427.970, 16
722, 526.400, 436.470, 16
723, 526.400, 444.970, 16
724, 526.400, 453.470, 16
725, 526.400, 461.970, 16
726, 526.400, 470.470, 16
727, 547.270, 62.470, 12
728, 547.270, 70.970, 12
729, 547.270, 79.470, 12
730, 547.270, 87.970, 12
731, 547.270, 96.470, 12
732, 547.270, 104.970, 12
733, 547.270, 113.470, 12
734, 547.270, 121.970, 12
735, 547.270, 130.470, 12
736, 547.270, 138.970, 12
737, 547.270, 147.470, 12
738, 547.270, 155.970, 12
739, 547.270, 164.470, 12
740, 547.270, 172.970, 12
741, 547.270, 181.470, 15
742, 547.270, 189.970, 15
743, 547.270, 198.470, 15
744, 547.270, 206.970, 15
745, 547.270, 215.470, 15
746, 547.270, 223.970, 15
747, 547.270, 232.470, 15
748, 547.270, 240.970, 15
749, 547.270, 249.470, 18
750, 547.270, 257.970, 18
751, 547.270, 266.470, 18
752, 547.270, 274.970, 18
753, 547.270, 283.470, 18
754, 547.270, 291.970, 18
755, 547.270, 300.470, 18
756, 547.270, 308.970, 18
757, 547.270, 317.470, 18
758, 547.270, 325.970, 17
759, 547.270, 334.470, 17
760, 547.270, 342.970, 17
761, 547.270, 351.470, 17
762, 547.270, 359.970, 17
763, 547.270, 368.470, 17
764, 547.270, 376.970, 17
765, 547.270, 385.470, 17
766, 547.270, 393.970, 16
767, 547.270, 402.470, 16
768, 547.270, 410.970, 16
769, 547.270, 419.470, 16
770, 547.270, 427.970, 16
771, 547.270, 436.470, 16
772, 547.270, 444.970, 16
773, 547.270, 453.470, 6
774, 547.270, 461.970, 6
775, 547.270, 470.470, 6
776, 547.270, 478.970, 6
777, 568.140, 62.470, 12
778, 568.140, 70.970, 12
779, 568.140, 79.470, 12
780, 568.140, 87.970, 12
781, 568.140, 96.470, 12
782, 568.140, 104.970, 12
783, 568.140, 113.470, 12
784, 568.140, 121.970, 12
785, 568.140, 130.470, 12
786, 568.140, 138.970, 12
787, 568.140, 147.470, 12
788, 568.140, 155.970, 12
789, 568.140, 164.470, 12
790, 568.140, 172.970, 12
791, 568.140, 181.470, 15
792, 568.140, 189.970, 15
793, 568.140, 198.470, 15
794, 568.140, 206.970, 15
795, 568.140, 215.470, 15
796, 568.140, 223.970, 15
797, 568.140, 232.470, 15
798, 568.140, 240.970, 18
799, 568.140, 249.470, 18
800, 568.140, 257.970, 18
801, 568.140, 266.470, 18
802, 568.140, 274.970, 18
803, 568.140, 283.470, 18
804, 568.140, 291.970, 18
805, 568.140, 300.470, 18
806, 568.140, 308.970, 18
807, 568.140, 317.470, 18
808, 568.140, 325.970, 17
809, 568.140, 334.470, 17
810, 568.140, 342.970, 17
811, 568.140, 351.470, 17
812, 568.140, 359.970, 17
813, 568.140, 368.470, 17
814, 568.140, 376.970, 17
815, 568.140, 385.470, 17
816, 568.140, 393.970, 16
817, 568.140, 402.470, 16
818, 568.140, 410.970, 16
819, 568.140, 419.470, 16
820, 568.140, 427.970, 16
821, 568.140, 436.470, 16
822, 568.140, 444.970, 6
823, 568.140, 453.470, 6
824, 568.140, 461.970, 6
825, 568.140, 470.470, 6
826, 568.140, 478.970, 6
827, 589.010, 62.470, 12
828, 589.010, 70.970, 12
829, 589.010, 79.470, 12
830, 589.010, 87.970, 12
831, 589.010, 96.470, 12
832, 589.010, 104.970, 12
833, 589.010, 113.470, 12
834, 589.010, 121.970, 12
835, 589.010, 130.470, 12
836, 589.010, 138.970, 12
837, 589.010, 147.470, 12
838, 589.010, 155.970, 12
839, 589.010, 164.470, 12
840, 589.010, 172.970, 12
841, 589.010, 181.470, 15
842, 589.010, 189.970, 15
843, 589.010, 198.470, 15
844, 589.010, 206.970, 15
845, 589.010, 215.470, 15
846, 589.010, 223.970, 15
847, 589.010, 232.470, 15
848, 589.010, 240.970, 18
849, 589.010, 249.470, 18
850, 589.010, 257.970, 18
851, 589.010, 266.470, 18
852, 589.010, 274.970, 18
853, 589.010, 283.470, 18
854, 589.010, 291.970, 18
855, 589.010, 300.470, 18
856, 589.010, 308.970, 18
857, 589.010, 317.470, 18
858, 589.010, 325.970, 4
859, 589.010, 334.470, 4
860, 589.010, 342.970, 4
861, 589.010, 351.470, 4
862, 589.010, 359.970, 4
863, 589.010, 368.470, 4
864, 589.010, 376.970, 4
865, 589.010, 385.470, 4
866, 589.010, 393.970, 6
867, 589.010, 402.470, 6
868, 589.010, 410.970, 6
869, 589.010, 419.470, 6
870, 589.010, 427.970, 6
871, 589.010, 436.470, 6
872, 589.010, 444.970, 6
873, 589.010, 453.470, 6
874, 589.010, 461.970, 6
875, 589.010, 470.470, 6
876, 589.010, 478.970, 6
877, 609.880, 53.970, 22
878, 609.880, 62.470, 12
879, 609.880, 70.970, 12
880, 609.880, 79.470, 12
881, 609.880, 87.970, 12
882, 609.880, 96.470, 12
883, 609.880, 104.970, 12
884, 609.880, 113.470, 12
885, 609.880, 121.970, 12
886, 609.880, 130.470, 12
887, 609.880, 138.970, 12
888, 609.880, 147.470, 12
889, 609.880, 155.970, 12
890, 609.880, 164.470, 12
891, 609.880, 172.970, 12
892, 609.880, 181.470, 15
893, 609.880, 189.970, 15
894, 609.880, 198.470, 15
895, 609.880, 206.970, 15
896, 609.880, 215.470, 15
897, 609.880, 223.970, 15
898, 609.880, 232.470, 15
899, 609.880, 240.970, 2
900, 609.880, 249.470, 2
901, 609.880, 257.970, 2
902, 609.880, 266.470, 2
903, 609.880, 274.970, 2
904, 609.880, 283.470, 2
905, 609.880, 291.970, 2
906, 609.880, 300.470, 2
907, 609.880, 308.970, 4
908, 609.880, 317.470, 4
909, 609.880, 325.970, 4
910, 609.880, 334.470, 4
911, 609.880, 342.970, 4
912, 609.880, 351.470, 4
913, 609.880, 359.970, 4
914, 609.880, 368.470, 4
915, 609.880, 376.970, 4
916, 609.880, 385.470, 4
917, 609.880, 393.970, 6
918, 609.880, 402.470, 6
919, 609.880, 410.970, 6
920, 609.880, 419.470, 6
921, 609.880, 427.970, 6
922, 609.880, 436.470, 6
923, 609.880, 444.970, 6
924, 609.880, 453.470, 6
925, 609.880, 461.970, 6
926, 609.880, 470.470, 6
927, 609.880, 478.970, 6
928, 609.880, 487.470, 6
929, 630.750, 53.970, 22
930, 630.750, 62.470, 22
931, 630.750, 70.970, 22
932, 630.750, 79.470, 22
933, 630.750, 87.970, 22
934, 630.750, 96.470, 22
935, 630.750, 104.970, 22
936, 630.750, 113.470, 22
937, 630.750, 121.970, 12
938, 630.750, 130.470, 12
939, 630.750, 138.970, 12
940, 630.750, 147.470, 13
941, 630.750, 155.970, 13
942, 630.750, 164.470, 13
943, 630.750, 172.970, 13
944, 630.750, 181.470, 13
945, 630.750, 189.970, 13
946, 630.750, 198.470, 13
947, 630.750, 206.970, 13
948, 630.750, 215.470, 13
949, 630.750, 223.970, 13
950, 630.750, 232.470, 13
951, 630.750, 240.970, 2
952, 630.750, 249.470, 2
953, 630.750, 257.970, 2
954, 630.750, 266.470, 2
955, 630.750, 274.970, 2
956, 630.750, 283.470, 2
957, 630.750, 291.970, 2
958, 630.750, 300.470, 2
959, 630.750, 308.970, 4
960, 630.750, 317.470, 4
961, 630.750, 325.970, 4
962, 630.750, 334.470, 4
963, 630.750, 342.970, 4
964, 630.750, 351.470, 4
965, 630.750, 359.970, 4
966, 630.750, 368.470, 4
967, 630.750, 376.970, 4
968, 630.750, 385.470, 4
969, 630.750, 393.970, 6
970, 630.750, 402.470, 6
971, 630.750, 410.970, 6
972, 630.750, 419.470, 6
973, 630.750, 427.970, 6
974, 630.750, 436.470, 6
975, 630.750, 444.970, 6
976, 630.750, 453.470, 6
977, 630.750, 461.970, 6
978, 630.750, 470.470, 6
979, 630.750, 478.970, 6
980, 630.750, 487.470, 6
981, 651.620, 53.970, 22
982, 651.620, 62.470, 22
983, 651.620, 70.970, 22
984, 651.620, 79.470, 22
985, 651.620, 87.970, 22
986, 651.620, 96.470, 22
987, 651.620, 104.970, 22
988, 651.620, 113.470, 22
989, 651.620, 121.970, 22
990, 651.620, 130.470, 22
991, 651.620, 138.970, 22
992, 651.620, 147.470, 13
993, 651.620, 155.970, 13
994, 651.620, 164.470, 13
995, 651.620, 172.970, 13
996, 651.620, 181.470, 13
997, 651.620, 189.970, 13
998, 651.620, 198.470, 13
999, 651.620, 206.970, 13
1000, 651.620, 215.470, 13
1001, 651.620, 223.970, 13
1002, 651.620, 232.470, 13
1003, 651.620, 240.970, 2
1004, 651.620, 249.470, 2
1005, 651.620, 257.970, 2
1006, 651.620, 266.470, 2
1007, 651.620, 274.970, 2
1008, 651.620, 283.470, 2
1009, 651.620, 291.970, 2
1010, 651.620, 300.470, 2
1011, 651.620, 308.970, 4
1012, 651.620, 317.470, 4
1013, 651.620, 325.970, 4
1014, 651.620, 334.470, 4
1015, 651.620, 342.970, 4
1016, 651.620, 351.470, 4
1017, 651.620, 359.970, 4
1018, 651.620, 368.470, 4
1019, 651.620, 376.970, 4
1020, 651.620, 385.470, 4
1021, 651.620, 393.970, 6
1022, 651.620, 402.470, 6
1023, 651.620, 410.970, 6
1024, 651.620, 419.470, 6
1025, 651.620, 427.970, 6
1026, 651.620, 436.470, 6
1027, 651.620, 444.970, 6
1028, 651.620, 453.470, 6
1029, 651.620, 461.970, 6
1030, 651.620, 470.470, 6
1031, 651.620, 478.970, 6
1032, 651.620, 487.470, 6
1033, 672.490, 53.970, 22
1034, 672.490, 62.470, 22
1035, 672.490, 70.970, 22
1036, 672.490, 79.470, 22
1037, 672.490, 87.970, 22
1038, 672.490, 96.470, 22
1039, 672.490, 104.970, 22
1040, 672.490, 113.470, 22
1041, 672.490, 121.970, 22
1042, 672.490, 130.470, 22
1043, 672.490, 138.970, 22
1044, 672.490, 147.470, 13
1045, 672.490, 155.970, 13
1046, 672.490, 164.470, 13
1047, 672.490, 172.970, 13
1048, 672.490, 181.470, 13
1049, 672.490, 189.970, 13
1050, 672.490, 198.470, 13
1051, 672.490, 206.970, 13
1052, 672.490, 215.470, 13
1053, 672.490, 223.970, 13
1054, 672.490, 232.470, 13
1055, 672.490, 240.970, 2
1056, 672.490, 249.470, 2
1057, 672.490, 257.970, 2
1058, 672.490, 266.470, 2
1059, 672.490, 274.970, 2
1060, 672.490, 283.470, 2
1061, 672.490, 291.970, 2
1062, 672.490, 300.470, 2
1063, 672.490, 308.970, 2
1064, 672.490, 317.470, 4
1065, 672.490, 325.970, 4
1066, 672.490, 334.470, 4
1067, 672.490, 342.970, 4
1068, 672.490, 351.470, 4
1069, 672.490, 359.970, 4
1070, 672.490, 368.470, 4
1071, 672.490, 376.970, 4
1072, 672.490, 385.470, 4
1073, 672.490, 393.970, 6
1074, 672.490, 402.470, 6
1075, 672.490, 410.970, 6
1076, 672.490, 419.470, 6
1077, 672.490, 427.970, 6
1078, 672.490, 436.470, 6
1079, 672.490, 444.970, 6
1080, 672.490, 453.470, 6
1081, 672.490, 461.970, 6
1082, 672.490, 470.470, 6
1083, 672.490, 478.970, 6
1084, 672.490, 487.470, 6
1085, 672.490, 495.970, 6
1086, 693.360, 53.970, 22
1087, 693.360, 62.470, 22
1088, 693.360, 70.970, 22
1089, 693.360, 79.470, 22
1090, 693.360, 87.970, 22
1091, 693.360, 96.470, 22
1092, 693.360, 104.970, 22
1093, 693.360, 113.470, 22
1094, 693.360, 121.970, 22
1095, 693.360, 130.470, 22
1096, 693.360, 138.970, 22
1097, 693.360, 147.470, 13
1098, 693.360, 155.970, 13
1099, 693.360, 164.470, 13
1100, 693.360, 172.970, 13
1101, 693.360, 181.470, 13
1102, 693.360, 189.970, 13
1103, 693.360, 198.470, 13
1104, 693.360, 206.970, 13
1105, 693.360, 215.470, 13
1106, 693.360, 223.970, 13
1107, 693.360, 232.470, 13
1108, 693.360, 240.970, 2
1109, 693.360, 249.470, 2
1110, 693.360, 257.970, 2
1111, 693.360, 266.470, 2
1112, 693.360, 274.970, 2
1113, 693.360, 283.470, 2
1114, 693.360, 291.970, 2
1115, 693.360, 300.470, 2
1116, 693.360, 308.970, 2
1117, 693.360, 317.470, 4
1118, 693.360, 325.970, 4
1119, 693.360, 334.470, 4
1120, 693.360, 342.970, 4
1121, 693.360, 351.470, 4
1122, 693.360, 359.970, 4
1123, 693.360, 368.470, 4
1124, 693.360, 376.970, 4
1125, 693.360, 385.470, 4
1126, 693.360, 393.970, 6
1127, 693.360, 402.470, 6
1128, 693.360, 410.970, 6
1129, 693.360, 419.470, 6
1130, 693.360, 427.970, 6
1131, 693.360, 436.470, 6
1132, 693.360, 444.970, 6
1133, 693.360, 453.470, 6
1134, 693.360, 461.970, 6
1135, 693.360, 470.470, 6
1136, 693.360, 478.970, 6
1137, 693.360, 487.470, 6
1138, 693.360, 495.970, 6
1139, 714.230, 53.970, 22
1140, 714.230, 62.470, 22
1141, 714.230, 70.970, 22
1142, 714.230, 79.470, 22
1143, 714.230, 87.970, 22
1144, 714.230, 96.470, 22
1145, 714.230, 104.970, 22
1146, 714.230, 113.470, 22
1147, 714.230, 121.970, 22
1148, 714.230, 130.470, 22
1149, 714.230, 138.970, 22
1150, 714.230, 147.470, 13
1151, 714.230, 155.970, 13
1152, 714.230, 164.470, 13
1153, 714.230, 172.970, 13
1154, 714.230, 181.470, 13
1155, 714.230, 189.970, 13
1156, 714.230, 198.470, 13
1157, 714.230, 206.970, 13
1158, 714.230, 215.470, 13
1159, 714.230, 223.970, 13
1160, 714.230, 232.470, 13
1161, 714.230, 240.970, 2
1162, 714.230, 249.470, 2
1163, 714.230, 257.970, 2
1164, 714.230, 266.470, 2
1165, 714.230, 274.970, 2
1166, 714.230, 283.470, 2
1167, 714.230, 291.970, 2
1168, 714.230, 300.470, 2
1169, 714.230, 308.970, 2
1170, 714.230, 317.470, 4
1171, 714.230, 325.970, 4
1172, 714.230, 334.470, 4
1173, 714.230, 342.970, 4
1174, 714.230, 351.470, 4
1175, 714.230, 359.970, 4
1176, 714.230, 368.470, 4
1177, 714.230, 376.970, 4
1178, 714.230, 385.470, 4
1179, 714.230, 393.970, 6
1180, 714.230, 402.470, 6
1181, 714.230, 410.970, 6
1182, 714.230, 419.470, 6
1183, 714.230, 427.970, 6
1184, 714.230, 436.470, 6
1185, 714.230, 444.970, 6
1186, 714.230, 453.470, 6
1187, 714.230, 461.970, 6
1188, 714.230, 470.470, 6
1189, 714.230, 478.970, 6
1190, 714.230, 487.470, 6
1191, 714.230, 495.970, 6
1192, 735.100, 45.470, 22
1193, 735.100, 53.970, 22
1194, 735.100, 62.470, 22
1195, 735.100, 70.970, 22
1196, 735.100, 79.470, 22
1197, 735.100, 87.970, 22
1198, 735.100, 96.470, 22
1199, 735.100, 104.970, 22
1200, 735.100, 113.470, 22
1201, 735.100, 121.970, 22
1202, 735.100, 130.470, 22
1203, 735.100, 138.970, 22
1204, 735.100, 147.470, 13
1205, 735.100, 155.970, 13
1206, 735.100, 164.470, 13
1207, 735.100, 172.970, 13
1208, 735.100, 181.470, 13
1209, 735.100, 189.970, 13
1210, 735.100, 198.470, 13
1211, 735.100, 206.970, 13
1212, 735.100, 215.470, 13
1213, 735.100, 223.970, 13
1214, 735.100, 232.470, 2
1215, 735.100, 240.970, 2
1216, 735.100, 249.470, 2
1217, 735.100, 257.970, 2
1218, 735.100, 266.470, 2
1219, 735.100, 274.970, 2
1220, 735.100, 283.470, 2
1221, 735.100, 291.970, 2
1222, 735.100, 300.470, 2
1223, 735.100, 308.970, 2
1224, 735.100, 317.470, 4
1225, 735.100, 325.970, 4
1226, 735.100, 334.470, 4
1227, 735.100, 342.970, 4
1228, 735.100, 351.470, 4
1229, 735.100, 359.970, 4
1230, 735.100, 368.470, 4
1231, 735.100, 376.970, 4
1232, 735.100, 385.470, 4
1233, 735.100, 393.970, 6
1234, 735.100, 402.470, 6
1235, 735.100, 410.970, 6
1236, 735.100, 419.470, 6
1237, 735.100, 427.970, 6
1238, 735.100, 436.470, 6
1239, 735.100, 444.970, 6
1240, 735.100, 453.470, 6
1241, 735.100, 461.970, 6
1242, 735.100, 470.470, 6
1243, 735.100, 478.970, 6
1244, 735.100, 487.470, 6
1245, 735.100, 495.970, 6
1246, 735.100, 504.470, 6
1247, 755.970, 53.970, 22
1248, 755.970, 62.470, 22
1249, 755.970, 70.970, 22
1250, 755.970, 79.470, 22
1251, 755.970, 87.970, 22
1252, 755.970, 96.470, 22
1253, 755.970, 104.970, 22
1254, 755.970, 113.470, 22
1255, 755.970, 121.970, 22
1256, 755.970, 130.470, 22
1257, 755.970, 138.970, 22
1258, 755.970, 147.470, 13
1259, 755.970, 155.970, 13
1260, 755.970, 164.470, 13
1261, 755.970, 172.970, 13
1262, 755.970, 181.470, 13
1263, 755.970, 189.970, 13
1264, 755.970, 198.470, 13
1265, 755.970, 206.970, 13
1266, 755.970, 215.470, 13
1267, 755.970, 223.970, 13
1268, 755.970, 232.470, 2
1269, 755.970, 240.970, 2
1270, 755.970, 249.470, 2
1271, 755.970, 257.970, 2
1272, 755.970, 266.470, 2
1273, 755.970, 274.970, 2
1274, 755.970, 283.470, 2
1275, 755.970, 291.970, 2
1276, 755.970, 300.470, 2
1277, 755.970, 308.970, 2
1278, 755.970, 317.470, 4
1279, 755.970, 325.970, 4
1280, 755.970, 334.470, 4
1281, 755.970, 342.970, 4
1282, 755.970, 351.470, 4
1283, 755.970, 359.970, 4
1284, 755.970, 368.470, 4
1285, 755.970, 376.970, 4
1286, 755.970, 385.470, 4
1287, 755.970, 393.970, 4
1288, 755.970, 402.470, 20
1289, 755.970, 410.970, 20
1290, 755.970, 419.470, 20
1291, 755.970, 427.970, 20
1292, 755.970, 436.470, 20
1293, 755.970, 444.970, 20
1294, 755.970, 453.470, 20
1295, 755.970, 461.970, 20
1296, 755.970, 470.470, 20
1297, 755.970, 478.970, 20
1298, 755.970, 487.470, 20
1299, 755.970, 495.970, 20
1300, 755.970, 504.470, 20
1301, 776.840, 53.970, 22
1302, 776.840, 62.470, 22
1303, 776.840, 70.970, 22
1304, 776.840, 79.470, 22
1305, 776.840, 87.970, 22
1306, 776.840, 96.470, 22
1307, 776.840, 104.970, 22
1308, 776.840, 113.470, 22
1309, 776.840, 121.970, 22
1310, 776.840, 130.470, 22
1311, 776.840, 138.970, 22
1312, 776.840, 147.470, 13
1313, 776.840, 155.970, 13
1314, 776.840, 164.470, 13
1315, 776.840, 172.970, 13
1316, 776.840, 181.470, 13
1317, 776.840, 189.970, 13
1318, 776.840, 198.470, 13
1319, 776.840, 206.970, 13
1320, 776.840, 215.470, 13
1321, 776.840, 223.970, 13
1322, 776.840, 232.470, 2
1323, 776.840, 240.970, 2
1324, 776.840, 249.470, 2
1325, 776.840, 257.970, 2
1326, 776.840, 266.470, 2
1327, 776.840, 274.970, 2
1328, 776.840, 283.470, 2
1329, 776.840, 291.970, 2
1330, 776.840, 300.470, 2
1331, 776.840, 308.970, 2
1332, 776.840, 317.470, 4
1333, 776.840, 325.970, 4
1334, 776.840, 334.470, 4
1335, 776.840, 342.970, 4
1336, 776.840, 351.470, 4
1337, 776.840, 359.970, 4
1338, 776.840, 368.470, 4
1339, 776.840, 376.970, 4
1340, 776.840, 385.470, 4
1341, 776.840, 393.970, 4
1342, 776.840, 402.470, 20
1343, 776.840, 410.970, 20
1344, 776.840, 419.470, 20
1345, 776.840, 427.970, 20
1346, 776.840, 436.470, 20
1347, 776.840, 444.970, 20
1348, 776.840, 453.470, 20
1349, 776.840, 461.970, 20
1350, 776.840, 470.470, 20
1351, 776.840, 478.970, 20
1352, 776.840, 487.470, 20
1353, 776.840, 495.970, 20
1354, 776.840, 504.470, 20
1355, 797.710, 53.970, 22
1356, 797.710, 62.470, 22
1357, 797.710, 70.970, 22
1358, 797.710, 79.470, 22
1359, 797.710, 87.970, 22
1360, 797.710, 96.470, 22
1361, 797.710, 104.970, 22
1362, 797.710, 113.470, 22
1363, 797.710, 121.970, 22
1364, 797.710, 130.470, 22
1365, 797.710, 138.970, 22
1366, 797.710, 147.470, 13
1367, 797.710, 155.970, 13
1368, 797.710, 164.470, 13
1369, 797.710, 172.970, 13
1370, 797.710, 181.470, 13
1371, 797.710, 189.970, 13
1372, 797.710, 198.470, 13
1373, 797.710, 206.970, 13
1374, 797.710, 215.470, 13
1375, 797.710, 223.970, 13
1376, 797.710, 232.470, 2
1377, 797.710, 240.970, 2
1378, 797.710, 249.470, 2
1379, 797.710, 257.970, 2
1380, 797.710, 266.470, 2
1381, 797.710, 274.970, 2
1382, 797.710, 283.470, 2
1383, 797.710, 291.970, 2
1384, 797.710, 300.470, 2
1385, 797.710, 308.970, 2
1386, 797.710, 317.470, 4
1387, 797.710, 325.970, 4
1388, 797.710, 334.470, 4
1389, 797.710, 342.970, 4
1390, 797.710, 351.470, 4
1391, 797.710, 359.970, 4
1392, 797.710, 368.470, 4
1393, 797.710, 376.970, 4
1394, 797.710, 385.470, 4
1395, 797.710, 393.970, 4
1396, 797.710, 402.470, 20
1397, 797.710, 410.970, 20
1398, 797.710, 419.470, 20
1399, 797.710, 427.970, 20
1400, 797.710, 436.470, 20
1401, 797.710, 444.970, 20
1402, 797.710, 453.470, 20
1403, 797.710, 461.970, 20
1404, 797.710, 470.470, 20
1405, 797.710, 478.970, 20
1406, 797.710, 487.470, 20
1407, 797.710, 495.970, 20
1408, 797.710, 504.470, 20
1409, 797.710, 512.970, 20
1410, 818.580, 53.970, 22
1411, 818.580, 62.470, 22
1412, 818.580, 70.970, 22
1413, 818.580, 79.470, 22
1414, 818.580, 87.970, 22
1415, 818.580, 96.470, 22
1416, 818.580, 104.970, 22
1417, 818.580, 113.470, 22
1418, 818.580, 121.970, 22
1419, 818.580, 130.470, 22
1420, 818.580, 138.970, 22
1421, 818.580, 147.470, 13
1422, 818.580, 155.970, 13
1423, 818.580, 164.470, 13
1424, 818.580, 172.970, 13
1425, 818.580, 181.470, 13
1426, 818.580, 189.970, 13
1427, 818.580, 198.470, 13
1428, 818.580, 206.970, 13
1429, 818.580, 215.470, 13
1430, 818.580, 223.970, 13
1431, 818.580, 232.470, 2
1432, 818.580, 240.970, 2
1433, 818.580, 249.470, 2
1434, 818.580, 257.970, 2
1435, 818.580, 266.470, 2
1436, 818.580, 274.970, 2
1437, 818.580, 283.470, 2
1438, 818.580, 291.970, 2
1439, 818.580, 300.470, 2
1440, 818.580, 308.970, 2
1441, 818.580, 317.470, 4
1442, 818.580, 325.970, 4
1443, 818.580, 334.470, 4
1444, 818.580, 342.970, 4
1445, 818.580, 351.470, 4
1446, 818.580, 359.970, 5
1447, 818.580, 368.470, 5
1448, 818.580, 376.970, 5
1449, 818.580, 385.470, 5
1450, 818.580, 393.970, 5
1451, 818.580, 402.470, 20
1452, 818.580, 410.970, 20
1453, 818.580, 419.470, 20
1454, 818.580, 427.970, 20
1455, 818.580, 436.470, 20
1456, 818.580, 444.970, 20
1457, 818.580, 453.470, 20
1458, 818.580, 461.970, 20
1459, 818.580, 470.470, 20
1460, 818.580, 478.970, 20
1461, 818.580, 487.470, 20
1462, 818.580, 495.970, 20
1463, 818.580, 504.470, 20
1464, 818.580, 512.970, 20
1465, 839.450, 53.970, 10
1466, 839.450, 62.470, 10
1467, 839.450, 70.970, 10
1468, 839.450, 79.470, 10
1469, 839.450, 87.970, 10
1470, 839.450, 96.470, 10
1471, 839.450, 104.970, 10
1472, 839.450, 113.470, 10
1473, 839.450, 121.970, 10
1474, 839.450, 130.470, 10
1475, 839.450, 138.970, 8
1476, 839.450, 147.470, 8
1477, 839.450, 155.970, 8
1478, 839.450, 164.470, 8
1479, 839.450, 172.970, 8
1480, 839.450, 181.470, 8
1481, 839.450, 189.970, 8
1482, 839.450, 198.470, 13
1483, 839.450, 206.970, 13
1484, 839.450, 215.470, 13
1485, 839.450, 223.970, 13
1486, 839.450, 232.470, 2
1487, 839.450, 240.970, 2
1488, 839.450, 249.470, 2
1489, 839.450, 257.970, 2
1490, 839.450, 266.470, 2
1491, 839.450, 274.970, 2
1492, 839.450, 283.470, 2
1493, 839.450, 291.970, 2
1494, 839.450, 300.470, 1
1495, 839.450, 308.970, 1
1496, 839.450, 317.470, 1
1497, 839.450, 325.970, 5
1498, 839.450, 334.470, 5
1499, 839.450, 342.970, 5
1500, 839.450, 351.470, 5
1501, 839.450, 359.970, 5
1502, 839.450, 368.470, 5
1503, 839.450, 376.970, 5
1504, 839.450, 385.470, 5
1505, 839.450, 393.970, 5
1506, 839.450, 402.470, 20
1507, 839.450, 410.970, 20
1508, 839.450, 419.470, 20
1509, 839.450, 427.970, 20
1510, 839.450, 436.470, 20
1511, 839.450, 444.970, 20
1512, 839.450, 453.470, 20
1513, 839.450, 461.970, 20
1514, 839.450, 470.470, 20
1515, 839.450, 478.970, 20
1516, 839.450, 487.470, 20
1517, 839.450, 495.970, 20
1518, 839.450, 504.470, 20
1519, 839.450, 512.970, 20
1520, 839.450, 521.470, 20
1521, 860.320, 53.970, 10
1522, 860.320, 62.470, 10
1523, 860.320, 70.970, 10
1524, 860.320, 79.470, 10
1525, 860.320, 87.970, 10
1526, 860.320, 96.470, 10
1527, 860.320, 104.970, 10
1528, 860.320, 113.470, 10
1529, 860.320, 121.970, 10
1530, 860.320, 130.470, 10
1531, 860.320, 138.970, 8
1532, 860.320, 147.470, 8
1533, 860.320, 155.970, 8
1534, 860.320, 164.470, 8
1535, 860.320, 172.970, 8
1536, 860.320, 181.470, 8
1537, 860.320, 189.970, 8
1538, 860.320, 198.470, 8
1539, 860.320, 206.970, 8
1540, 860.320, 215.470, 8
1541, 860.320, 223.970, 8
1542, 860.320, 232.470, 1
1543, 860.320, 240.970, 1
1544, 860.320, 249.470, 1
1545, 860.320, 257.970, 1
1546, 860.320, 266.470, 1
1547, 860.320, 274.970, 1
1548, 860.320, 283.470, 1
1549, 860.320, 291.970, 1
1550, 860.320, 300.470, 1
1551, 860.320, 308.970, 1
1552, 860.320, 317.470, 1
1553, 860.320, 325.970, 5
1554, 860.320, 334.470, 5
1555, 860.320, 342.970, 5
1556, 860.320, 351.470, 5
1557, 860.320, 359.970, 5
1558, 860.320, 368.470, 5
1559, 860.320, 376.970, 5
1560, 860.320, 385.470, 5
1561, 860.320, 393.970, 5
1562, 860.320, 402.470, 20
1563, 860.320, 410.970, 20
1564, 860.320, 419.470, 20
1565, 860.320, 427.970, 20
1566, 860.320, 436.470, 20
1567, 860.320, 444.970, 20
1568, 860.320, 453.470, 20
1569, 860.320, 461.970, 20
1570, 860.320, 470.470, 20
1571, 860.320, 478.970, 20
1572, 860.320, 487.470, 20
1573, 860.320, 495.970, 20
1574, 860.320, 504.470, 20
1575, 860.320, 512.970, 20
1576, 881.190, 53.970, 10
1577, 881.190, 62.470, 10
1578, 881.190, 70.970, 10
1579, 881.190, 79.470, 10
1580, 881.190, 87.970, 10
1581, 881.190, 96.470, 10
1582, 881.190, 104.970, 10
1583, 881.190, 113.470, 10
1584, 881.190, 121.970, 10
1585, 881.190, 130.470, 10
1586, 881.190, 138.970, 8
1587, 881.190, 147.470, 8
1588, 881.190, 155.970, 8
1589, 881.190, 164.470, 8
1590, 881.190, 172.970, 8
1591, 881.190, 181.470, 8
1592, 881.190, 189.970, 8
1593, 881.190, 198.470, 8
1594, 881.190, 206.970, 8
1595, 881.190, 215.470, 8
1596, 881.190, 223.970, 8
1597, 881.190, 232.470, 1
1598, 881.190, 240.970, 1
1599, 881.190, 249.470, 1
1600, 881.190, 257.970, 1
1601, 881.190, 266.470, 1
1602, 881.190, 274.970, 1
1603, 881.190, 283.470, 1
1604, 881.190, 291.970, 1
1605, 881.190, 300.470, 1
1606, 881.190, 308.970, 1
1607, 881.190, 317.470, 1
1608, 881.190, 325.970, 5
1609, 881.190, 334.470, 5
1610, 881.190, 342.970, 5
1611, 881.190, 351.470, 5
1612, 881.190, 359.970, 5
1613, 881.190, 368.470, 5
1614, 881.190, 376.970, 5
1615, 881.190, 385.470, 5
1616, 881.190, 393.970, 5
1617, 881.190, 402.470, 5
1618, 881.190, 410.970, 20
1619, 881.190, 419.470, 20
1620, 881.190, 427.970, 20
1621, 881.190, 436.470, 20
1622, 881.190, 444.970, 20
1623, 881.190, 453.470, 20
1624, 881.190, 461.970, 20
1625, 881.190, 470.470, 20
1626, 881.190, 478.970, 20
1627, 881.190, 487.470, 20
1628, 881.190, 495.970, 20
1629, 881.190, 504.470, 20
1630, 881.190, 512.970, 20
1631, 902.060, 62.470, 10
1632, 902.060, 70.970, 10
1633, 902.060, 79.470, 10
1634, 902.060, 87.970, 10
1635, 902.060, 96.470, 10
1636, 902.060, 104.970, 10
1637, 902.060, 113.470, 10
1638, 902.060, 121.970, 10
1639, 902.060, 130.470, 10
1640, 902.060, 138.970, 8
1641, 902.060, 147.470, 8
1642, 902.060, 155.970, 8
1643, 902.060, 164.470, 8
1644, 902.060, 172.970, 8
1645, 902.060, 181.470, 8
1646, 902.060, 189.970, 8
1647, 902.060, 198.470, 8
1648, 902.060, 206.970, 8
1649, 902.060, 215.470, 8
1650, 902.060, 223.970, 8
1651, 902.060, 232.470, 1
1652, 902.060, 240.970, 1
1653, 902.060, 249.470, 1
1654, 902.060, 257.970, 1
1655, 902.060, 266.470, 1
1656, 902.060, 274.970, 1
1657, 902.060, 283.470, 1
1658, 902.060, 291.970, 1
1659, 902.060, 300.470, 1
1660, 902.060, 308.970, 1
1661, 902.060, 317.470, 1
1662, 902.060, 325.970, 5
1663, 902.060, 334.470, 5
1664, 902.060, 342.970, 5
1665, 902.060, 351.470, 5
1666, 902.060, 359.970, 5
1667, 902.060, 368.470, 5
1668, 902.060, 376.970, 5
1669, 902.060, 385.470, 5
1670, 902.060, 393.970, 5
1671, 902.060, 402.470, 5
1672, 902.060, 410.970, 20
1673, 902.060, 419.470, 20
1674, 902.060, 427.970, 20
1675, 902.060, 436.470, 20
1676, 902.060, 444.970, 20
1677, 902.060, 453.470, 20
1678, 902.060, 461.970, 20
1679, 902.060, 470.470, 20
1680, 902.060, 478.970, 20
1681, 902.060, 487.470, 20
1682, 902.060, 495.970, 20
1683, 902.060, 504.470, 20
1684, 902.060, 512.970, 20
1685, 922.930, 62.470, 10
1686, 922.930, 70.970, 10
1687, 922.930, 79.470, 10
1688, 922.930, 87.970, 10
1689, 922.930, 96.470, 10
1690, 922.930, 104.970, 10
1691, 922.930, 113.470, 10
1692, 922.930, 121.970, 10
1693, 922.930, 130.470, 10
1694, 922.930, 138.970, 8
1695, 922.930, 147.470, 8
1696, 922.930, 155.970, 8
1697, 922.930, 164.470, 8
1698, 922.930, 172.970, 8
1699, 922.930, 181.470, 8
1700, 922.930, 189.970, 8
1701, 922.930, 198.470, 8
1702, 922.930, 206.970, 8
1703, 922.930, 215.470, 8
1704, 922.930, 223.970, 8
1705, 922.930, 232.470, 1
1706, 922.930, 240.970, 1
1707, 922.930, 249.470, 1
1708, 922.930, 257.970, 1
1709, 922.930, 266.470, 1
1710, 922.930, 274.970, 1
1711, 922.930, 283.470, 1
1712, 922.930, 291.970, 1
1713, 922.930, 300.470, 1
1714, 922.930, 308.970, 1
1715, 922.930, 317.470, 1
1716, 922.930, 325.970, 5
1717, 922.930, 334.470, 5
1718, 922.930, 342.970, 5
1719, 922.930, 351.470, 5
1720, 922.930, 359.970, 5
1721, 922.930, 368.470, 5
1722, 922.930, 376.970, 5
1723, 922.930, 385.470, 5
1724, 922.930, 393.970, 5
1725, 922.930, 402.470, 5
1726, 922.930, 410.970, 5
1727, 922.930, 419.470, 9
1728, 922.930, 427.970, 9
1729, 922.930, 436.470, 9
1730, 922.930, 444.970, 9
1731, 922.930, 453.470, 9
1732, 922.930, 461.970, 9
1733, 922.930, 470.470, 9
1734, 922.930, 478.970, 9
1735, 922.930, 487.470, 9
1736, 922.930, 495.970, 9
1737, 922.930, 504.470, 9
1738, 922.930, 512.970, 9
1739, 943.800, 62.470, 10
1740, 943.800, 70.970, 10
1741, 943.800, 79.470, 10
1742, 943.800, 87.970, 10
1743, 943.800, 96.470, 10
1744, 943.800, 104.970, 10
1745, 943.800, 113.470, 10
1746, 943.800, 121.970, 10
1747, 943.800, 130.470, 10
1748, 943.800, 138.970, 8
1749, 943.800, 147.470, 8
1750, 943.800, 155.970, 8
1751, 943.800, 164.470, 8
1752, 943.800, 172.970, 8
1753, 943.800, 181.470, 8
1754, 943.800, 189.970, 8
1755, 943.800, 198.470, 8
1756, 943.800, 206.970, 8
1757, 943.800, 215.470, 8
1758, 943.800, 223.970, 8
1759, 943.800, 232.470, 1
1760, 943.800, 240.970, 1
1761, 943.800, 249.470, 1
1762, 943.800, 257.970, 1
1763, 943.800, 266.470, 1
1764, 943.800, 274.970, 1
1765, 943.800, 283.470, 1
1766, 943.800, 291.970, 1
1767, 943.800, 300.470, 1
1768, 943.800, 308.970, 1
1769, 943.800, 317.470, 1
1770, 943.800, 325.970, 5
1771, 943.800, 334.470, 5
1772, 943.800, 342.970, 5
1773, 943.800, 351.470, 5
1774, 943.800, 359.970, 5
1775, 943.800, 368.470, 5
1776, 943.800, 376.970, 5
1777, 943.800, 385.470, 5
1778, 943.800, 393.970, 5
1779, 943.800, 402.470, 5
1780, 943.800, 410.970, 5
1781, 943.800, 419.470, 9
1782, 943.800, 427.970, 9
1783, 943.800, 436.470, 9
1784, 943.800, 444.970, 9
1785, 943.800, 453.470, 9
1786, 943.800, 461.970, 9
1787, 943.800, 470.470, 9
1788, 943.800, 478.970, 9
1789, 943.800, 487.470, 9
1790, 943.800, 495.970, 9
1791, 943.800, 504.470, 9
1792, 943.800, 512.970, 9
1793, 964.670, 62.470, 10
1794, 964.670, 70.970, 10
1795, 964.670, 79.470, 10
1796, 964.670, 87.970, 10
1797, 964.670, 96.470, 10
1798, 964.670, 104.970, 10
1799, 964.670, 113.470, 10
1800, 964.670, 121.970, 10
1801, 964.670, 130.470, 10
1802, 964.670, 138.970, 8
1803, 964.670, 147.470, 8
1804, 964.670, 155.970, 8
1805, 964.670, 164.470, 8
1806, 964.670, 172.970, 8
1807, 964.670, 181.470, 8
1808, 964.670, 189.970, 8
1809, 964.670, 198.470, 8
1810, 964.670, 206.970, 8
1811, 964.670, 215.470, 8
1812, 964.670, 223.970, 8
1813, 964.670, 232.470, 1
1814, 964.670, 240.970, 1
1815, 964.670, 249.470, 1
1816, 964.670, 257.970, 1
1817, 964.670, 266.470, 1
1818, 964.670, 274.970, 1
1819, 964.670, 283.470, 1
1820, 964.670, 291.970, 1
1821, 964.670, 300.470, 1
1822, 964.670, 308.970, 1
1823, 964.670, 317.470, 1
1824, 964.670, 325.970, 5
1825, 964.670, 334.470, 5
1826, 964.670, 342.970, 5
1827, 964.670, 351.470, 5
1828, 964.670, 359.970, 5
1829, 964.670, 368.470, 5
1830, 964.670, 376.970, 5
1831, 964.670, 385.470, 5
1832, 964.670, 393.970, 5
1833, 964.670, 402.470, 5
1834, 964.670, 410.970, 5
1835, 964.670, 419.470, 9
1836, 964.670, 427.970, 9
1837, 964.670, 436.470, 9
1838, 964.670, 444.970, 9
1839, 964.670, 453.470, 9
1840, 964.670, 461.970, 9
1841, 964.670, 470.470, 9
1842, 964.670, 478.970, 9
1843, 964.670, 487.470, 9
1844, 964.670, 495.970, 9
1845, 964.670, 504.470, 9
1846, 964.670, 512.970, 9
1847, 985.540, 62.470, 10
1848, 985.540, 70.970, 10
1849, 985.540, 79.470, 10
1850, 985.540, 87.970, 10
1851, 985.540, 96.470, 10
1852, 985.540, 104.970, 10
1853, 985.540, 113.470, 10
1854, 985.540, 121.970, 10
1855, 985.540, 130.470, 10
1856, 985.540, 138.970, 8
1857, 985.540, 147.470, 8
1858, 985.540, 155.970, 8
1859, 985.540, 164.470, 8
1860, 985.540, 172.970, 8
1861, 985.540, 181.470, 8
1862, 985.540, 189.970, 8
1863, 985.540, 198.470, 8
1864, 985.540, 206.970, 8
1865, 985.540, 215.470, 8
1866, 985.540, 223.970, 8
1867, 985.540, 232.470, 8
1868, 985.540, 240.970, 1
1869, 985.540, 249.470, 1
1870, 985.540, 257.970, 1
1871, 985.540, 266.470, 1
1872, 985.540, 274.970, 1
1873, 985.540, 283.470, 1
1874, 985.540, 291.970, 1
1875, 985.540, 300.470, 1
1876, 985.540, 308.970, 1
1877, 985.540, 317.470, 1
1878, 985.540, 325.970, 5
1879, 985.540, 334.470, 5
1880, 985.540, 342.970, 5
1881, 985.540, 351.470, 5
1882, 985.540, 359.970, 5
1883, 985.540, 368.470, 5
1884, 985.540, 376.970, 5
1885, 985.540, 385.470, 5
1886, 985.540, 393.970, 5
1887, 985.540, 402.470, 5
1888, 985.540, 410.970, 5
1889, 985.540, 419.470, 9
1890, 985.540, 427.970, 9
1891, 985.540, 436.470, 9
1892, 985.540, 444.970, 9
1893, 985.540, 453.470, 9
1894, 985.540, 461.970, 9
1895, 985.540, 470.470, 9
1896, 985.540, 478.970, 9
1897, 985.540, 487.470, 9
1898, 985.540, 495.970, 9
1899, 985.540, 504.470, 9
1900, 985.540, 512.970, 9
1901, 1006.410, 62.470, 10
1902, 1006.410, 70.970, 10
1903, 1006.410, 79.470, 10
1904, 1006.410, 87.970, 10
1905, 1006.410, 96.470, 10
1906, 1006.410, 104.970, 10
1907, 1006.410, 113.470, 10
1908, 1006.410, 121.970, 10
1909, 1006.410, 130.470, 10
1910, 1006.410, 138.970, 8
1911, 1006.410, 147.470, 8
1912, 1006.410, 155.970, 8
1913, 1006.410, 164.470, 8
1914, 1006.410, 172.970, 8
1915, 1006.410, 181.470, 8
1916, 1006.410, 189.970, 8
1917, 1006.410, 198.470, 8
1918, 1006.410, 206.970, 8
1919, 1006.410, 215.470, 8
1920, 1006.410, 223.970, 8
1921, 1006.410, 232.470, 8
1922, 1006.410, 240.970, 1
1923, 1006.410, 249.470, 1
1924, 1006.410, 257.970, 1
1925, 1006.410, 266.470, 1
1926, 1006.410, 274.970, 1
1927, 1006.410, 283.470, 1
1928, 1006.410, 291.970, 1
1929, 1006.410, 300.470, 1
1930, 1006.410, 308.970, 1
1931, 1006.410, 317.470, 1
1932, 1006.410, 325.970, 5
1933, 1006.410, 334.470, 5
1934, 1006.410, 342.970, 5
1935, 1006.410, 351.470, 5
1936, 1006.410, 359.970, 5
1937, 1006.410, 368.470, 5
1938, 1006.410, 376.970, 5
1939, 1006.410, 385.470, 5
1940, 1006.410, 393.970, 5
1941, 1006.410, 402.470, 5
1942, 1006.410, 410.970, 5
1943, 1006.410, 419.470, 9
1944, 1006.410, 427.970, 9
1945, 1006.410, 436.470, 9
1946, 1006.410, 444.970, 9
1947, 1006.410, 453.470, 9
1948, 1006.410, 461.970, 9
1949, 1006.410, 470.470, 9
1950, 1006.410, 478.970, 9
1951, 1006.410, 487.470, 9
1952, 1006.410, 495.970, 9
1953, 1006.410, 504.470, 9
1954, 1006.410, 512.970, 9
1955, 1027.280, 62.470, 10
1956, 1027.280, 70.970, 10
1957, 1027.280, 79.470, 10
1958, 1027.280, 87.970, 10
1959, 1027.280, 96.470, 10
1960, 1027.280, 104.970, 10
1961, 1027.280, 113.470, 10
1962, 1027.280, 121.970, 10
1963, 1027.280, 130.470, 10
1964, 1027.280, 138.970, 8
1965, 1027.280, 147.470, 8
1966, 1027.280, 155.970, 8
1967, 1027.280, 164.470, 8
1968, 1027.280, 172.970, 8
1969, 1027.280, 181.470, 8
1970, 1027.280, 189.970, 8
1971, 1027.280, 198.470, 8
1972, 1027.280, 206.970, 8
1973, 1027.280, 215.470, 8
1974, 1027.280, 223.970, 8
1975, 1027.280, 232.470, 8
1976, 1027.280, 240.970, 1
1977, 1027.280, 249.470, 1
1978, 1027.280, 257.970, 1
1979, 1027.280, 266.470, 1
1980, 1027.280, 274.970, 1
1981, 1027.280, 283.470, 1
1982, 1027.280, 291.970, 1
1983, 1027.280, 300.470, 1
1984, 1027.280, 308.970, 1
1985, 1027.280, 317.470, 1
1986, 1027.280, 325.970, 5
1987, 1027.280, 334.470, 5
1988, 1027.280, 342.970, 5
1989, 1027.280, 351.470, 5
1990, 1027.280, 359.970, 5
1991, 1027.280, 368.470, 5
1992, 1027.280, 376.970, 5
1993, 1027.280, 385.470, 5
1994, 1027.280, 393.970, 5
1995, 1027.280, 402.470, 5
1996, 1027.280, 410.970, 5
1997, 1027.280, 419.470, 9
1998, 1027.280, 427.970, 9
1999, 1027.280, 436.470, 9
2000, 1027.280, 444.970, 9
2001, 1027.280, 453.470, 9
2002, 1027.280, 461.970, 9
2003, 1027.280, 470.470, 9
2004, 1027.280, 478.970, 9
2005, 1027.280, 487.470, 9
2006, 1027.280, 495.970, 9
2007, 1027.280, 504.470, 9
2008, 1027.280, 512.970, 9
2009, 1048.150, 79.470, 10
2010, 1048.150, 87.970, 10
2011, 1048.150, 96.470, 10
2012, 1048.150, 104.970, 10
2013, 1048.150, 113.470, 10
2014, 1048.150, 121.970, 10
2015, 1048.150, 130.470, 14
2016, 1048.150, 138.970, 14
2017, 1048.150, 147.470, 14
2018, 1048.150, 155.970, 14
2019, 1048.150, 164.470, 14
2020, 1048.150, 172.970, 14
2021, 1048.150, 181.470, 14
2022, 1048.150, 189.970, 14
2023, 1048.150, 198.470, 14
2024, 1048.150, 206.970, 14
2025, 1048.150, 215.470, 14
2026, 1048.150, 223.970, 14
2027, 1048.150, 232.470, 14
2028, 1048.150, 240.970, 1
2029, 1048.150, 249.470, 1
2030, 1048.150, 257.970, 1
2031, 1048.150, 266.470, 1
2032, 1048.150, 274.970, 1
2033, 1048.150, 283.470, 1
2034, 1048.150, 291.970, 1
2035, 1048.150, 300.470, 1
2036, 1048.150, 308.970, 1
2037, 1048.150, 317.470, 1
2038, 1048.150, 325.970, 23
2039, 1048.150, 334.470, 23
2040, 1048.150, 342.970, 23
2041, 1048.150, 351.470, 23
2042, 1048.150, 359.970, 23
2043, 1048.150, 368.470, 23
2044, 1048.150, 376.970, 23
2045, 1048.150, 385.470, 23
2046, 1048.150, 393.970, 23
2047, 1048.150, 402.470, 23
2048, 1048.150, 410.970, 23
2049, 1048.150, 419.470, 9
2050, 1048.150, 427.970, 9
2051, 1048.150, 436.470, 9
2052, 1048.150, 444.970, 9
2053, 1048.150, 453.470, 9
2054, 1048.150, 461.970, 9
2055, 1048.150, 470.470, 9
2056, 1048.150, 478.970, 9
2057, 1048.150, 487.470, 9
2058, 1048.150, 495.970, 9
2059, 1048.150, 504.470, 9
2060, 1048.150, 512.970, 9
2061, 1069.020, 87.970, 10
2062, 1069.020, 96.470, 10
2063, 1069.020, 104.970, 10
2064, 1069.020, 113.470, 10
2065, 1069.020, 121.970, 10
2066, 1069.020, 130.470, 14
2067, 1069.020, 138.970, 14
2068, 1069.020, 147.470, 14
2069, 1069.020, 155.970, 14
2070, 1069.020, 164.470, 14
2071, 1069.020, 172.970, 14
2072, 1069.020, 181.470, 14
2073, 1069.020, 189.970, 14
2074, 1069.020, 198.470, 14
2075, 1069.020, 206.970, 14
2076, 1069.020, 215.470, 14
2077, 1069.020, 223.970, 14
2078, 1069.020, 232.470, 14
2079, 1069.020, 240.970, 14
2080, 1069.020, 249.470, 11
2081, 1069.020, 257.970, 11
2082, 1069.020, 266.470, 11
2083, 1069.020, 274.970, 11
2084, 1069.020, 283.470, 11
2085, 1069.020, 291.970, 11
2086, 1069.020, 300.470, 11
2087, 1069.020, 308.970, 11
2088, 1069.020, 317.470, 11
2089, 1069.020, 325.970, 23
2090, 1069.020, 334.470, 23
2091, 1069.020, 342.970, 23
2092, 1069.020, 351.470, 23
2093, 1069.020, 359.970, 23
2094, 1069.020, 368.470, 23
2095, 1069.020, 376.970, 23
2096, 1069.020, 385.470, 23
2097, 1069.020, 393.970, 23
2098, 1069.020, 402.470, 23
2099, 1069.020, 410.970, 23
2100, 1069.020, 419.470, 23
2101, 1069.020, 427.970, 23
2102, 1069.020, 436.470, 23
2103, 1069.020, 444.970, 9
2104, 1069.020, 453.470, 9
2105, 1069.020, 461.970, 9
2106, 1069.020, 470.470, 9
2107, 1069.020, 478.970, 9
2108, 1069.020, 487.470, 9
2109, 1069.020, 495.970, 9
2110, 1069.020, 504.470, 9
2111, 1089.890, 104.970, 10
2112, 1089.890, 113.470, 10
2113, 1089.890, 121.970, 10
2114, 1089.890, 130.470, 14
2115, 1089.890, 138.970, 14
2116, 1089.890, 147.470, 14
2117, 1089.890, 155.970, 14
2118, 1089.890, 164.470, 14
2119, 1089.890, 172.970, 14
2120, 1089.890, 181.470, 14
2121, 1089.890, 189.970, 14
2122, 1089.890, 198.470, 14
2123, 1089.890, 206.970, 14
2124, 1089.890, 215.470, 14
2125, 1089.890, 223.970, 14
2126, 1089.890, 232.470, 14
2127, 1089.890, 240.970, 14
2128, 1089.890, 249.470, 11
2129, 1089.890, 257.970, 11
2130, 1089.890, 266.470, 11
2131, 1089.890, 274.970, 11
2132, 1089.890, 283.470, 11
2133, 1089.890, 291.970, 11
2134, 1089.890, 300.470, 11
2135, 1089.890, 308.970, 11
2136, 1089.890, 317.470, 11
2137, 1089.890, 325.970, 23
2138, 1089.890, 334.470, 23
2139, 1089.890, 342.970, 23
2140, 1089.890, 351.470, 23
2141, 1089.890, 359.970, 23
2142, 1089.890, 368.470, 23
2143, 1089.890, 376.970, 23
2144, 1089.890, 385.470, 23
2145, 1089.890, 393.970, 23
2146, 1089.890, 402.470, 23
2147, 1089.890, 410.970, 23
2148, 1089.890, 419.470, 23
2149, 1089.890, 427.970, 23
2150, 1089.890, 436.470, 23
2151, 1089.890, 444.970, 9
2152, 1089.890, 453.470, 9
2153, 1089.890, 461.970, 9
2154, 1089.890, 470.470, 9
2155, 1089.890, 478.970, 9
2156, 1089.890, 487.470, 9
2157, 1089.890, 495.970, 9
2158, 1089.890, 504.470, 9
2159, 1110.760, 113.470, 10
2160, 1110.760, 121.970, 10
2161, 1110.760, 130.470, 14
2162, 1110.760, 138.970, 14
2163, 1110.760, 147.470, 14
2164, 1110.760, 155.970, 14
2165, 1110.760, 164.470, 14
2166, 1110.760, 172.970, 14
2167, 1110.760, 181.470, 14
2168, 1110.760, 189.970, 14
2169, 1110.760, 198.470, 14
2170, 1110.760, 206.970, 14
2171, 1110.760, 215.470, 14
2172, 1110.760, 223.970, 14
2173, 1110.760, 232.470, 14
2174, 1110.760, 240.970, 14
2175, 1110.760, 249.470, 11
2176, 1110.760, 257.970, 11
2177, 1110.760, 266.470, 11
2178, 1110.760, 274.970, 11
2179, 1110.760, 283.470, 11
2180, 1110.760, 291.970, 11
2181, 1110.760, 300.470, 11
2182, 1110.760, 308.970, 11
2183, 1110.760, 317.470, 11
2184, 1110.760, 325.970, 23
2185, 1110.760, 334.470, 23
2186, 1110.760, 342.970, 23
2187, 1110.760, 351.470, 23
2188, 1110.760, 359.970, 23
2189, 1110.760, 368.470, 23
2190, 1110.760, 376.970, 23
2191, 1110.760, 385.470, 23
2192, 1110.760, 393.970, 23
2193, 1110.760, 402.470, 23
2194, 1110.760, 410.970, 23
2195, 1110.760, 419.470, 23
2196, 1110.760, 427.970, 23
2197, 1110.760, 436.470, 23
2198, 1110.760, 444.970, 9
2199, 1110.760, 453.470, 9
2200, 1110.760, 461.970, 9
2201, 1110.760, 470.470, 9
2202, 1110.760, 478.970, 9
2203, 1110.760, 487.470, 9
2204, 1110.760, 495.970, 9
2205, 1110.760, 504.470, 9
2206, 1131.630, 130.470, 14
2207, 1131.630, 138.970, 14
2208, 1131.630, 147.470, 14
2209, 1131.630, 155.970, 14
2210, 1131.630, 164.470, 14
2211, 1131.630, 172.970, 14
2212, 1131.630, 181.470, 14
2213, 1131.630, 189.970, 14
2214, 1131.630, 198.470, 14
2215, 1131.630, 206.970, 14
2216, 1131.630, 215.470, 14
2217, 1131.630, 223.970, 14
2218, 1131.630, 232.470, 14
2219, 1131.630, 240.970, 14
2220, 1131.630, 249.470, 11
2221, 1131.630, 257.970, 11
2222, 1131.630, 266.470, 11
2223, 1131.630, 274.970, 11
2224, 1131.630, 283.470, 11
2225, 1131.630, 291.970, 11
2226, 1131.630, 300.470, 11
2227, 1131.630, 308.970, 11
2228, 1131.630, 317.470, 11
2229, 1131.630, 325.970, 23
2230, 1131.630, 334.470, 23
2231, 1131.630, 342.970, 23
2232, 1131.630, 351.470, 23
2233, 1131.630, 359.970, 23
2234, 1131.630, 368.470, 23
2235, 1131.630, 376.970, 23
2236, 1131.630, 385.470, 23
2237, 1131.630, 393.970, 23
2238, 1131.630, 402.470, 23
2239, 1131.630, 410.970, 23
2240, 1131.630, 419.470, 23
2241, 1131.630, 427.970, 23
2242, 1131.630, 436.470, 23
2243, 1131.630, 444.970, 9
2244, 1131.630, 453.470, 3
2245, 1131.630, 461.970, 3
2246, 1131.630, 470.470, 3
2247, 1131.630, 478.970, 3
2248, 1131.630, 487.470, 3
2249, 1131.630, 495.970, 3
2250, 1131.630, 504.470, 3
2251, 1152.500, 138.970, 14
2252, 1152.500, 147.470, 14
2253, 1152.500, 155.970, 14
2254, 1152.500, 164.470, 14
2255, 1152.500, 172.970, 14
2256, 1152.500, 181.470, 14
2257, 1152.500, 189.970, 14
2258, 1152.500, 198.470, 14
2259, 1152.500, 206.970, 14
2260, 1152.500, 215.470, 14
2261, 1152.500, 223.970, 14
2262, 1152.500, 232.470, 14
2263, 1152.500, 240.970, 14
2264, 1152.500, 249.470, 11
2265, 1152.500, 257.970, 11
2266, 1152.500, 266.470, 11
2267, 1152.500, 274.970, 11
2268, 1152.500, 283.470, 11
2269, 1152.500, 291.970, 11
2270, 1152.500, 300.470, 11
2271, 1152.500, 308.970, 11
2272, 1152.500, 317.470, 11
2273, 1152.500, 325.970, 23
2274, 1152.500, 334.470, 23
2275, 1152.500, 342.970, 23
2276, 1152.500, 351.470, 23
2277, 1152.500, 359.970, 23
2278, 1152.500, 368.470, 23
2279, 1152.500, 376.970, 23
2280, 1152.500, 385.470, 23
2281, 1152.500, 393.970, 23
2282, 1152.500, 402.470, 23
2283, 1152.500, 410.970, 23
2284, 1152.500, 419.470, 23
2285, 1152.500, 427.970, 23
2286, 1152.500, 436.470, 23
2287, 1152.500, 444.970, 3
2288, 1152.500, 453.470, 3
2289, 1152.500, 461.970, 3
2290, 1152.500, 470.470, 3
2291, 1152.500, 478.970, 3
2292, 1152.500, 487.470, 3
2293, 1152.500, 495.970, 3
2294, 1152.500, 504.470, 3
2295, 1173.370, 164.470, 14
2296, 1173.370, 172.970, 14
2297, 1173.370, 181.470, 14
2298, 1173.370, 189.970, 14
2299, 1173.370, 198.470, 14
2300, 1173.370, 206.970, 14
2301, 1173.370, 215.470, 14
2302, 1173.370, 223.970, 14
2303, 1173.370, 232.470, 14
2304, 1173.370, 240.970, 14
2305, 1173.370, 249.470, 11
2306, 1173.370, 257.970, 11
2307, 1173.370, 266.470, 11
2308, 1173.370, 274.970, 11
2309, 1173.370, 283.470, 11
2310, 1173.370, 291.970, 11
2311, 1173.370, 300.470, 11
2312, 1173.370, 308.970, 11
2313, 1173.370, 317.470, 11
2314, 1173.370, 325.970, 23
2315, 1173.370, 334.470, 23
2316, 1173.370, 342.970, 23
2317, 1173.370, 351.470, 23
2318, 1173.370, 359.970, 23
2319, 1173.370, 368.470, 23
2320, 1173.370, 376.970, 23
2321, 1173.370, 385.470, 23
2322, 1173.370, 393.970, 23
2323, 1173.370, 402.470, 23
2324, 1173.370, 410.970, 23
2325, 1173.370, 419.470, 23
2326, 1173.370, 427.970, 23
2327, 1173.370, 436.470, 23
2328, 1173.370, 444.970, 3
2329, 1173.370, 453.470, 3
2330, 1173.370, 461.970, 3
2331, 1173.370, 470.470, 3
2332, 1173.370, 478.970, 3
2333, 1173.370, 487.470, 3
2334, 1173.370, 495.970, 3
2335, 1173.370, 504.470, 3
2336, 1194.240, 181.470, 14
2337, 1194.240, 189.970, 14
2338, 1194.240, 198.470, 14
2339, 1194.240, 206.970, 14
2340, 1194.240, 215.470, 14
2341, 1194.240, 223.970, 14
2342, 1194.240, 232.470, 14
2343, 1194.240, 240.970, 14
2344, 1194.240, 249.470, 11
2345, 1194.240, 257.970, 11
2346, 1194.240, 266.470, 11
2347, 1194.240, 274.970, 11
2348, 1194.240, 283.470, 11
2349, 1194.240, 291.970, 11
2350, 1194.240, 300.470, 11
2351, 1194.240, 308.970, 11
2352, 1194.240, 317.470, 11
2353, 1194.240, 325.970, 23
2354, 1194.240, 334.470, 23
2355, 1194.240, 342.970, 23
2356, 1194.240, 351.470, 23
2357, 1194.240, 359.970, 23
2358, 1194.240, 368.470, 23
2359, 1194.240, 376.970, 23
2360, 1194.240, 385.470, 23
2361, 1194.240, 393.970, 23
2362, 1194.240, 402.470, 23
2363, 1194.240, 410.970, 23
2364, 1194.240, 419.470, 23
2365, 1194.240, 427.970, 23
2366, 1194.240, 436.470, 23
2367, 1194.240, 444.970, 3
2368, 1194.240, 453.470, 3
2369, 1194.240, 461.970, 3
2370, 1194.240, 470.470, 3
2371, 1194.240, 478.970, 3
2372, 1194.240, 487.470, 3
2373, 1194.240, 495.970, 3
2374, 1194.240, 504.470, 3
2375, 1215.110, 206.970, 14
2376, 1215.110, 215.470, 14
2377, 1215.110, 223.970, 14
2378, 1215.110, 232.470, 14
2379, 1215.110, 240.970, 14
2380, 1215.110, 249.470, 11
2381, 1215.110, 257.970, 11
2382, 1215.110, 266.470, 11
2383, 1215.110, 274.970, 11
2384, 1215.110, 283.470, 11
2385, 1215.110, 291.970, 11
2386, 1215.110, 300.470, 11
2387, 1215.110, 308.970, 11
2388, 1215.110, 317.470, 11
2389, 1215.110, 325.970, 11
2390, 1215.110, 334.470, 24
2391, 1215.110, 342.970, 24
2392, 1215.110, 351.470, 24
2393, 1215.110, 359.970, 24
2394, 1215.110, 368.470, 24
2395, 1215.110, 376.970, 24
2396, 1215.110, 385.470, 24
2397, 1215.110, 393.970, 24
2398, 1215.110, 402.470, 24
2399, 1215.110, 410.970, 24
2400, 1215.110, 419.470, 24
2401, 1215.110, 427.970, 24
2402, 1215.110, 436.470, 24
2403, 1215.110, 444.970, 3
2404, 1215.110, 453.470, 3
2405, 1215.110, 461.970, 3
2406, 1215.110, 470.470, 3
2407, 1215.110, 478.970, 3
2408, 1215.110, 487.470, 3
2409, 1215.110, 495.970, 3
2410, 1215.110, 504.470, 3
2411, 1235.980, 223.970, 14
2412, 1235.980, 232.470, 14
2413, 1235.980, 240.970, 14
2414, 1235.980, 249.470, 11
2415, 1235.980, 257.970, 11
2416, 1235.980, 266.470, 11
2417, 1235.980, 274.970, 11
2418, 1235.980, 283.470, 11
2419, 1235.980, 291.970, 11
2420, 1235.980, 300.470, 11
2421, 1235.980, 308.970, 11
2422, 1235.980, 317.470, 11
2423, 1235.980, 325.970, 11
2424, 1235.980, 334.470, 24
2425, 1235.980, 342.970, 24
2426, 1235.980, 351.470, 24
2427, 1235.980, 359.970, 24
2428, 1235.980, 368.470, 24
2429, 1235.980, 376.970, 24
2430, 1235.980, 385.470, 24
2431, 1235.980, 393.970, 24
2432, 1235.980, 402.470, 24
2433, 1235.980, 410.970, 24
2434, 1235.980, 419.470, 24
2435, 1235.980, 427.970, 24
2436, 1235.980, 436.470, 24
2437, 1235.980, 444.970, 3
2438, 1235.980, 453.470, 3
2439, 1235.980, 461.970, 3
2440, 1235.980, 470.470, 3
2441, 1235.980, 478.970, 3
2442, 1235.980, 487.470, 3
2443, 1235.980, 495.970, 3
2444, 1235.980, 504.470, 3
2445, 1256.850, 240.970, 14
2446, 1256.850, 249.470, 11
2447, 1256.850, 257.970, 11
2448, 1256.850, 266.470, 11
2449, 1256.850, 274.970, 11
2450, 1256.850, 283.470, 11
2451, 1256.850, 291.970, 11
2452, 1256.850, 300.470, 11
2453, 1256.850, 308.970, 11
2454, 1256.850, 317.470, 11
2455, 1256.850, 325.970, 11
2456, 1256.850, 334.470, 24
2457, 1256.850, 342.970, 24
2458, 1256.850, 351.470, 24
2459, 1256.850, 359.970, 24
2460, 1256.850, 368.470, 24
2461, 1256.850, 376.970, 24
2462, 1256.850, 385.470, 24
2463, 1256.850, 393.970, 24
2464, 1256.850, 402.470, 24
2465, 1256.850, 410.970, 24
2466, 1256.850, 419.470, 24
2467, 1256.850, 427.970, 24
2468, 1256.850, 436.470, 3
2469, 1256.850, 444.970, 3
2470, 1256.850, 453.470, 3
2471, 1256.850, 461.970, 3
2472, 1256.850, 470.470, 3
2473, 1256.850, 478.970, 3
2474, 1256.850, 487.470, 3
2475, 1256.850, 495.970, 3
2476, 1256.850, 504.470, 3
2477, 1277.720, 266.470, 11
2478, 1277.720, 274.970, 11
2479, 1277.720, 283.470, 11
2480, 1277.720, 291.970, 11
2481, 1277.720, 300.470, 11
2482, 1277.720, 308.970, 11
2483, 1277.720, 317.470, 11
2484, 1277.720, 325.970, 11
2485, 1277.720, 334.470, 24
2486, 1277.720, 342.970, 24
2487, 1277.720, 351.470, 24
2488, 1277.720, 359.970, 24
2489, 1277.720, 368.470, 24
2490, 1277.720, 376.970, 24
2491, 1277.720, 385.470, 24
2492, 1277.720, 393.970, 24
2493, 1277.720, 402.470, 24
2494, 1277.720, 410.970, 24
2495, 1277.720, 419.470, 24
2496, 1277.720, 427.970, 24
2497, 1277.720, 436.470, 3
2498, 1277.720, 444.970, 3
2499, 1277.720, 453.470, 3
2500, 1277.720, 461.970, 3
2501, 1277.720, 470.470, 3
2502, 1277.720, 478.970, 3
2503, 1277.720, 487.470, 3
2504, 1277.720, 495.970, 3
2505, 1277.720, 504.470, 3
2506, 1298.590, 283.470, 11
2507, 1298.590, 291.970, 11
2508, 1298.590, 300.470, 11
2509, 1298.590, 308.970, 11
2510, 1298.590, 317.470, 11
2511, 1298.590, 325.970, 24
2512, 1298.590, 334.470, 24
2513, 1298.590, 342.970, 24
2514, 1298.590, 351.470, 24
2515, 1298.590, 359.970, 24
2516, 1298.590, 368.470, 24
2517, 1298.590, 376.970, 24
2518, 1298.590, 385.470, 24
2519, 1298.590, 393.970, 24
2520, 1298.590, 402.470, 24
2521, 1298.590, 410.970, 24
2522, 1298.590, 419.470, 24
2523, 1298.590, 427.970, 24
2524, 1298.590, 436.470, 3
2525, 1298.590, 444.970, 3
2526, 1298.590, 453.470, 3
2527, 1298.590, 461.970, 3
2528, 1298.590, 470.470, 3
2529, 1298.590, 478.970, 3
2530, 1298.590, 487.470, 3
2531, 1298.590, 495.970, 3
2532, 1319.460, 300.470, 11
2533, 1319.460, 308.970, 11
2534, 1319.460, 317.470, 11
2535, 1319.460, 325.970, 24
2536, 1319.460, 334.470, 24
2537, 1319.460, 342.970, 24
2538, 1319.460, 351.470, 24
2539, 1319.460, 359.970, 24
2540, 1319.460, 368.470, 24
2541, 1319.460, 376.970, 24
2542, 1319.460, 385.470, 24
2543, 1319.460, 393.970, 24
2544, 1319.460, 402.470, 24
2545, 1319.460, 410.970, 24
2546, 1319.460, 419.470, 24
2547, 1319.460, 427.970, 24
2548, 1319.460, 436.470, 3
2549, 1319.460, 444.970, 3
2550, 1319.460, 453.470, 3
2551, 1319.460, 461.970, 3
2552, 1319.460, 470.470, 3
2553, 1319.460, 478.970, 3
2554, 1319.460, 487.470, 3
2555, 1319.460, 495.970, 3
2556, 1340.330, 325.970, 24
2557, 1340.330, 334.470, 24
2558, 1340.330, 342.970, 24
2559, 1340.330, 351.470, 24
2560, 1340.330, 359.970, 24
2561, 1340.330, 368.470, 24
2562, 1340.330, 376.970, 24
2563, 1340.330, 385.470, 24
2564, 1340.330, 393.970, 24
2565, 1340.330, 402.470, 24
2566, 1340.330, 410.970, 24
2567, 1340.330, 419.470, 24
2568, 1340.330, 427.970, 24
2569, 1340.330, 436.470, 3
2570, 1340.330, 444.970, 3
2571, 1340.330, 453.470, 3
2572, 1340.330, 461.970, 3
2573, 1340.330, 470.470, 3
2574, 1340.330, 478.970, 3
2575, 1340.330, 487.470, 3
2576, 1340.330, 495.970, 3
2577, 1361.200, 342.970, 24
2578, 1361.200, 351.470, 24
2579, 1361.200, 359.970, 24
2580, 1361.200, 368.470, 24
2581, 1361.200, 376.970, 24
2582, 1361.200, 385.470, 24
2583, 1361.200, 393.970, 24
2584, 1361.200, 402.470, 24
2585, 1361.200, 410.970, 24
2586, 1361.200, 419.470, 24
2587, 1361.200, 427.970, 24
2588, 1361.200, 436.470, 3
2589, 1361.200, 444.970, 3
2590, 1361.200, 453.470, 3
2591, 1361.200, 461.970, 3
2592, 1361.200, 470.470, 3
2593, 1361.200, 478.970, 3
2594, 1361.200, 487.470, 3
2595, 1382.070, 359.970, 24
2596, 1382.070, 368.470, 24
2597, 1382.070, 376.970, 24
2598, 1382.070, 385.470, 24
2599, 1382.070, 393.970, 24
2600, 1382.070, 402.470, 24
2601, 1382.070, 410.970, 24
2602, 1382.070, 419.470, 24
2603, 1382.070, 427.970, 24
2604, 1382.070, 436.470, 3
2605, 1382.070, 444.970, 3
2606, 1382.070, 453.470, 3
2607, 1382.070, 461.970, 3
2608, 1382.070, 470.470, 3
2609, 1382.070, 478.970, 3
2610, 1382.070, 487.470, 3
2611, 1402.940, 436.470, 3
2612, 1402.940, 444.970, 3
2613, 1402.940, 453.470, 3
2614, 1402.940, 461.970, 3
2615, 1402.940, 470.470, 3
2616, 1402.940, 478.970, 3
