1, 1044.010, 58.640, 6
2, 1064.880, 58.640, 6
3, 1085.750, 58.640, 6
4, 1106.620, 58.640, 6
5, 1127.490, 58.640, 6
6, 1148.360, 58.640, 6
7, 1169.230, 58.640, 5
8, 1190.100, 58.640, 5
9, 1210.970, 58.640, 5
10, 1231.840, 58.640, 5
11, 1252.710, 58.640, 5
12, 1273.580, 58.640, 5
13, 1294.450, 58.640, 5
14, 1315.320, 58.640, 5
15, 1336.190, 58.640, 5
16, 1357.060, 58.640, 5
17, 939.660, 67.140, 3
18, 960.530, 67.140, 6
19, 981.400, 67.140, 6
20, 1002.270, 67.140, 6
21, 1023.140, 67.140, 6
22, 1044.010, 67.140, 6
23, 1064.880, 67.140, 6
24, 1085.750, 67.140, 6
25, 1106.620, 67.140, 6
26, 1127.490, 67.140, 6
27, 1148.360, 67.140, 6
28, 1169.230, 67.140, 5
29, 1190.100, 67.140, 5
30, 1210.970, 67.140, 5
31, 1231.840, 67.140, 5
32, 1252.710, 67.140, 5
33, 1273.580, 67.140, 5
34, 1294.450, 67.140, 5
35, 1315.320, 67.140, 5
36, 1336.190, 67.140, 5
37, 1357.060, 67.140, 5
38, 856.180, 75.640, 3
39, 877.050, 75.640, 3
40, 897.920, 75.640, 3
41, 918.790, 75.640, 3
42, 939.660, 75.640, 3
43, 960.530, 75.640, 6
44, 981.400, 75.640, 6
45, 1002.270, 75.640, 6
46, 1023.140, 75.640, 6
47, 1044.010, 75.640, 6
48, 1064.880, 75.640, 6
49, 1085.750, 75.640, 6
50, 1106.620, 75.640, 6
51, 1127.490, 75.640, 6
52, 1148.360, 75.640, 6
53, 1169.230, 75.640, 5
54, 1190.100, 75.640, 5
55, 1210.970, 75.640, 5
56, 1231.840, 75.640, 5
57, 1252.710, 75.640, 5
58, 1273.580, 75.640, 5
59, 1294.450, 75.640, 5
60, 1315.320, 75.640, 5
61, 1336.190, 75.640, 5
62, 1357.060, 75.640, 5
63, 772.700, 84.140, 3
64, 793.570, 84.140, 3
65, 814.440, 84.140, 3
66, 835.310, 84.140, 3
67, 856.180, 84.140, 3
68, 877.050, 84.140, 3
69, 897.920, 84.140, 3
70, 918.790, 84.140, 3
71, 939.660, 84.140, 3
72, 960.530, 84.140, 6
73, 981.400, 84.140, 6
74, 1002.270, 84.140, 6
75, 1023.140, 84.140, 6
76, 1044.010, 84.140, 6
77, 1064.880, 84.140, 6
78, 1085.750, 84.140, 6
79, 1106.620, 84.140, 6
80, 1127.490, 84.140, 6
81, 1148.360, 84.140, 6
82, 1169.230, 84.140, 5
83, 1190.100, 84.140, 5
84, 1210.970, 84.140, 5
85, 1231.840, 84.140, 5
86, 1252.710, 84.140, 5
87, 1273.580, 84.140, 5
88, 1294.450, 84.140, 5
89, 1315.320, 84.140, 5
90, 1336.190, 84.140, 5
91, 1357.060, 84.140, 5
92, 689.220, 92.640, 12
93, 710.090, 92.640, 12
94, 730.960, 92.640, 3
95, 751.830, 92.640, 3
96, 772.700, 92.640, 3
97, 793.570, 92.640, 3
98, 814.440, 92.640, 3
99, 835.310, 92.640, 3
100, 856.180, 92.640, 3
101, 877.050, 92.640, 3
102, 897.920, 92.640, 3
103, 918.790, 92.640, 3
104, 939.660, 92.640, 3
105, 960.530, 92.640, 6
106, 981.400, 92.640, 6
107, 1002.270, 92.640, 6
108, 1023.140, 92.640, 6
109, 1044.010, 92.640, 6
110, 1064.880, 92.640, 6
111, 1085.750, 92.640, 6
112, 1106.620, 92.640, 6
113, 1127.490, 92.640, 6
114, 1148.360, 92.640, 6
115, 1169.230, 92.640, 5
116, 1190.100, 92.640, 5
117, 1210.970, 92.640, 5
118, 1231.840, 92.640, 5
119, 1252.710, 92.640, 5
120, 1273.580, 92.640, 5
121, 1294.450, 92.640, 5
122, 1315.320, 92.640, 5
123, 1336.190, 92.640, 5
124, 1357.060, 92.640, 5
125, 605.740, 101.140, 12
126, 626.610, 101.140, 12
127, 647.480, 101.140, 12
128, 668.350, 101.140, 12
129, 689.220, 101.140, 12
130, 710.090, 101.140, 12
131, 730.960, 101.140, 3
132, 751.830, 101.140, 3
133, 772.700, 101.140, 3
134, 793.570, 101.140, 3
135, 814.440, 101.140, 3
136, 835.310, 101.140, 3
137, 856.180, 101.140, 3
138, 877.050, 101.140, 3
139, 897.920, 101.140, 3
140, 918.790, 101.140, 3
141, 939.660, 101.140, 3
142, 960.530, 101.140, 6
143, 981.400, 101.140, 6
144, 1002.270, 101.140, 6
145, 1023.140, 101.140, 6
146, 1044.010, 101.140, 6
147, 1064.880, 101.140, 6
148, 1085.750, 101.140, 6
149, 1106.620, 101.140, 6
150, 1127.490, 101.140, 6
151, 1148.360, 101.140, 6
152, 1169.230, 101.140, 5
153, 1190.100, 101.140, 5
154, 1210.970, 101.140, 5
155, 1231.840, 101.140, 5
156, 1252.710, 101.140, 5
157, 1273.580, 101.140, 5
158, 1294.450, 101.140, 5
159, 1315.320, 101.140, 5
160, 1336.190, 101.140, 5
161, 1357.060, 101.140, 5
162, 522.260, 109.640, 12
163, 543.130, 109.640, 12
164, 564.000, 109.640, 12
165, 584.870, 109.640, 12
166, 605.740, 109.640, 12
167, 626.610, 109.640, 12
168, 647.480, 109.640, 12
169, 668.350, 109.640, 12
170, 689.220, 109.640, 12
171, 710.090, 109.640, 12
172, 730.960, 109.640, 3
173, 751.830, 109.640, 3
174, 772.700, 109.640, 3
175, 793.570, 109.640, 3
176, 814.440, 109.640, 3
177, 835.310, 109.640, 3
178, 856.180, 109.640, 3
179, 877.050, 109.640, 3
180, 897.920, 109.640, 3
181, 918.790, 109.640, 3
182, 939.660, 109.640, 3
183, 960.530, 109.640, 3
184, 981.400, 109.640, 6
185, 1002.270, 109.640, 6
186, 1023.140, 109.640, 6
187, 1044.010, 109.640, 6
188, 1064.880, 109.640, 6
189, 1085.750, 109.640, 6
190, 1106.620, 109.640, 6
191, 1127.490, 109.640, 6
192, 1148.360, 109.640, 6
193, 1169.230, 109.640, 5
194, 1190.100, 109.640, 5
195, 1210.970, 109.640, 5
196, 1231.840, 109.640, 5
197, 1252.710, 109.640, 5
198, 1273.580, 109.640, 5
199, 1294.450, 109.640, 5
200, 1315.320, 109.640, 5
201, 1336.190, 109.640, 5
202, 1357.060, 109.640, 5
203, 522.260, 118.140, 12
204, 543.130, 118.140, 12
205, 564.000, 118.140, 12
206, 584.870, 118.140, 12
207, 605.740, 118.140, 12
208, 626.610, 118.140, 12
209, 647.480, 118.140, 12
210, 668.350, 118.140, 12
211, 689.220, 118.140, 12
212, 710.090, 118.140, 12
213, 730.960, 118.140, 3
214, 751.830, 118.140, 3
215, 772.700, 118.140, 3
216, 793.570, 118.140, 3
217, 814.440, 118.140, 3
218, 835.310, 118.140, 3
219, 856.180, 118.140, 3
220, 877.050, 118.140, 3
221, 897.920, 118.140, 3
222, 918.790, 118.140, 3
223, 939.660, 118.140, 3
224, 960.530, 118.140, 3
225, 981.400, 118.140, 6
226, 1002.270, 118.140, 6
227, 1023.140, 118.140, 6
228, 1044.010, 118.140, 6
229, 1064.880, 118.140, 6
230, 1085.750, 118.140, 6
231, 1106.620, 118.140, 6
232, 1127.490, 118.140, 6
233, 1148.360, 118.140, 6
234, 1169.230, 118.140, 5
235, 1190.100, 118.140, 5
236, 1210.970, 118.140, 5
237, 1231.840, 118.140, 5
238, 1252.710, 118.140, 5
239, 1273.580, 118.140, 5
240, 1294.450, 118.140, 5
241, 1315.320, 118.140, 5
242, 1336.190, 118.140, 5
243, 1357.060, 118.140, 5
244, 501.390, 126.640, 12
245, 522.260, 126.640, 12
246, 543.130, 126.640, 12
247, 564.000, 126.640, 12
248, 584.870, 126.640, 12
249, 605.740, 126.640, 12
250, 626.610, 126.640, 12
251, 647.480, 126.640, 12
252, 668.350, 126.640, 12
253, 689.220, 126.640, 12
254, 710.090, 126.640, 12
255, 730.960, 126.640, 3
256, 751.830, 126.640, 3
257, 772.700, 126.640, 3
258, 793.570, 126.640, 3
259, 814.440, 126.640, 3
260, 835.310, 126.640, 3
261, 856.180, 126.640, 3
262, 877.050, 126.640, 3
263, 897.920, 126.640, 3
264, 918.790, 126.640, 3
265, 939.660, 126.640, 3
266, 960.530, 126.640, 3
267, 981.400, 126.640, 6
268, 1002.270, 126.640, 6
269, 1023.140, 126.640, 6
270, 1044.010, 126.640, 6
271, 1064.880, 126.640, 6
272, 1085.750, 126.640, 6
273, 1106.620, 126.640, 6
274, 1127.490, 126.640, 6
275, 1148.360, 126.640, 6
276, 1169.230, 126.640, 5
277, 1190.100, 126.640, 5
278, 1210.970, 126.640, 5
279, 1231.840, 126.640, 5
280, 1252.710, 126.640, 5
281, 1273.580, 126.640, 5
282, 1294.450, 126.640, 5
283, 1315.320, 126.640, 5
284, 1336.190, 126.640, 5
285, 1357.060, 126.640, 5
286, 480.520, 135.140, 12
287, 501.390, 135.140, 12
288, 522.260, 135.140, 12
289, 543.130, 135.140, 12
290, 564.000, 135.140, 12
291, 584.870, 135.140, 12
292, 605.740, 135.140, 12
293, 626.610, 135.140, 12
294, 647.480, 135.140, 12
295, 668.350, 135.140, 12
296, 689.220, 135.140, 12
297, 710.090, 135.140, 12
298, 730.960, 135.140, 3
299, 751.830, 135.140, 3
300, 772.700, 135.140, 3
301, 793.570, 135.140, 3
302, 814.440, 135.140, 3
303, 835.310, 135.140, 3
304, 856.180, 135.140, 3
305, 877.050, 135.140, 3
306, 897.920, 135.140, 3
307, 918.790, 135.140, 3
308, 939.660, 135.140, 3
309, 960.530, 135.140, 3
310, 981.400, 135.140, 6
311, 1002.270, 135.140, 6
312, 1023.140, 135.140, 6
313, 1044.010, 135.140, 6
314, 1064.880, 135.140, 6
315, 1085.750, 135.140, 6
316, 1106.620, 135.140, 6
317, 1127.490, 135.140, 6
318, 1148.360, 135.140, 6
319, 1169.230, 135.140, 5
320, 1190.100, 135.140, 5
321, 1210.970, 135.140, 5
322, 1231.840, 135.140, 5
323, 1252.710, 135.140, 5
324, 1273.580, 135.140, 5
325, 1294.450, 135.140, 5
326, 1315.320, 135.140, 5
327, 1336.190, 135.140, 5
328, 1357.060, 135.140, 5
329, 480.520, 143.640, 12
330, 501.390, 143.640, 12
331, 522.260, 143.640, 12
332, 543.130, 143.640, 12
333, 564.000, 143.640, 12
334, 584.870, 143.640, 12
335, 605.740, 143.640, 12
336, 626.610, 143.640, 12
337, 647.480, 143.640, 12
338, 668.350, 143.640, 12
339, 689.220, 143.640, 12
340, 710.090, 143.640, 12
341, 730.960, 143.640, 3
342, 751.830, 143.640, 3
343, 772.700, 143.640, 3
344, 793.570, 143.640, 3
345, 814.440, 143.640, 3
346, 835.310, 143.640, 3
347, 856.180, 143.640, 3
348, 877.050, 143.640, 3
349, 897.920, 143.640, 3
350, 918.790, 143.640, 3
351, 939.660, 143.640, 3
352, 960.530, 143.640, 3
353, 981.400, 143.640, 6
354, 1002.270, 143.640, 6
355, 1023.140, 143.640, 6
356, 1044.010, 143.640, 6
357, 1064.880, 143.640, 6
358, 1085.750, 143.640, 6
359, 1106.620, 143.640, 6
360, 1127.490, 143.640, 6
361, 1148.360, 143.640, 6
362, 1169.230, 143.640, 5
363, 1190.100, 143.640, 5
364, 1210.970, 143.640, 5
365, 1231.840, 143.640, 5
366, 1252.710, 143.640, 5
367, 1273.580, 143.640, 5
368, 1294.450, 143.640, 5
369, 1315.320, 143.640, 5
370, 1336.190, 143.640, 5
371, 459.650, 152.140, 12
372, 480.520, 152.140, 12
373, 501.390, 152.140, 12
374, 522.260, 152.140, 12
375, 543.130, 152.140, 12
376, 564.000, 152.140, 12
377, 584.870, 152.140, 12
378, 605.740, 152.140, 12
379, 626.610, 152.140, 12
380, 647.480, 152.140, 12
381, 668.350, 152.140, 12
382, 689.220, 152.140, 12
383, 710.090, 152.140, 12
384, 730.960, 152.140, 3
385, 751.830, 152.140, 3
386, 772.700, 152.140, 3
387, 793.570, 152.140, 3
388, 814.440, 152.140, 3
389, 835.310, 152.140, 3
390, 856.180, 152.140, 3
391, 877.050, 152.140, 3
392, 897.920, 152.140, 3
393, 918.790, 152.140, 3
394, 939.660, 152.140, 3
395, 960.530, 152.140, 3
396, 981.400, 152.140, 6
397, 1002.270, 152.140, 6
398, 1023.140, 152.140, 6
399, 1044.010, 152.140, 6
400, 1064.880, 152.140, 6
401, 1085.750, 152.140, 6
402, 1106.620, 152.140, 6
403, 1127.490, 152.140, 6
404, 1148.360, 152.140, 15
405, 1169.230, 152.140, 15
406, 1190.100, 152.140, 15
407, 1210.970, 152.140, 15
408, 1231.840, 152.140, 15
409, 1252.710, 152.140, 15
410, 1273.580, 152.140, 15
411, 1294.450, 152.140, 15
412, 1315.320, 152.140, 15
413, 1336.190, 152.140, 15
414, 438.780, 160.640, 12
415, 459.650, 160.640, 12
416, 480.520, 160.640, 12
417, 501.390, 160.640, 12
418, 522.260, 160.640, 12
419, 543.130, 160.640, 12
420, 564.000, 160.640, 12
421, 584.870, 160.640, 12
422, 605.740, 160.640, 12
423, 626.610, 160.640, 12
424, 647.480, 160.640, 12
425, 668.350, 160.640, 12
426, 689.220, 160.640, 12
427, 710.090, 160.640, 12
428, 730.960, 160.640, 2
429, 751.830, 160.640, 2
430, 772.700, 160.640, 2
431, 793.570, 160.640, 2
432, 814.440, 160.640, 2
433, 835.310, 160.640, 2
434, 856.180, 160.640, 2
435, 877.050, 160.640, 2
436, 897.920, 160.640, 2
437, 918.790, 160.640, 7
438, 939.660, 160.640, 7
439, 960.530, 160.640, 7
440, 981.400, 160.640, 7
441, 1002.270, 160.640, 7
442, 1023.140, 160.640, 7
443, 1044.010, 160.640, 7
444, 1064.880, 160.640, 7
445, 1085.750, 160.640, 7
446, 1106.620, 160.640, 7
447, 1127.490, 160.640, 7
448, 1148.360, 160.640, 15
449, 1169.230, 160.640, 15
450, 1190.100, 160.640, 15
451, 1210.970, 160.640, 15
452, 1231.840, 160.640, 15
453, 1252.710, 160.640, 15
454, 1273.580, 160.640, 15
455, 1294.450, 160.640, 15
456, 1315.320, 160.640, 15
457, 1336.190, 160.640, 15
458, 438.780, 169.140, 12
459, 459.650, 169.140, 12
460, 480.520, 169.140, 12
461, 501.390, 169.140, 12
462, 522.260, 169.140, 12
463, 543.130, 169.140, 12
464, 564.000, 169.140, 12
465, 584.870, 169.140, 12
466, 605.740, 169.140, 12
467, 626.610, 169.140, 12
468, 647.480, 169.140, 12
469, 668.350, 169.140, 12
470, 689.220, 169.140, 12
471, 710.090, 169.140, 12
472, 730.960, 169.140, 2
473, 751.830, 169.140, 2
474, 772.700, 169.140, 2
475, 793.570, 169.140, 2
476, 814.440, 169.140, 2
477, 835.310, 169.140, 2
478, 856.180, 169.140, 2
479, 877.050, 169.140, 2
480, 897.920, 169.140, 2
481, 918.790, 169.140, 7
482, 939.660, 169.140, 7
483, 960.530, 169.140, 7
484, 981.400, 169.140, 7
485, 1002.270, 169.140, 7
486, 1023.140, 169.140, 7
487, 1044.010, 169.140, 7
488, 1064.880, 169.140, 7
489, 1085.750, 169.140, 7
490, 1106.620, 169.140, 7
491, 1127.490, 169.140, 7
492, 1148.360, 169.140, 15
493, 1169.230, 169.140, 15
494, 1190.100, 169.140, 15
495, 1210.970, 169.140, 15
496, 1231.840, 169.140, 15
497, 1252.710, 169.140, 15
498, 1273.580, 169.140, 15
499, 1294.450, 169.140, 15
500, 1315.320, 169.140, 15
501, 1336.190, 169.140, 15
502, 417.910, 177.640, 17
503, 438.780, 177.640, 17
504, 459.650, 177.640, 17
505, 480.520, 177.640, 17
506, 501.390, 177.640, 17
507, 522.260, 177.640, 17
508, 543.130, 177.640, 17
509, 564.000, 177.640, 17
510, 584.870, 177.640, 12
511, 605.740, 177.640, 12
512, 626.610, 177.640, 12
513, 647.480, 177.640, 12
514, 668.350, 177.640, 12
515, 689.220, 177.640, 2
516, 710.090, 177.640, 2
517, 730.960, 177.640, 2
518, 751.830, 177.640, 2
519, 772.700, 177.640, 2
520, 793.570, 177.640, 2
521, 814.440, 177.640, 2
522, 835.310, 177.640, 2
523, 856.180, 177.640, 2
524, 877.050, 177.640, 2
525, 897.920, 177.640, 2
526, 918.790, 177.640, 7
527, 939.660, 177.640, 7
528, 960.530, 177.640, 7
529, 981.400, 177.640, 7
530, 1002.270, 177.640, 7
531, 1023.140, 177.640, 7
532, 1044.010, 177.640, 7
533, 1064.880, 177.640, 7
534, 1085.750, 177.640, 7
535, 1106.620, 177.640, 7
536, 1127.490, 177.640, 7
537, 1148.360, 177.640, 15
538, 1169.230, 177.640, 15
539, 1190.100, 177.640, 15
540, 1210.970, 177.640, 15
541, 1231.840, 177.640, 15
542, 1252.710, 177.640, 15
543, 1273.580, 177.640, 15
544, 1294.450, 177.640, 15
545, 1315.320, 177.640, 15
546, 1336.190, 177.640, 15
547, 397.040, 186.140, 17
548, 417.910, 186.140, 17
549, 438.780, 186.140, 17
550, 459.650, 186.140, 17
551, 480.520, 186.140, 17
552, 501.390, 186.140, 17
553, 522.260, 186.140, 17
554, 543.130, 186.140, 17
555, 564.000, 186.140, 17
556, 584.870, 186.140, 17
557, 605.740, 186.140, 17
558, 626.610, 186.140, 17
559, 647.480, 186.140, 17
560, 668.350, 186.140, 17
561, 689.220, 186.140, 2
562, 710.090, 186.140, 2
563, 730.960, 186.140, 2
564, 751.830, 186.140, 2
565, 772.700, 186.140, 2
566, 793.570, 186.140, 2
567, 814.440, 186.140, 2
568, 835.310, 186.140, 2
569, 856.180, 186.140, 2
570, 877.050, 186.140, 2
571, 897.920, 186.140, 2
572, 918.790, 186.140, 7
573, 939.660, 186.140, 7
574, 960.530, 186.140, 7
575, 981.400, 186.140, 7
576, 1002.270, 186.140, 7
577, 1023.140, 186.140, 7
578, 1044.010, 186.140, 7
579, 1064.880, 186.140, 7
580, 1085.750, 186.140, 7
581, 1106.620, 186.140, 7
582, 1127.490, 186.140, 7
583, 1148.360, 186.140, 15
584, 1169.230, 186.140, 15
585, 1190.100, 186.140, 15
586, 1210.970, 186.140, 15
587, 1231.840, 186.140, 15
588, 1252.710, 186.140, 15
589, 1273.580, 186.140, 15
590, 1294.450, 186.140, 15
591, 1315.320, 186.140, 15
592, 1336.190, 186.140, 15
593, 397.040, 194.640, 17
594, 417.910, 194.640, 17
595, 438.780, 194.640, 17
596, 459.650, 194.640, 17
597, 480.520, 194.640, 17
598, 501.390, 194.640, 17
599, 522.260, 194.640, 17
600, 543.130, 194.640, 17
601, 564.000, 194.640, 17
602, 584.870, 194.640, 17
603, 605.740, 194.640, 17
604, 626.610, 194.640, 17
605, 647.480, 194.640, 17
606, 668.350, 194.640, 17
607, 689.220, 194.640, 2
608, 710.090, 194.640, 2
609, 730.960, 194.640, 2
610, 751.830, 194.640, 2
611, 772.700, 194.640, 2
612, 793.570, 194.640, 2
613, 814.440, 194.640, 2
614, 835.310, 194.640, 2
615, 856.180, 194.640, 2
616, 877.050, 194.640, 2
617, 897.920, 194.640, 2
618, 918.790, 194.640, 2
619, 939.660, 194.640, 7
620, 960.530, 194.640, 7
621, 981.400, 194.640, 7
622, 1002.270, 194.640, 7
623, 1023.140, 194.640, 7
624, 1044.010, 194.640, 7
625, 1064.880, 194.640, 7
626, 1085.750, 194.640, 7
627, 1106.620, 194.640, 7
628, 1127.490, 194.640, 7
629, 1148.360, 194.640, 15
630, 1169.230, 194.640, 15
631, 1190.100, 194.640, 15
632, 1210.970, 194.640, 15
633, 1231.840, 194.640, 15
634, 1252.710, 194.640, 15
635, 1273.580, 194.640, 15
636, 1294.450, 194.640, 15
637, 1315.320, 194.640, 15
638, 1336.190, 194.640, 15
639, 376.170, 203.140, 17
640, 397.040, 203.140, 17
641, 417.910, 203.140, 17
642, 438.780, 203.140, 17
643, 459.650, 203.140, 17
644, 480.520, 203.140, 17
645, 501.390, 203.140, 17
646, 522.260, 203.140, 17
647, 543.130, 203.140, 17
648, 564.000, 203.140, 17
649, 584.870, 203.140, 17
650, 605.740, 203.140, 17
651, 626.610, 203.140, 17
652, 647.480, 203.140, 17
653, 668.350, 203.140, 17
654, 689.220, 203.140, 2
655, 710.090, 203.140, 2
656, 730.960, 203.140, 2
657, 751.830, 203.140, 2
658, 772.700, 203.140, 2
659, 793.570, 203.140, 2
660, 814.440, 203.140, 2
661, 835.310, 203.140, 2
662, 856.180, 203.140, 2
663, 877.050, 203.140, 2
664, 897.920, 203.140, 2
665, 918.790, 203.140, 2
666, 939.660, 203.140, 7
667, 960.530, 203.140, 7
668, 981.400, 203.140, 7
669, 1002.270, 203.140, 7
670, 1023.140, 203.140, 7
671, 1044.010, 203.140, 7
672, 1064.880, 203.140, 7
673, 1085.750, 203.140, 7
674, 1106.620, 203.140, 7
675, 1127.490, 203.140, 7
676, 1148.360, 203.140, 15
677, 1169.230, 203.140, 15
678, 1190.100, 203.140, 15
679, 1210.970, 203.140, 15
680, 1231.840, 203.140, 15
681, 1252.710, 203.140, 15
682, 1273.580, 203.140, 15
683, 1294.450, 203.140, 15
684, 1315.320, 203.140, 15
685, 1336.190, 203.140, 15
686, 355.300, 211.640, 17
687, 376.170, 211.640, 17
688, 397.040, 211.640, 17
689, 417.910, 211.640, 17
690, 438.780, 211.640, 17
691, 459.650, 211.640, 17
692, 480.520, 211.640, 17
693, 501.390, 211.640, 17
694, 522.260, 211.640, 17
695, 543.130, 211.640, 17
696, 564.000, 211.640, 17
697, 584.870, 211.640, 17
698, 605.740, 211.640, 17
699, 626.610, 211.640, 17
700, 647.480, 211.640, 17
701, 668.350, 211.640, 17
702, 689.220, 211.640, 2
703, 710.090, 211.640, 2
704, 730.960, 211.640, 2
705, 751.830, 211.640, 2
706, 772.700, 211.640, 2
707, 793.570, 211.640, 2
708, 814.440, 211.640, 2
709, 835.310, 211.640, 2
710, 856.180, 211.640, 2
711, 877.050, 211.640, 2
712, 897.920, 211.640, 2
713, 918.790, 211.640, 2
714, 939.660, 211.640, 7
715, 960.530, 211.640, 7
716, 981.400, 211.640, 7
717, 1002.270, 211.640, 7
718, 1023.140, 211.640, 7
719, 1044.010, 211.640, 7
720, 1064.880, 211.640, 7
721, 1085.750, 211.640, 7
722, 1106.620, 211.640, 7
723, 1127.490, 211.640, 7
724, 1148.360, 211.640, 15
725, 1169.230, 211.640, 15
726, 1190.100, 211.640, 15
727, 1210.970, 211.640, 15
728, 1231.840, 211.640, 15
729, 1252.710, 211.640, 15
730, 1273.580, 211.640, 15
731, 1294.450, 211.640, 15
732, 1315.320, 211.640, 15
733, 1336.190, 211.640, 15
734, 355.300, 220.140, 17
735, 376.170, 220.140, 17
736, 397.040, 220.140, 17
737, 417.910, 220.140, 17
738, 438.780, 220.140, 17
739, 459.650, 220.140, 17
740, 480.520, 220.140, 17
741, 501.390, 220.140, 17
742, 522.260, 220.140, 17
743, 543.130, 220.140, 17
744, 564.000, 220.140, 17
745, 584.870, 220.140, 17
746, 605.740, 220.140, 17
747, 626.610, 220.140, 17
748, 647.480, 220.140, 17
749, 668.350, 220.140, 17
750, 689.220, 220.140, 17
751, 710.090, 220.140, 2
752, 730.960, 220.140, 2
753, 751.830, 220.140, 2
754, 772.700, 220.140, 2
755, 793.570, 220.140, 2
756, 814.440, 220.140, 2
757, 835.310, 220.140, 2
758, 856.180, 220.140, 2
759, 877.050, 220.140, 2
760, 897.920, 220.140, 2
761, 918.790, 220.140, 2
762, 939.660, 220.140, 7
763, 960.530, 220.140, 7
764, 981.400, 220.140, 7
765, 1002.270, 220.140, 7
766, 1023.140, 220.140, 7
767, 1044.010, 220.140, 7
768, 1064.880, 220.140, 7
769, 1085.750, 220.140, 7
770, 1106.620, 220.140, 7
771, 1127.490, 220.140, 7
772, 1148.360, 220.140, 15
773, 1169.230, 220.140, 15
774, 1190.100, 220.140, 15
775, 1210.970, 220.140, 15
776, 1231.840, 220.140, 15
777, 1252.710, 220.140, 15
778, 1273.580, 220.140, 15
779, 1294.450, 220.140, 15
780, 1315.320, 220.140, 15
781, 1336.190, 220.140, 15
782, 334.430, 228.640, 11
783, 355.300, 228.640, 11
784, 376.170, 228.640, 11
785, 397.040, 228.640, 11
786, 417.910, 228.640, 17
787, 438.780, 228.640, 17
788, 459.650, 228.640, 17
789, 480.520, 228.640, 17
790, 501.390, 228.640, 17
791, 522.260, 228.640, 17
792, 543.130, 228.640, 17
793, 564.000, 228.640, 17
794, 584.870, 228.640, 17
795, 605.740, 228.640, 17
796, 626.610, 228.640, 17
797, 647.480, 228.640, 17
798, 668.350, 228.640, 17
799, 689.220, 228.640, 17
800, 710.090, 228.640, 2
801, 730.960, 228.640, 2
802, 751.830, 228.640, 2
803, 772.700, 228.640, 2
804, 793.570, 228.640, 2
805, 814.440, 228.640, 2
806, 835.310, 228.640, 2
807, 856.180, 228.640, 2
808, 877.050, 228.640, 2
809, 897.920, 228.640, 2
810, 918.790, 228.640, 2
811, 939.660, 228.640, 7
812, 960.530, 228.640, 7
813, 981.400, 228.640, 7
814, 1002.270, 228.640, 7
815, 1023.140, 228.640, 7
816, 1044.010, 228.640, 7
817, 1064.880, 228.640, 7
818, 1085.750, 228.640, 7
819, 1106.620, 228.640, 7
820, 1127.490, 228.640, 7
821, 1148.360, 228.640, 15
822, 1169.230, 228.640, 15
823, 1190.100, 228.640, 15
824, 1210.970, 228.640, 15
825, 1231.840, 228.640, 15
826, 1252.710, 228.640, 15
827, 1273.580, 228.640, 15
828, 1294.450, 228.640, 15
829, 1315.320, 228.640, 15
830, 1336.190, 228.640, 15
831, 313.560, 237.140, 11
832, 334.430, 237.140, 11
833, 355.300, 237.140, 11
834, 376.170, 237.140, 11
835, 397.040, 237.140, 11
836, 417.910, 237.140, 11
837, 438.780, 237.140, 11
838, 459.650, 237.140, 11
839, 480.520, 237.140, 17
840, 501.390, 237.140, 17
841, 522.260, 237.140, 17
842, 543.130, 237.140, 17
843, 564.000, 237.140, 17
844, 584.870, 237.140, 17
845, 605.740, 237.140, 17
846, 626.610, 237.140, 17
847, 647.480, 237.140, 17
848, 668.350, 237.140, 17
849, 689.220, 237.140, 17
850, 710.090, 237.140, 2
851, 730.960, 237.140, 2
852, 751.830, 237.140, 2
853, 772.700, 237.140, 2
854, 793.570, 237.140, 2
855, 814.440, 237.140, 2
856, 835.310, 237.140, 2
857, 856.180, 237.140, 2
858, 877.050, 237.140, 2
859, 897.920, 237.140, 2
860, 918.790, 237.140, 2
861, 939.660, 237.140, 7
862, 960.530, 237.140, 7
863, 981.400, 237.140, 7
864, 1002.270, 237.140, 7
865, 1023.140, 237.140, 7
866, 1044.010, 237.140, 7
867, 1064.880, 237.140, 7
868, 1085.750, 237.140, 7
869, 1106.620, 237.140, 7
870, 1127.490, 237.140, 7
871, 1148.360, 237.140, 15
872, 1169.230, 237.140, 15
873, 1190.100, 237.140, 15
874, 1210.970, 237.140, 15
875, 1231.840, 237.140, 15
876, 1252.710, 237.140, 15
877, 1273.580, 237.140, 15
878, 1294.450, 237.140, 15
879, 1315.320, 237.140, 15
880, 292.690, 245.640, 11
881, 313.560, 245.640, 11
882, 334.430, 245.640, 11
883, 355.300, 245.640, 11
884, 376.170, 245.640, 11
885, 397.040, 245.640, 11
886, 417.910, 245.640, 11
887, 438.780, 245.640, 11
888, 459.650, 245.640, 11
889, 480.520, 245.640, 8
890, 501.390, 245.640, 8
891, 522.260, 245.640, 8
892, 543.130, 245.640, 8
893, 564.000, 245.640, 8
894, 584.870, 245.640, 8
895, 605.740, 245.640, 8
896, 626.610, 245.640, 8
897, 647.480, 245.640, 8
898, 668.350, 245.640, 8
899, 689.220, 245.640, 8
900, 710.090, 245.640, 14
901, 730.960, 245.640, 14
902, 751.830, 245.640, 14
903, 772.700, 245.640, 14
904, 793.570, 245.640, 14
905, 814.440, 245.640, 14
906, 835.310, 245.640, 14
907, 856.180, 245.640, 14
908, 877.050, 245.640, 14
909, 897.920, 245.640, 14
910, 918.790, 245.640, 14
911, 939.660, 245.640, 14
912, 960.530, 245.640, 14
913, 981.400, 245.640, 14
914, 1002.270, 245.640, 14
915, 1023.140, 245.640, 7
916, 1044.010, 245.640, 7
917, 1064.880, 245.640, 7
918, 1085.750, 245.640, 7
919, 1106.620, 245.640, 7
920, 1127.490, 245.640, 18
921, 1148.360, 245.640, 18
922, 1169.230, 245.640, 18
923, 1190.100, 245.640, 18
924, 1210.970, 245.640, 18
925, 1231.840, 245.640, 18
926, 1252.710, 245.640, 18
927, 1273.580, 245.640, 18
928, 1294.450, 245.640, 18
929, 1315.320, 245.640, 18
930, 271.820, 254.140, 11
931, 292.690, 254.140, 11
932, 313.560, 254.140, 11
933, 334.430, 254.140, 11
934, 355.300, 254.140, 11
935, 376.170, 254.140, 11
936, 397.040, 254.140, 11
937, 417.910, 254.140, 11
938, 438.780, 254.140, 11
939, 459.650, 254.140, 11
940, 480.520, 254.140, 8
941, 501.390, 254.140, 8
942, 522.260, 254.140, 8
943, 543.130, 254.140, 8
944, 564.000, 254.140, 8
945, 584.870, 254.140, 8
946, 605.740, 254.140, 8
947, 626.610, 254.140, 8
948, 647.480, 254.140, 8
949, 668.350, 254.140, 8
950, 689.220, 254.140, 8
951, 710.090, 254.140, 14
952, 730.960, 254.140, 14
953, 751.830, 254.140, 14
954, 772.700, 254.140, 14
955, 793.570, 254.140, 14
956, 814.440, 254.140, 14
957, 835.310, 254.140, 14
958, 856.180, 254.140, 14
959, 877.050, 254.140, 14
960, 897.920, 254.140, 14
961, 918.790, 254.140, 14
962, 939.660, 254.140, 14
963, 960.530, 254.140, 14
964, 981.400, 254.140, 14
965, 1002.270, 254.140, 14
966, 1023.140, 254.140, 18
967, 1044.010, 254.140, 18
968, 1064.880, 254.140, 18
969, 1085.750, 254.140, 18
970, 1106.620, 254.140, 18
971, 1127.490, 254.140, 18
972, 1148.360, 254.140, 18
973, 1169.230, 254.140, 18
974, 1190.100, 254.140, 18
975, 1210.970, 254.140, 18
976, 1231.840, 254.140, 18
977, 1252.710, 254.140, 18
978, 1273.580, 254.140, 18
979, 1294.450, 254.140, 18
980, 1315.320, 254.140, 18
981, 271.820, 262.640, 11
982, 292.690, 262.640, 11
983, 313.560, 262.640, 11
984, 334.430, 262.640, 11
985, 355.300, 262.640, 11
986, 376.170, 262.640, 11
987, 397.040, 262.640, 11
988, 417.910, 262.640, 11
989, 438.780, 262.640, 11
990, 459.650, 262.640, 11
991, 480.520, 262.640, 8
992, 501.390, 262.640, 8
993, 522.260, 262.640, 8
994, 543.130, 262.640, 8
995, 564.000, 262.640, 8
996, 584.870, 262.640, 8
997, 605.740, 262.640, 8
998, 626.610, 262.640, 8
999, 647.480, 262.640, 8
1000, 668.350, 262.640, 8
1001, 689.220, 262.640, 8
1002, 710.090, 262.640, 14
1003, 730.960, 262.640, 14
1004, 751.830, 262.640, 14
1005, 772.700, 262.640, 14
1006, 793.570, 262.640, 14
1007, 814.440, 262.640, 14
1008, 835.310, 262.640, 14
1009, 856.180, 262.640, 14
1010, 877.050, 262.640, 14
1011, 897.920, 262.640, 14
1012, 918.790, 262.640, 14
1013, 939.660, 262.640, 14
1014, 960.530, 262.640, 14
1015, 981.400, 262.640, 14
1016, 1002.270, 262.640, 18
1017, 1023.140, 262.640, 18
1018, 1044.010, 262.640, 18
1019, 1064.880, 262.640, 18
1020, 1085.750, 262.640, 18
1021, 1106.620, 262.640, 18
1022, 1127.490, 262.640, 18
1023, 1148.360, 262.640, 18
1024, 1169.230, 262.640, 18
1025, 1190.100, 262.640, 18
1026, 1210.970, 262.640, 18
1027, 1231.840, 262.640, 18
1028, 1252.710, 262.640, 18
1029, 1273.580, 262.640, 18
1030, 1294.450, 262.640, 18
1031, 1315.320, 262.640, 18
1032, 271.820, 271.140, 11
1033, 292.690, 271.140, 11
1034, 313.560, 271.140, 11
1035, 334.430, 271.140, 11
1036, 355.300, 271.140, 11
1037, 376.170, 271.140, 11
1038, 397.040, 271.140, 11
1039, 417.910, 271.140, 11
1040, 438.780, 271.140, 11
1041, 459.650, 271.140, 11
1042, 480.520, 271.140, 8
1043, 501.390, 271.140, 8
1044, 522.260, 271.140, 8
1045, 543.130, 271.140, 8
1046, 564.000, 271.140, 8
1047, 584.870, 271.140, 8
1048, 605.740, 271.140, 8
1049, 626.610, 271.140, 8
1050, 647.480, 271.140, 8
1051, 668.350, 271.140, 8
1052, 689.220, 271.140, 8
1053, 710.090, 271.140, 14
1054, 730.960, 271.140, 14
1055, 751.830, 271.140, 14
1056, 772.700, 271.140, 14
1057, 793.570, 271.140, 14
1058, 814.440, 271.140, 14
1059, 835.310, 271.140, 14
1060, 856.180, 271.140, 14
1061, 877.050, 271.140, 14
1062, 897.920, 271.140, 14
1063, 918.790, 271.140, 14
1064, 939.660, 271.140, 14
1065, 960.530, 271.140, 14
1066, 981.400, 271.140, 14
1067, 1002.270, 271.140, 18
1068, 1023.140, 271.140, 18
1069, 1044.010, 271.140, 18
1070, 1064.880, 271.140, 18
1071, 1085.750, 271.140, 18
1072, 1106.620, 271.140, 18
1073, 1127.490, 271.140, 18
1074, 1148.360, 271.140, 18
1075, 1169.230, 271.140, 18
1076, 1190.100, 271.140, 18
1077, 1210.970, 271.140, 18
1078, 1231.840, 271.140, 18
1079, 1252.710, 271.140, 18
1080, 1273.580, 271.140, 18
1081, 1294.450, 271.140, 18
1082, 1315.320, 271.140, 18
1083, 271.820, 279.640, 11
1084, 292.690, 279.640, 11
1085, 313.560, 279.640, 11
1086, 334.430, 279.640, 11
1087, 355.300, 279.640, 11
1088, 376.170, 279.640, 11
1089, 397.040, 279.640, 11
1090, 417.910, 279.640, 11
1091, 438.780, 279.640, 11
1092, 459.650, 279.640, 11
1093, 480.520, 279.640, 8
1094, 501.390, 279.640, 8
1095, 522.260, 279.640, 8
1096, 543.130, 279.640, 8
1097, 564.000, 279.640, 8
1098, 584.870, 279.640, 8
1099, 605.740, 279.640, 8
1100, 626.610, 279.640, 8
1101, 647.480, 279.640, 8
1102, 668.350, 279.640, 8
1103, 689.220, 279.640, 8
1104, 710.090, 279.640, 8
1105, 730.960, 279.640, 14
1106, 751.830, 279.640, 14
1107, 772.700, 279.640, 14
1108, 793.570, 279.640, 14
1109, 814.440, 279.640, 14
1110, 835.310, 279.640, 14
1111, 856.180, 279.640, 14
1112, 877.050, 279.640, 14
1113, 897.920, 279.640, 14
1114, 918.790, 279.640, 14
1115, 939.660, 279.640, 14
1116, 960.530, 279.640, 14
1117, 981.400, 279.640, 14
1118, 1002.270, 279.640, 18
1119, 1023.140, 279.640, 18
1120, 1044.010, 279.640, 18
1121, 1064.880, 279.640, 18
1122, 1085.750, 279.640, 18
1123, 1106.620, 279.640, 18
1124, 1127.490, 279.640, 18
1125, 1148.360, 279.640, 18
1126, 1169.230, 279.640, 18
1127, 1190.100, 279.640, 18
1128, 1210.970, 279.640, 18
1129, 1231.840, 279.640, 18
1130, 1252.710, 279.640, 18
1131, 1273.580, 279.640, 18
1132, 1294.450, 279.640, 18
1133, 250.950, 288.140, 11
1134, 271.820, 288.140, 11
1135, 292.690, 288.140, 11
1136, 313.560, 288.140, 11
1137, 334.430, 288.140, 11
1138, 355.300, 288.140, 11
1139, 376.170, 288.140, 11
1140, 397.040, 288.140, 11
1141, 417.910, 288.140, 11
1142, 438.780, 288.140, 11
1143, 459.650, 288.140, 11
1144, 480.520, 288.140, 8
1145, 501.390, 288.140, 8
1146, 522.260, 288.140, 8
1147, 543.130, 288.140, 8
1148, 564.000, 288.140, 8
1149, 584.870, 288.140, 8
1150, 605.740, 288.140, 8
1151, 626.610, 288.140, 8
1152, 647.480, 288.140, 8
1153, 668.350, 288.140, 8
1154, 689.220, 288.140, 8
1155, 710.090, 288.140, 8
1156, 730.960, 288.140, 14
1157, 751.830, 288.140, 14
1158, 772.700, 288.140, 14
1159, 793.570, 288.140, 14
1160, 814.440, 288.140, 14
1161, 835.310, 288.140, 14
1162, 856.180, 288.140, 14
1163, 877.050, 288.140, 14
1164, 897.920, 288.140, 14
1165, 918.790, 288.140, 14
1166, 939.660, 288.140, 14
1167, 960.530, 288.140, 14
1168, 981.400, 288.140, 14
1169, 1002.270, 288.140, 18
1170, 1023.140, 288.140, 18
1171, 1044.010, 288.140, 18
1172, 1064.880, 288.140, 18
1173, 1085.750, 288.140, 18
1174, 1106.620, 288.140, 18
1175, 1127.490, 288.140, 18
1176, 1148.360, 288.140, 18
1177, 1169.230, 288.140, 18
1178, 1190.100, 288.140, 18
1179, 1210.970, 288.140, 18
1180, 1231.840, 288.140, 18
1181, 1252.710, 288.140, 18
1182, 1273.580, 288.140, 18
1183, 250.950, 296.640, 11
1184, 271.820, 296.640, 11
1185, 292.690, 296.640, 11
1186, 313.560, 296.640, 11
1187, 334.430, 296.640, 11
1188, 355.300, 296.640, 11
1189, 376.170, 296.640, 11
1190, 397.040, 296.640, 11
1191, 417.910, 296.640, 11
1192, 438.780, 296.640, 11
1193, 459.650, 296.640, 11
1194, 480.520, 296.640, 8
1195, 501.390, 296.640, 8
1196, 522.260, 296.640, 8
1197, 543.130, 296.640, 8
1198, 564.000, 296.640, 8
1199, 584.870, 296.640, 8
1200, 605.740, 296.640, 8
1201, 626.610, 296.640, 8
1202, 647.480, 296.640, 8
1203, 668.350, 296.640, 8
1204, 689.220, 296.640, 8
1205, 710.090, 296.640, 8
1206, 730.960, 296.640, 14
1207, 751.830, 296.640, 14
1208, 772.700, 296.640, 14
1209, 793.570, 296.640, 14
1210, 814.440, 296.640, 14
1211, 835.310, 296.640, 14
1212, 856.180, 296.640, 14
1213, 877.050, 296.640, 14
1214, 897.920, 296.640, 14
1215, 918.790, 296.640, 14
1216, 939.660, 296.640, 14
1217, 960.530, 296.640, 14
1218, 981.400, 296.640, 14
1219, 1002.270, 296.640, 18
1220, 1023.140, 296.640, 18
1221, 1044.010, 296.640, 18
1222, 1064.880, 296.640, 18
1223, 1085.750, 296.640, 18
1224, 1106.620, 296.640, 18
1225, 1127.490, 296.640, 18
1226, 1148.360, 296.640, 18
1227, 1169.230, 296.640, 18
1228, 1190.100, 296.640, 18
1229, 1210.970, 296.640, 18
1230, 1231.840, 296.640, 18
1231, 1252.710, 296.640, 18
1232, 1273.580, 296.640, 18
1233, 250.950, 305.140, 11
1234, 271.820, 305.140, 11
1235, 292.690, 305.140, 11
1236, 313.560, 305.140, 11
1237, 334.430, 305.140, 11
1238, 355.300, 305.140, 11
1239, 376.170, 305.140, 11
1240, 397.040, 305.140, 11
1241, 417.910, 305.140, 11
1242, 438.780, 305.140, 11
1243, 459.650, 305.140, 11
1244, 480.520, 305.140, 8
1245, 501.390, 305.140, 8
1246, 522.260, 305.140, 8
1247, 543.130, 305.140, 8
1248, 564.000, 305.140, 8
1249, 584.870, 305.140, 8
1250, 605.740, 305.140, 8
1251, 626.610, 305.140, 8
1252, 647.480, 305.140, 8
1253, 668.350, 305.140, 8
1254, 689.220, 305.140, 8
1255, 710.090, 305.140, 8
1256, 730.960, 305.140, 9
1257, 751.830, 305.140, 14
1258, 772.700, 305.140, 14
1259, 793.570, 305.140, 14
1260, 814.440, 305.140, 14
1261, 835.310, 305.140, 14
1262, 856.180, 305.140, 14
1263, 877.050, 305.140, 14
1264, 897.920, 305.140, 14
1265, 918.790, 305.140, 14
1266, 939.660, 305.140, 14
1267, 960.530, 305.140, 14
1268, 981.400, 305.140, 14
1269, 1002.270, 305.140, 18
1270, 1023.140, 305.140, 18
1271, 1044.010, 305.140, 18
1272, 1064.880, 305.140, 18
1273, 1085.750, 305.140, 18
1274, 1106.620, 305.140, 18
1275, 1127.490, 305.140, 18
1276, 1148.360, 305.140, 18
1277, 1169.230, 305.140, 18
1278, 1190.100, 305.140, 20
1279, 1210.970, 305.140, 20
1280, 1231.840, 305.140, 20
1281, 1252.710, 305.140, 20
1282, 250.950, 313.640, 11
1283, 271.820, 313.640, 11
1284, 292.690, 313.640, 11
1285, 313.560, 313.640, 11
1286, 334.430, 313.640, 11
1287, 355.300, 313.640, 11
1288, 376.170, 313.640, 11
1289, 397.040, 313.640, 11
1290, 417.910, 313.640, 11
1291, 438.780, 313.640, 11
1292, 459.650, 313.640, 11
1293, 480.520, 313.640, 8
1294, 501.390, 313.640, 8
1295, 522.260, 313.640, 8
1296, 543.130, 313.640, 8
1297, 564.000, 313.640, 8
1298, 584.870, 313.640, 8
1299, 605.740, 313.640, 8
1300, 626.610, 313.640, 8
1301, 647.480, 313.640, 8
1302, 668.350, 313.640, 8
1303, 689.220, 313.640, 8
1304, 710.090, 313.640, 8
1305, 730.960, 313.640, 9
1306, 751.830, 313.640, 9
1307, 772.700, 313.640, 9
1308, 793.570, 313.640, 9
1309, 814.440, 313.640, 9
1310, 835.310, 313.640, 9
1311, 856.180, 313.640, 9
1312, 877.050, 313.640, 9
1313, 897.920, 313.640, 9
1314, 918.790, 313.640, 9
1315, 939.660, 313.640, 9
1316, 960.530, 313.640, 9
1317, 981.400, 313.640, 20
1318, 1002.270, 313.640, 20
1319, 1023.140, 313.640, 20
1320, 1044.010, 313.640, 20
1321, 1064.880, 313.640, 20
1322, 1085.750, 313.640, 20
1323, 1106.620, 313.640, 20
1324, 1127.490, 313.640, 20
1325, 1148.360, 313.640, 20
1326, 1169.230, 313.640, 20
1327, 1190.100, 313.640, 20
1328, 1210.970, 313.640, 20
1329, 1231.840, 313.640, 20
1330, 1252.710, 313.640, 20
1331, 230.080, 322.140, 13
1332, 250.950, 322.140, 13
1333, 271.820, 322.140, 13
1334, 292.690, 322.140, 13
1335, 313.560, 322.140, 13
1336, 334.430, 322.140, 13
1337, 355.300, 322.140, 13
1338, 376.170, 322.140, 11
1339, 397.040, 322.140, 11
1340, 417.910, 322.140, 11
1341, 438.780, 322.140, 11
1342, 459.650, 322.140, 1
1343, 480.520, 322.140, 1
1344, 501.390, 322.140, 1
1345, 522.260, 322.140, 1
1346, 543.130, 322.140, 1
1347, 564.000, 322.140, 1
1348, 584.870, 322.140, 1
1349, 605.740, 322.140, 1
1350, 626.610, 322.140, 8
1351, 647.480, 322.140, 8
1352, 668.350, 322.140, 8
1353, 689.220, 322.140, 8
1354, 710.090, 322.140, 8
1355, 730.960, 322.140, 9
1356, 751.830, 322.140, 9
1357, 772.700, 322.140, 9
1358, 793.570, 322.140, 9
1359, 814.440, 322.140, 9
1360, 835.310, 322.140, 9
1361, 856.180, 322.140, 9
1362, 877.050, 322.140, 9
1363, 897.920, 322.140, 9
1364, 918.790, 322.140, 9
1365, 939.660, 322.140, 9
1366, 960.530, 322.140, 9
1367, 981.400, 322.140, 20
1368, 1002.270, 322.140, 20
1369, 1023.140, 322.140, 20
1370, 1044.010, 322.140, 20
1371, 1064.880, 322.140, 20
1372, 1085.750, 322.140, 20
1373, 1106.620, 322.140, 20
1374, 1127.490, 322.140, 20
1375, 1148.360, 322.140, 20
1376, 1169.230, 322.140, 20
1377, 1190.100, 322.140, 20
1378, 1210.970, 322.140, 20
1379, 1231.840, 322.140, 20
1380, 230.080, 330.640, 13
1381, 250.950, 330.640, 13
1382, 271.820, 330.640, 13
1383, 292.690, 330.640, 13
1384, 313.560, 330.640, 13
1385, 334.430, 330.640, 13
1386, 355.300, 330.640, 13
1387, 376.170, 330.640, 13
1388, 397.040, 330.640, 13
1389, 417.910, 330.640, 13
1390, 438.780, 330.640, 13
1391, 459.650, 330.640, 1
1392, 480.520, 330.640, 1
1393, 501.390, 330.640, 1
1394, 522.260, 330.640, 1
1395, 543.130, 330.640, 1
1396, 564.000, 330.640, 1
1397, 584.870, 330.640, 1
1398, 605.740, 330.640, 1
1399, 626.610, 330.640, 1
1400, 647.480, 330.640, 1
1401, 668.350, 330.640, 1
1402, 689.220, 330.640, 1
1403, 710.090, 330.640, 1
1404, 730.960, 330.640, 9
1405, 751.830, 330.640, 9
1406, 772.700, 330.640, 9
1407, 793.570, 330.640, 9
1408, 814.440, 330.640, 9
1409, 835.310, 330.640, 9
1410, 856.180, 330.640, 9
1411, 877.050, 330.640, 9
1412, 897.920, 330.640, 9
1413, 918.790, 330.640, 9
1414, 939.660, 330.640, 9
1415, 960.530, 330.640, 9
1416, 981.400, 330.640, 20
1417, 1002.270, 330.640, 20
1418, 1023.140, 330.640, 20
1419, 1044.010, 330.640, 20
1420, 1064.880, 330.640, 20
1421, 1085.750, 330.640, 20
1422, 1106.620, 330.640, 20
1423, 1127.490, 330.640, 20
1424, 1148.360, 330.640, 20
1425, 1169.230, 330.640, 20
1426, 1190.100, 330.640, 20
1427, 1210.970, 330.640, 20
1428, 1231.840, 330.640, 20
1429, 230.080, 339.140, 13
1430, 250.950, 339.140, 13
1431, 271.820, 339.140, 13
1432, 292.690, 339.140, 13
1433, 313.560, 339.140, 13
1434, 334.430, 339.140, 13
1435, 355.300, 339.140, 13
1436, 376.170, 339.140, 13
1437, 397.040, 339.140, 13
1438, 417.910, 339.140, 13
1439, 438.780, 339.140, 13
1440, 459.650, 339.140, 1
1441, 480.520, 339.140, 1
1442, 501.390, 339.140, 1
1443, 522.260, 339.140, 1
1444, 543.130, 339.140, 1
1445, 564.000, 339.140, 1
1446, 584.870, 339.140, 1
1447, 605.740, 339.140, 1
1448, 626.610, 339.140, 1
1449, 647.480, 339.140, 1
1450, 668.350, 339.140, 1
1451, 689.220, 339.140, 1
1452, 710.090, 339.140, 1
1453, 730.960, 339.140, 9
1454, 751.830, 339.140, 9
1455, 772.700, 339.140, 9
1456, 793.570, 339.140, 9
1457, 814.440, 339.140, 9
1458, 835.310, 339.140, 9
1459, 856.180, 339.140, 9
1460, 877.050, 339.140, 9
1461, 897.920, 339.140, 9
1462, 918.790, 339.140, 9
1463, 939.660, 339.140, 9
1464, 960.530, 339.140, 9
1465, 981.400, 339.140, 20
1466, 1002.270, 339.140, 20
1467, 1023.140, 339.140, 20
1468, 1044.010, 339.140, 20
1469, 1064.880, 339.140, 20
1470, 1085.750, 339.140, 20
1471, 1106.620, 339.140, 20
1472, 1127.490, 339.140, 20
1473, 1148.360, 339.140, 20
1474, 1169.230, 339.140, 20
1475, 1190.100, 339.140, 20
1476, 1210.970, 339.140, 20
1477, 230.080, 347.640, 13
1478, 250.950, 347.640, 13
1479, 271.820, 347.640, 13
1480, 292.690, 347.640, 13
1481, 313.560, 347.640, 13
1482, 334.430, 347.640, 13
1483, 355.300, 347.640, 13
1484, 376.170, 347.640, 13
1485, 397.040, 347.640, 13
1486, 417.910, 347.640, 13
1487, 438.780, 347.640, 13
1488, 459.650, 347.640, 1
1489, 480.520, 347.640, 1
1490, 501.390, 347.640, 1
1491, 522.260, 347.640, 1
1492, 543.130, 347.640, 1
1493, 564.000, 347.640, 1
1494, 584.870, 347.640, 1
1495, 605.740, 347.640, 1
1496, 626.610, 347.640, 1
1497, 647.480, 347.640, 1
1498, 668.350, 347.640, 1
1499, 689.220, 347.640, 1
1500, 710.090, 347.640, 1
1501, 730.960, 347.640, 9
1502, 751.830, 347.640, 9
1503, 772.700, 347.640, 9
1504, 793.570, 347.640, 9
1505, 814.440, 347.640, 9
1506, 835.310, 347.640, 9
1507, 856.180, 347.640, 9
1508, 877.050, 347.640, 9
1509, 897.920, 347.640, 9
1510, 918.790, 347.640, 9
1511, 939.660, 347.640, 9
1512, 960.530, 347.640, 9
1513, 981.400, 347.640, 20
1514, 1002.270, 347.640, 20
1515, 1023.140, 347.640, 20
1516, 1044.010, 347.640, 20
1517, 1064.880, 347.640, 20
1518, 1085.750, 347.640, 20
1519, 1106.620, 347.640, 20
1520, 1127.490, 347.640, 20
1521, 1148.360, 347.640, 20
1522, 1169.230, 347.640, 20
1523, 1190.100, 347.640, 20
1524, 209.210, 356.140, 13
1525, 230.080, 356.140, 13
1526, 250.950, 356.140, 13
1527, 271.820, 356.140, 13
1528, 292.690, 356.140, 13
1529, 313.560, 356.140, 13
1530, 334.430, 356.140, 13
1531, 355.300, 356.140, 13
1532, 376.170, 356.140, 13
1533, 397.040, 356.140, 13
1534, 417.910, 356.140, 13
1535, 438.780, 356.140, 13
1536, 459.650, 356.140, 1
1537, 480.520, 356.140, 1
1538, 501.390, 356.140, 1
1539, 522.260, 356.140, 1
1540, 543.130, 356.140, 1
1541, 564.000, 356.140, 1
1542, 584.870, 356.140, 1
1543, 605.740, 356.140, 1
1544, 626.610, 356.140, 1
1545, 647.480, 356.140, 1
1546, 668.350, 356.140, 1
1547, 689.220, 356.140, 1
1548, 710.090, 356.140, 1
1549, 730.960, 356.140, 9
1550, 751.830, 356.140, 9
1551, 772.700, 356.140, 9
1552, 793.570, 356.140, 9
1553, 814.440, 356.140, 9
1554, 835.310, 356.140, 9
1555, 856.180, 356.140, 9
1556, 877.050, 356.140, 9
1557, 897.920, 356.140, 9
1558, 918.790, 356.140, 9
1559, 939.660, 356.140, 9
1560, 960.530, 356.140, 9
1561, 981.400, 356.140, 20
1562, 1002.270, 356.140, 20
1563, 1023.140, 356.140, 20
1564, 1044.010, 356.140, 20
1565, 1064.880, 356.140, 20
1566, 1085.750, 356.140, 20
1567, 1106.620, 356.140, 20
1568, 1127.490, 356.140, 20
1569, 1148.360, 356.140, 20
1570, 1169.230, 356.140, 20
1571, 1190.100, 356.140, 20
1572, 209.210, 364.640, 13
1573, 230.080, 364.640, 13
1574, 250.950, 364.640, 13
1575, 271.820, 364.640, 13
1576, 292.690, 364.640, 13
1577, 313.560, 364.640, 13
1578, 334.430, 364.640, 13
1579, 355.300, 364.640, 13
1580, 376.170, 364.640, 13
1581, 397.040, 364.640, 13
1582, 417.910, 364.640, 13
1583, 438.780, 364.640, 13
1584, 459.650, 364.640, 1
1585, 480.520, 364.640, 1
1586, 501.390, 364.640, 1
1587, 522.260, 364.640, 1
1588, 543.130, 364.640, 1
1589, 564.000, 364.640, 1
1590, 584.870, 364.640, 1
1591, 605.740, 364.640, 1
1592, 626.610, 364.640, 1
1593, 647.480, 364.640, 1
1594, 668.350, 364.640, 1
1595, 689.220, 364.640, 1
1596, 710.090, 364.640, 1
1597, 730.960, 364.640, 9
1598, 751.830, 364.640, 9
1599, 772.700, 364.640, 9
1600, 793.570, 364.640, 9
1601, 814.440, 364.640, 9
1602, 835.310, 364.640, 9
1603, 856.180, 364.640, 9
1604, 877.050, 364.640, 9
1605, 897.920, 364.640, 9
1606, 918.790, 364.640, 9
1607, 939.660, 364.640, 9
1608, 960.530, 364.640, 9
1609, 981.400, 364.640, 20
1610, 1002.270, 364.640, 20
1611, 1023.140, 364.640, 20
1612, 1044.010, 364.640, 20
1613, 1064.880, 364.640, 20
1614, 1085.750, 364.640, 20
1615, 1106.620, 364.640, 20
1616, 1127.490, 364.640, 20
1617, 1148.360, 364.640, 20
1618, 1169.230, 364.640, 20
1619, 209.210, 373.140, 13
1620, 230.080, 373.140, 13
1621, 250.950, 373.140, 13
1622, 271.820, 373.140, 13
1623, 292.690, 373.140, 13
1624, 313.560, 373.140, 13
1625, 334.430, 373.140, 13
1626, 355.300, 373.140, 13
1627, 376.170, 373.140, 13
1628, 397.040, 373.140, 13
1629, 417.910, 373.140, 13
1630, 438.780, 373.140, 13
1631, 459.650, 373.140, 1
1632, 480.520, 373.140, 1
1633, 501.390, 373.140, 1
1634, 522.260, 373.140, 1
1635, 543.130, 373.140, 1
1636, 564.000, 373.140, 1
1637, 584.870, 373.140, 1
1638, 605.740, 373.140, 1
1639, 626.610, 373.140, 1
1640, 647.480, 373.140, 1
1641, 668.350, 373.140, 1
1642, 689.220, 373.140, 1
1643, 710.090, 373.140, 1
1644, 730.960, 373.140, 9
1645, 751.830, 373.140, 9
1646, 772.700, 373.140, 9
1647, 793.570, 373.140, 9
1648, 814.440, 373.140, 9
1649, 835.310, 373.140, 9
1650, 856.180, 373.140, 9
1651, 877.050, 373.140, 9
1652, 897.920, 373.140, 9
1653, 918.790, 373.140, 9
1654, 939.660, 373.140, 9
1655, 960.530, 373.140, 9
1656, 981.400, 373.140, 20
1657, 1002.270, 373.140, 20
1658, 1023.140, 373.140, 20
1659, 1044.010, 373.140, 20
1660, 1064.880, 373.140, 20
1661, 1085.750, 373.140, 20
1662, 1106.620, 373.140, 20
1663, 1127.490, 373.140, 20
1664, 1148.360, 373.140, 20
1665, 1169.230, 373.140, 20
1666, 230.080, 381.640, 13
1667, 250.950, 381.640, 13
1668, 271.820, 381.640, 13
1669, 292.690, 381.640, 13
1670, 313.560, 381.640, 13
1671, 334.430, 381.640, 13
1672, 355.300, 381.640, 13
1673, 376.170, 381.640, 13
1674, 397.040, 381.640, 13
1675, 417.910, 381.640, 13
1676, 438.780, 381.640, 13
1677, 459.650, 381.640, 1
1678, 480.520, 381.640, 1
1679, 501.390, 381.640, 1
1680, 522.260, 381.640, 1
1681, 543.130, 381.640, 1
1682, 564.000, 381.640, 1
1683, 584.870, 381.640, 1
1684, 605.740, 381.640, 1
1685, 626.610, 381.640, 1
1686, 647.480, 381.640, 1
1687, 668.350, 381.640, 1
1688, 689.220, 381.640, 1
1689, 710.090, 381.640, 1
1690, 730.960, 381.640, 9
1691, 751.830, 381.640, 9
1692, 772.700, 381.640, 9
1693, 793.570, 381.640, 9
1694, 814.440, 381.640, 9
1695, 835.310, 381.640, 9
1696, 856.180, 381.640, 9
1697, 877.050, 381.640, 9
1698, 897.920, 381.640, 9
1699, 918.790, 381.640, 9
1700, 939.660, 381.640, 9
1701, 960.530, 381.640, 9
1702, 981.400, 381.640, 20
1703, 1002.270, 381.640, 20
1704, 1023.140, 381.640, 20
1705, 1044.010, 381.640, 20
1706, 1064.880, 381.640, 20
1707, 1085.750, 381.640, 20
1708, 1106.620, 381.640, 20
1709, 1127.490, 381.640, 20
1710, 1148.360, 381.640, 20
1711, 230.080, 390.140, 13
1712, 250.950, 390.140, 13
1713, 271.820, 390.140, 13
1714, 292.690, 390.140, 13
1715, 313.560, 390.140, 13
1716, 334.430, 390.140, 13
1717, 355.300, 390.140, 13
1718, 376.170, 390.140, 13
1719, 397.040, 390.140, 13
1720, 417.910, 390.140, 13
1721, 438.780, 390.140, 13
1722, 459.650, 390.140, 1
1723, 480.520, 390.140, 1
1724, 501.390, 390.140, 1
1725, 522.260, 390.140, 1
1726, 543.130, 390.140, 1
1727, 564.000, 390.140, 1
1728, 584.870, 390.140, 1
1729, 605.740, 390.140, 1
1730, 626.610, 390.140, 1
1731, 647.480, 390.140, 1
1732, 668.350, 390.140, 19
1733, 689.220, 390.140, 19
1734, 710.090, 390.140, 19
1735, 730.960, 390.140, 19
1736, 751.830, 390.140, 19
1737, 772.700, 390.140, 19
1738, 793.570, 390.140, 19
1739, 814.440, 390.140, 19
1740, 835.310, 390.140, 19
1741, 856.180, 390.140, 19
1742, 877.050, 390.140, 4
1743, 897.920, 390.140, 4
1744, 918.790, 390.140, 4
1745, 939.660, 390.140, 4
1746, 960.530, 390.140, 4
1747, 981.400, 390.140, 4
1748, 1002.270, 390.140, 4
1749, 1023.140, 390.140, 4
1750, 1044.010, 390.140, 4
1751, 1064.880, 390.140, 4
1752, 1085.750, 390.140, 4
1753, 1106.620, 390.140, 4
1754, 1127.490, 390.140, 20
1755, 1148.360, 390.140, 20
1756, 230.080, 398.640, 13
1757, 250.950, 398.640, 13
1758, 271.820, 398.640, 13
1759, 292.690, 398.640, 13
1760, 313.560, 398.640, 13
1761, 334.430, 398.640, 13
1762, 355.300, 398.640, 13
1763, 376.170, 398.640, 13
1764, 397.040, 398.640, 13
1765, 417.910, 398.640, 13
1766, 438.780, 398.640, 13
1767, 459.650, 398.640, 10
1768, 480.520, 398.640, 10
1769, 501.390, 398.640, 10
1770, 522.260, 398.640, 10
1771, 543.130, 398.640, 10
1772, 564.000, 398.640, 10
1773, 584.870, 398.640, 10
1774, 605.740, 398.640, 10
1775, 626.610, 398.640, 10
1776, 647.480, 398.640, 10
1777, 668.350, 398.640, 19
1778, 689.220, 398.640, 19
1779, 710.090, 398.640, 19
1780, 730.960, 398.640, 19
1781, 751.830, 398.640, 19
1782, 772.700, 398.640, 19
1783, 793.570, 398.640, 19
1784, 814.440, 398.640, 19
1785, 835.310, 398.640, 19
1786, 856.180, 398.640, 19
1787, 877.050, 398.640, 4
1788, 897.920, 398.640, 4
1789, 918.790, 398.640, 4
1790, 939.660, 398.640, 4
1791, 960.530, 398.640, 4
1792, 981.400, 398.640, 4
1793, 1002.270, 398.640, 4
1794, 1023.140, 398.640, 4
1795, 1044.010, 398.640, 4
1796, 1064.880, 398.640, 4
1797, 1085.750, 398.640, 4
1798, 1106.620, 398.640, 4
1799, 1127.490, 398.640, 4
1800, 230.080, 407.140, 16
1801, 250.950, 407.140, 16
1802, 271.820, 407.140, 16
1803, 292.690, 407.140, 16
1804, 313.560, 407.140, 16
1805, 334.430, 407.140, 16
1806, 355.300, 407.140, 16
1807, 376.170, 407.140, 16
1808, 397.040, 407.140, 16
1809, 417.910, 407.140, 16
1810, 438.780, 407.140, 16
1811, 459.650, 407.140, 10
1812, 480.520, 407.140, 10
1813, 501.390, 407.140, 10
1814, 522.260, 407.140, 10
1815, 543.130, 407.140, 10
1816, 564.000, 407.140, 10
1817, 584.870, 407.140, 10
1818, 605.740, 407.140, 10
1819, 626.610, 407.140, 10
1820, 647.480, 407.140, 10
1821, 668.350, 407.140, 19
1822, 689.220, 407.140, 19
1823, 710.090, 407.140, 19
1824, 730.960, 407.140, 19
1825, 751.830, 407.140, 19
1826, 772.700, 407.140, 19
1827, 793.570, 407.140, 19
1828, 814.440, 407.140, 19
1829, 835.310, 407.140, 19
1830, 856.180, 407.140, 19
1831, 877.050, 407.140, 4
1832, 897.920, 407.140, 4
1833, 918.790, 407.140, 4
1834, 939.660, 407.140, 4
1835, 960.530, 407.140, 4
1836, 981.400, 407.140, 4
1837, 1002.270, 407.140, 4
1838, 1023.140, 407.140, 4
1839, 1044.010, 407.140, 4
1840, 1064.880, 407.140, 4
1841, 1085.750, 407.140, 4
1842, 1106.620, 407.140, 4
1843, 230.080, 415.640, 16
1844, 250.950, 415.640, 16
1845, 271.820, 415.640, 16
1846, 292.690, 415.640, 16
1847, 313.560, 415.640, 16
1848, 334.430, 415.640, 16
1849, 355.300, 415.640, 16
1850, 376.170, 415.640, 16
1851, 397.040, 415.640, 16
1852, 417.910, 415.640, 16
1853, 438.780, 415.640, 16
1854, 459.650, 415.640, 10
1855, 480.520, 415.640, 10
1856, 501.390, 415.640, 10
1857, 522.260, 415.640, 10
1858, 543.130, 415.640, 10
1859, 564.000, 415.640, 10
1860, 584.870, 415.640, 10
1861, 605.740, 415.640, 10
1862, 626.610, 415.640, 10
1863, 647.480, 415.640, 10
1864, 668.350, 415.640, 19
1865, 689.220, 415.640, 19
1866, 710.090, 415.640, 19
1867, 730.960, 415.640, 19
1868, 751.830, 415.640, 19
1869, 772.700, 415.640, 19
1870, 793.570, 415.640, 19
1871, 814.440, 415.640, 19
1872, 835.310, 415.640, 19
1873, 856.180, 415.640, 19
1874, 877.050, 415.640, 4
1875, 897.920, 415.640, 4
1876, 918.790, 415.640, 4
1877, 939.660, 415.640, 4
1878, 960.530, 415.640, 4
1879, 981.400, 415.640, 4
1880, 1002.270, 415.640, 4
1881, 1023.140, 415.640, 4
1882, 1044.010, 415.640, 4
1883, 1064.880, 415.640, 4
1884, 1085.750, 415.640, 4
1885, 1106.620, 415.640, 4
1886, 230.080, 424.140, 16
1887, 250.950, 424.140, 16
1888, 271.820, 424.140, 16
1889, 292.690, 424.140, 16
1890, 313.560, 424.140, 16
1891, 334.430, 424.140, 16
1892, 355.300, 424.140, 16
1893, 376.170, 424.140, 16
1894, 397.040, 424.140, 16
1895, 417.910, 424.140, 16
1896, 438.780, 424.140, 16
1897, 459.650, 424.140, 10
1898, 480.520, 424.140, 10
1899, 501.390, 424.140, 10
1900, 522.260, 424.140, 10
1901, 543.130, 424.140, 10
1902, 564.000, 424.140, 10
1903, 584.870, 424.140, 10
1904, 605.740, 424.140, 10
1905, 626.610, 424.140, 10
1906, 647.480, 424.140, 10
1907, 668.350, 424.140, 19
1908, 689.220, 424.140, 19
1909, 710.090, 424.140, 19
1910, 730.960, 424.140, 19
1911, 751.830, 424.140, 19
1912, 772.700, 424.140, 19
1913, 793.570, 424.140, 19
1914, 814.440, 424.140, 19
1915, 835.310, 424.140, 19
1916, 856.180, 424.140, 19
1917, 877.050, 424.140, 4
1918, 897.920, 424.140, 4
1919, 918.790, 424.140, 4
1920, 939.660, 424.140, 4
1921, 960.530, 424.140, 4
1922, 981.400, 424.140, 4
1923, 1002.270, 424.140, 4
1924, 1023.140, 424.140, 4
1925, 1044.010, 424.140, 4
1926, 1064.880, 424.140, 4
1927, 1085.750, 424.140, 4
1928, 230.080, 432.640, 16
1929, 250.950, 432.640, 16
1930, 271.820, 432.640, 16
1931, 292.690, 432.640, 16
1932, 313.560, 432.640, 16
1933, 334.430, 432.640, 16
1934, 355.300, 432.640, 16
1935, 376.170, 432.640, 16
1936, 397.040, 432.640, 16
1937, 417.910, 432.640, 16
1938, 438.780, 432.640, 16
1939, 459.650, 432.640, 10
1940, 480.520, 432.640, 10
1941, 501.390, 432.640, 10
1942, 522.260, 432.640, 10
1943, 543.130, 432.640, 10
1944, 564.000, 432.640, 10
1945, 584.870, 432.640, 10
1946, 605.740, 432.640, 10
1947, 626.610, 432.640, 10
1948, 647.480, 432.640, 10
1949, 668.350, 432.640, 19
1950, 689.220, 432.640, 19
1951, 710.090, 432.640, 19
1952, 730.960, 432.640, 19
1953, 751.830, 432.640, 19
1954, 772.700, 432.640, 19
1955, 793.570, 432.640, 19
1956, 814.440, 432.640, 19
1957, 835.310, 432.640, 19
1958, 856.180, 432.640, 19
1959, 877.050, 432.640, 4
1960, 897.920, 432.640, 4
1961, 918.790, 432.640, 4
1962, 939.660, 432.640, 4
1963, 960.530, 432.640, 4
1964, 981.400, 432.640, 4
1965, 1002.270, 432.640, 4
1966, 1023.140, 432.640, 4
1967, 1044.010, 432.640, 4
1968, 1064.880, 432.640, 4
1969, 1085.750, 432.640, 4
1970, 230.080, 441.140, 16
1971, 250.950, 441.140, 16
1972, 271.820, 441.140, 16
1973, 292.690, 441.140, 16
1974, 313.560, 441.140, 16
1975, 334.430, 441.140, 16
1976, 355.300, 441.140, 16
1977, 376.170, 441.140, 16
1978, 397.040, 441.140, 16
1979, 417.910, 441.140, 16
1980, 438.780, 441.140, 16
1981, 459.650, 441.140, 10
1982, 480.520, 441.140, 10
1983, 501.390, 441.140, 10
1984, 522.260, 441.140, 10
1985, 543.130, 441.140, 10
1986, 564.000, 441.140, 10
1987, 584.870, 441.140, 10
1988, 605.740, 441.140, 10
1989, 626.610, 441.140, 10
1990, 647.480, 441.140, 10
1991, 668.350, 441.140, 19
1992, 689.220, 441.140, 19
1993, 710.090, 441.140, 19
1994, 730.960, 441.140, 19
1995, 751.830, 441.140, 19
1996, 772.700, 441.140, 19
1997, 793.570, 441.140, 19
1998, 814.440, 441.140, 19
1999, 835.310, 441.140, 19
2000, 856.180, 441.140, 19
2001, 877.050, 441.140, 4
2002, 897.920, 441.140, 4
2003, 918.790, 441.140, 4
2004, 939.660, 441.140, 4
2005, 960.530, 441.140, 4
2006, 981.400, 441.140, 4
2007, 1002.270, 441.140, 4
2008, 1023.140, 441.140, 4
2009, 1044.010, 441.140, 4
2010, 1064.880, 441.140, 4
2011, 230.080, 449.640, 16
2012, 250.950, 449.640, 16
2013, 271.820, 449.640, 16
2014, 292.690, 449.640, 16
2015, 313.560, 449.640, 16
2016, 334.430, 449.640, 16
2017, 355.300, 449.640, 16
2018, 376.170, 449.640, 16
2019, 397.040, 449.640, 16
2020, 417.910, 449.640, 16
2021, 438.780, 449.640, 16
2022, 459.650, 449.640, 10
2023, 480.520, 449.640, 10
2024, 501.390, 449.640, 10
2025, 522.260, 449.640, 10
2026, 543.130, 449.640, 10
2027, 564.000, 449.640, 10
2028, 584.870, 449.640, 10
2029, 605.740, 449.640, 10
2030, 626.610, 449.640, 10
2031, 647.480, 449.640, 10
2032, 668.350, 449.640, 19
2033, 689.220, 449.640, 19
2034, 710.090, 449.640, 19
2035, 730.960, 449.640, 19
2036, 751.830, 449.640, 19
2037, 772.700, 449.640, 19
2038, 793.570, 449.640, 19
2039, 814.440, 449.640, 19
2040, 835.310, 449.640, 19
2041, 856.180, 449.640, 19
2042, 877.050, 449.640, 4
2043, 897.920, 449.640, 4
2044, 918.790, 449.640, 4
2045, 939.660, 449.640, 4
2046, 960.530, 449.640, 4
2047, 981.400, 449.640, 4
2048, 1002.270, 449.640, 4
2049, 1023.140, 449.640, 4
2050, 1044.010, 449.640, 4
2051, 1064.880, 449.640, 4
2052, 230.080, 458.140, 16
2053, 250.950, 458.140, 16
2054, 271.820, 458.140, 16
2055, 292.690, 458.140, 16
2056, 313.560, 458.140, 16
2057, 334.430, 458.140, 16
2058, 355.300, 458.140, 16
2059, 376.170, 458.140, 16
2060, 397.040, 458.140, 16
2061, 417.910, 458.140, 16
2062, 438.780, 458.140, 16
2063, 459.650, 458.140, 10
2064, 480.520, 458.140, 10
2065, 501.390, 458.140, 10
2066, 522.260, 458.140, 10
2067, 543.130, 458.140, 10
2068, 564.000, 458.140, 10
2069, 584.870, 458.140, 10
2070, 605.740, 458.140, 10
2071, 626.610, 458.140, 10
2072, 647.480, 458.140, 10
2073, 668.350, 458.140, 19
2074, 689.220, 458.140, 19
2075, 710.090, 458.140, 19
2076, 730.960, 458.140, 19
2077, 751.830, 458.140, 19
2078, 772.700, 458.140, 19
2079, 793.570, 458.140, 19
2080, 814.440, 458.140, 19
2081, 835.310, 458.140, 19
2082, 856.180, 458.140, 19
2083, 877.050, 458.140, 4
2084, 897.920, 458.140, 4
2085, 918.790, 458.140, 4
2086, 939.660, 458.140, 4
2087, 960.530, 458.140, 4
2088, 981.400, 458.140, 4
2089, 1002.270, 458.140, 4
2090, 1023.140, 458.140, 4
2091, 1044.010, 458.140, 4
2092, 230.080, 466.640, 16
2093, 250.950, 466.640, 16
2094, 271.820, 466.640, 16
2095, 292.690, 466.640, 16
2096, 313.560, 466.640, 16
2097, 334.430, 466.640, 16
2098, 355.300, 466.640, 16
2099, 376.170, 466.640, 16
2100, 397.040, 466.640, 16
2101, 417.910, 466.640, 16
2102, 438.780, 466.640, 16
2103, 459.650, 466.640, 10
2104, 480.520, 466.640, 10
2105, 501.390, 466.640, 10
2106, 522.260, 466.640, 10
2107, 543.130, 466.640, 10
2108, 564.000, 466.640, 10
2109, 584.870, 466.640, 10
2110, 605.740, 466.640, 10
2111, 626.610, 466.640, 10
2112, 647.480, 466.640, 10
2113, 668.350, 466.640, 19
2114, 689.220, 466.640, 19
2115, 710.090, 466.640, 19
2116, 730.960, 466.640, 19
2117, 751.830, 466.640, 19
2118, 772.700, 466.640, 19
2119, 793.570, 466.640, 19
2120, 814.440, 466.640, 19
2121, 835.310, 466.640, 19
2122, 856.180, 466.640, 19
2123, 877.050, 466.640, 4
2124, 897.920, 466.640, 4
2125, 918.790, 466.640, 4
2126, 939.660, 466.640, 4
2127, 960.530, 466.640, 4
2128, 981.400, 466.640, 4
2129, 1002.270, 466.640, 4
2130, 1023.140, 466.640, 4
2131, 1044.010, 466.640, 4
2132, 230.080, 475.140, 16
2133, 250.950, 475.140, 16
2134, 271.820, 475.140, 16
2135, 292.690, 475.140, 16
2136, 313.560, 475.140, 16
2137, 334.430, 475.140, 16
2138, 355.300, 475.140, 16
2139, 376.170, 475.140, 16
2140, 397.040, 475.140, 16
2141, 417.910, 475.140, 16
2142, 438.780, 475.140, 16
2143, 459.650, 475.140, 10
2144, 480.520, 475.140, 10
2145, 501.390, 475.140, 10
2146, 522.260, 475.140, 10
2147, 543.130, 475.140, 10
2148, 564.000, 475.140, 10
2149, 584.870, 475.140, 10
2150, 605.740, 475.140, 10
2151, 626.610, 475.140, 10
2152, 647.480, 475.140, 10
2153, 668.350, 475.140, 19
2154, 689.220, 475.140, 19
2155, 710.090, 475.140, 19
2156, 730.960, 475.140, 19
2157, 751.830, 475.140, 19
2158, 772.700, 475.140, 19
2159, 793.570, 475.140, 19
2160, 814.440, 475.140, 19
2161, 835.310, 475.140, 19
2162, 250.950, 483.640, 16
2163, 271.820, 483.640, 16
2164, 292.690, 483.640, 16
2165, 313.560, 483.640, 16
2166, 334.430, 483.640, 16
2167, 355.300, 483.640, 16
2168, 376.170, 483.640, 16
2169, 397.040, 483.640, 16
2170, 417.910, 483.640, 16
2171, 438.780, 483.640, 16
2172, 459.650, 483.640, 10
2173, 480.520, 483.640, 10
2174, 501.390, 483.640, 10
2175, 522.260, 483.640, 10
2176, 543.130, 483.640, 10
2177, 564.000, 483.640, 10
2178, 584.870, 483.640, 10
2179, 605.740, 483.640, 10
2180, 626.610, 483.640, 10
